time,temperature,precipitation,wind_speed,wind_direction,humidity,pressure
1980010100,5.4,0,3.7,346.4,95,1027.5
1980010106,5.2,0,2.2,343.3,88.5,1028
1980010112,7.4,0,2.5,7.9,72.5,1025.1
1980010118,8.3,0,2.9,6.6,64,1025.7
1980010200,8.7,0,3.2,0,65.5,1023
1980010206,9.1,0,2,0,78,1020.4
1980010212,9.7,0,0.7,240,87.5,1016.4
1980010218,9.4,0,0.2,353.4,85.5,1016.4
1980010300,8.4,0,0.4,340.6,95.5,1016
1980010306,8.8,0,0.8,356.8,94.5,1016
1980010312,9.6,0,2.3,349.7,90.5,1014.1
1980010318,7.9,0,3.6,340,75,1016.6
1980010400,5.9,0,0.8,15,70.5,1018
1980010406,5.2,0,2.1,340,67,1017.7
1980010412,7.1,0,3.2,336.7,43.5,1014.9
1980010418,3.8,0,5.8,333.4,39.5,1017.3
1980010500,-1.4,0,6.2,323.3,37,1020.2
1980010506,-3.7,0,2,336.7,39.5,1024.2
1980010512,4.1,0,3.1,340,26.5,1021.1
1980010518,-0.2,0,0.7,350,31.5,1021.5
1980010600,-4.3,0,0.2,356.7,47,1021.2
1980010606,-3.5,0,0.2,350,64.5,1020.7
1980010612,4.8,0,2.2,187.7,52,1015.8
1980010618,4.6,0,2.4,188.6,60,1014.9
1980010700,-1.3,0,4.8,38.7,58,1021.5
1980010706,-5.8,0,4.2,348.8,39,1027.3
1980010712,-2.7,0,3.8,321.5,31.5,1026.9
1980010718,-4.6,0,0.2,350,37.5,1031
1980010800,-7.2,0,0.2,27.5,53.5,1031
1980010806,-6.8,0,0.3,25,63.5,1030.3
1980010812,4.7,0,0.5,140,39,1027.7
1980010818,1.6,0,0.1,0,49.5,1027.3
1980010900,-0.5,0,0.1,27.5,70.5,1023.8
1980010906,0.1,0,0.2,8.6,73,1022.3
1980010912,6.1,0,0.1,7.5,55,1017.1
1980010918,4,0,0.4,33.8,74,1016.3
1980011000,1.8,0,1.4,319.8,70.5,1016
1980011006,0.1,0,2,344.8,64.5,1017.5
1980011012,4.2,0,3.2,313.5,38.5,1017
1980011018,-1,0,1.1,320,34,1021.2
1980011100,-5.1,0,3.3,326.4,45,1024.3
1980011106,-6.1,0,3.7,333.1,51,1027.4
1980011112,2.2,0,1.5,342.5,31,1025.1
1980011118,-1.2,0,0.1,0,37,1026.9
1980011200,-6.1,0,0.2,346.9,53.5,1025.2
1980011206,-5.7,0,0.4,328,60,1023.4
1980011212,2.1,0,0.6,326.4,43.5,1019
1980011218,3.4,0,0.7,326.4,50,1018.9
1980011300,1.4,0,2.5,305,65.5,1017.6
1980011306,0.8,0,4.9,315.1,58.5,1017.3
1980011312,5.3,0,3.7,303.8,43,1014.2
1980011318,1.5,0,2,320,44,1016.7
1980011400,-1.9,0,3.9,320,49,1018.3
1980011406,-2.6,0,3.4,302.9,49,1020.4
1980011412,3.2,0,1.3,253.1,37.5,1015.5
1980011418,1.5,0,0.8,230,46.5,1018.1
1980011500,-2.7,0,0.7,295,51.5,1020.3
1980011506,-3.1,0,0.4,330.6,58.5,1021.9
1980011512,3.1,0,2.5,230,43.5,1017.2
1980011518,1.5,0,0.6,295,49,1018.4
1980011600,0.1,0,1.5,16.2,54.5,1019.9
1980011606,-1.9,0,0.9,42.3,47.5,1023.4
1980011612,3.6,0,2.4,190,31,1020.6
1980011618,2,0,1,292.5,44,1019.8
1980011700,2,0,4.1,320.3,58.5,1017.1
1980011706,-2.8,0,5.3,320,58,1018.9
1980011712,-3.4,0,6.5,320,39.5,1022.1
1980011718,-8.2,0,3.2,323.3,37,1029
1980011800,-10.8,0,1.4,3.4,47.5,1031
1980011806,-10.3,0,1.8,346.4,47.5,1033.5
1980011812,0.8,0,2.4,25.5,33,1030.4
1980011818,-1.5,0,0.9,308.5,36.5,1031.8
1980011900,-5.5,0,0.6,25,51.5,1030.6
1980011906,-3.6,0,1.2,14.7,54.5,1028.3
1980011912,2,0,3.1,318.9,45,1023.7
1980011918,0.5,0,0.7,21.9,54.5,1022.7
1980012000,-4.3,0,0.2,1.3,79.5,1021.6
1980012006,-2.1,0,1.8,332,72.5,1020
1980012012,1.9,0,5.2,320,34.5,1017.9
1980012018,-1.5,0,0.7,340,40,1018.9
1980012100,-3.6,0,1,333.1,64.5,1017.1
1980012106,-3.1,0,5.4,320,55,1018.4
1980012112,0.4,0,5.1,295,33.5,1016.4
1980012118,-2.3,0,3.5,302.9,41.5,1019.3
1980012200,-4.9,0,4.2,289.7,51.5,1020.6
1980012206,-6.4,0,5.7,312.3,53.5,1022.7
1980012212,-0.5,0,4.6,320,39,1020
1980012218,-1.7,0,1.4,326.4,34,1021.6
1980012300,-5.1,0,0.7,326.4,45,1021.1
1980012306,-4.6,0,1.1,320,48.5,1021.3
1980012312,5.5,0,2.7,185,39,1018.3
1980012318,3.5,0,0.2,350,54.5,1019.8
1980012400,-2.3,0,0.1,346.9,87,1021
1980012406,-3,0,1.2,333.2,81.5,1023.4
1980012412,7.9,0,3.1,329.8,24.5,1020.4
1980012418,3.8,0,2.5,353.6,24,1023.7
1980012500,-1.4,0,0.9,353.6,41,1023.5
1980012506,-3.1,0,0.6,335.5,58.5,1024
1980012512,7.9,0,1,58,29.5,1020.2
1980012518,3.8,0,0.7,63.4,45.5,1022.9
1980012600,-1.9,0,0.2,45,60,1023.3
1980012606,-3.4,0,0.1,26.6,70.5,1025.1
1980012612,9.5,0,1,96.9,51,1021.6
1980012618,6.7,0,0.1,11.4,64.5,1021
1980012700,4.6,0,0.1,11.4,76.5,1019.9
1980012706,4.5,0,0,0,79,1019.4
1980012712,13.2,0,1.2,125,63.5,1015.4
1980012718,11.5,0,0,0,87,1016.6
1980012800,7.9,0,0.2,11.4,95.5,1015.9
1980012806,8,0,0.6,14.5,87,1015
1980012812,12,0,3.7,50,65,1012.2
1980012818,9.1,0,3.7,50,84,1014.1
1980012900,7.4,0,3.7,50,89,1014
1980012906,5.9,0,4,50,90.5,1014
1980012912,6.1,0,3.4,50,93,1010
1980012918,5.1,0,3.1,50,93,1009.7
1980013000,3.8,0,2.2,20.2,92.5,1007
1980013006,2.1,0,6.4,24.9,74.5,1007.3
1980013012,-3.5,0,7.3,336.1,40,1008.4
1980013018,-7,0,3.5,326.6,31.5,1013.8
1980013100,-8.2,0,3,326.6,40.5,1014.5
1980013106,-8.2,0,4.9,301.8,42.5,1015.5
1980013112,-4.3,0,6.3,286.9,35,1014.6
1980013118,-4.4,0,2.4,270,41,1016.4
1980020100,-5.9,0,2.5,270,45.5,1017.3
1980020106,-6.1,0,1.9,263.4,52,1019.3
1980020112,-1.4,0,5.2,283.1,36.5,1018.9
1980020118,-2,0,1.3,270,37.5,1021.1
1980020200,-5.1,0,0.8,281.3,61.5,1022
1980020206,-5.4,0,0.9,292.8,79.5,1023.1
1980020212,1.6,0,3.9,270.9,43.5,1020.8
1980020218,0.5,0,1.9,250,38.5,1022.1
1980020300,-2.7,0,0.5,279.5,53.5,1021.2
1980020306,-3.9,0,1.1,305,67.5,1020.4
1980020312,3,0,5.2,260.7,37,1017.5
1980020318,-0.1,0,1.6,230,38.5,1019.1
1980020400,-3,0,1,252.9,49,1020.8
1980020406,-4.8,0,1.5,310.9,63.5,1022.7
1980020412,-0.9,0,4,333.1,41,1020.2
1980020418,-3.9,0,3,320,36,1021.2
1980020500,-6.9,0,1.7,346.9,49.5,1021.3
1980020506,-8.1,0,1,0,63,1021.2
1980020512,-4.4,0,5.7,312.3,47.5,1021.5
1980020518,-5,0,2.1,326.6,31.5,1025
1980020600,-7.2,0,1.8,353.4,44,1026.6
1980020606,-7.8,0,2.2,346.9,56.5,1028
1980020612,-0.8,0,4,321.8,39,1024.7
1980020618,-4.1,0,5.8,323.3,40,1028.6
1980020700,-7.8,0,7.2,320,45,1028.7
1980020706,-8.3,0,4.4,343.4,45.5,1029.2
1980020712,-1.4,0,4.1,313.8,33,1025
1980020718,-4.2,0,3.2,330,36,1026.7
1980020800,-7.2,0,4.9,320,48,1026.9
1980020806,-7.2,0,5.6,353.6,50,1025.6
1980020812,-1.6,0,5.4,326.4,38,1022.6
1980020818,-3.9,0,4.5,320,38,1024.3
1980020900,-7.2,0,6.3,320,48,1023.5
1980020906,-6.4,0,4.7,320,50.5,1024.3
1980020912,0.2,0,4.7,333.1,35.5,1022.1
1980020918,-1.8,0,2.7,320,39.5,1024.8
1980021000,-3.8,0,4.3,320,53.5,1026
1980021006,-3.2,0,3.4,333.1,56,1028
1980021012,4.5,0,2.4,16.2,44,1023.1
1980021018,2.3,0,2.5,320,48,1024.7
1980021100,-0.5,0,1.7,326.4,57,1025.1
1980021106,-1.2,0,0.8,340,62,1026
1980021112,5.4,0,4,310,36,1022.4
1980021118,2.8,0,1.9,320,38,1024.6
1980021200,0.2,0,2.4,346.9,55,1024.7
1980021206,-1.3,0,1,340,51,1025.7
1980021212,5.7,0,3.5,323.3,27.5,1021.3
1980021218,2.6,0,4.5,320,31.5,1024.7
1980021300,-2.3,0,4.7,346.9,43.5,1026.7
1980021306,-3,0,3.1,288.7,43,1028.7
1980021312,3.8,0,6.3,312.3,28,1026.6
1980021318,0.6,0,3.4,341.3,28,1029.6
1980021400,-3.2,0,3.5,0,31.5,1030.3
1980021406,-2.9,0,1.1,356.7,45,1030.6
1980021412,3.4,0,3.2,263.9,44.5,1026
1980021418,0.5,0,4.6,340,47.5,1026.9
1980021500,-3.3,0,4.9,320,50.5,1027.9
1980021506,-2.9,0,3.2,326.6,56,1030
1980021512,2.7,0,4.4,309.5,34.5,1027.5
1980021518,0.4,0,2.8,320,29,1029
1980021600,-1.8,0,3.5,326.4,49.5,1030.6
1980021606,-2.5,0,1.9,333.6,49.5,1033
1980021612,4.5,0,1.7,148.9,31.5,1029.6
1980021618,1.2,0,0.8,90,49,1031.3
1980021700,-0.6,0,4.5,346.9,39,1032.2
1980021706,-1.6,0,3.3,5,41.5,1034.1
1980021712,5.9,0,2.2,103.3,32,1031.7
1980021718,2.1,0,0.5,97.1,50.5,1032.6
1980021800,-3.6,0,0.1,8.6,76.5,1030.7
1980021806,-3.3,0,0.1,11.4,81,1028.3
1980021812,7.4,0,1.3,117.5,58,1022.3
1980021818,4.7,0,0.8,131.4,89,1020.2
1980021900,2.7,0,0.7,0,91,1017.5
1980021906,2.2,0,3.5,323.3,80,1020
1980021912,7.9,0,4.6,296.6,45.5,1019.1
1980021918,4.9,0,1.4,333.2,47,1021.7
1980022000,0.8,0,0.8,346.6,66,1024
1980022006,0.8,0,0.6,343.4,64.5,1025.7
1980022012,10.9,0,1.8,228.3,32,1022.6
1980022018,8.1,0,1.5,334.7,39.5,1025.2
1980022100,2.7,0,2,0,45,1026
1980022106,1.4,0,1.2,329.8,51,1027.8
1980022112,8.2,0,2.1,52.3,48.5,1025.3
1980022118,4.9,0,2,21.6,64,1027.8
1980022200,0.5,0,0.4,10,88,1027.3
1980022206,-0.6,0,0.5,324.1,92,1028.2
1980022212,9.3,0,1.6,132.3,53.5,1024.6
1980022218,5.9,0,0.6,65,68.5,1026.3
1980022300,1.6,0,2.1,343.3,48.5,1026.3
1980022306,2.3,0,1.6,336.6,61,1026.4
1980022312,10.5,0,1.9,60,42,1022.7
1980022318,7.1,0,0.5,58.1,59.5,1023.7
1980022400,1.5,0,0.4,25,77.5,1023.1
1980022406,1.6,0,0.6,33.8,76,1024
1980022412,13,0,3.3,312.1,41,1020.8
1980022418,10.9,0,2.3,326.4,46,1023.8
1980022500,4.5,0,1.4,0,74,1025.2
1980022506,1.8,0,0.2,0,90.5,1026.6
1980022512,8.1,0,1.1,112.5,65.5,1022.1
1980022518,7.4,0,0.5,131.4,60.5,1019.9
1980022600,4.1,0,0.2,70,78.5,1017
1980022606,4.9,0,0.3,27.5,92,1012.2
1980022612,9.7,0,1,246.1,75.5,1005.7
1980022618,10.1,0,1.8,16.2,54.5,1007.1
1980022700,5.8,0,2.8,50,64,1008.6
1980022706,4.5,0,3.8,50,68,1009.7
1980022712,8.4,0,2.2,35,64.5,1008.2
1980022718,5.8,0,1.5,23.4,81.5,1009
1980022800,2.8,0,3.8,320,37.5,1009.6
1980022806,2.3,0,5.1,320,44.5,1012.7
1980022812,9.9,0,4.7,294.9,30,1011.8
1980022818,7.9,0,1.5,315.1,34,1015.7
1980022900,0,0,0.3,295,70.5,1016.2
1980022906,0.1,0,0.3,240,72.5,1017.1
1980022912,12.2,0,5.9,191.2,42.5,1012.8
1980022918,11.1,0,1.1,190,64,1009.6
1980030100,8.1,0,2,0,93.5,1005
1980030106,6.8,0,3.3,180,80.5,1007.7
1980030112,7.8,0,3.6,42.6,57,1010.6
1980030118,5.2,0,0.5,25,65.5,1014.2
1980030200,1.5,0,2.8,346.6,60,1017.3
1980030206,1,0,0.8,5.7,53.5,1019.7
1980030212,9.8,0,1.9,130,40,1017.1
1980030218,6.7,0,0.6,70,59.5,1018.4
1980030300,1.8,0,0.4,27.5,80.5,1018.6
1980030306,3.1,0,0.7,2.8,64.5,1020.4
1980030312,12,0,1.7,131.4,34.5,1017.1
1980030318,9.1,0,0.4,73.4,51,1019
1980030400,4.9,0,2,350,60.5,1018.3
1980030406,6.7,0,4,3.4,56.5,1020.4
1980030412,7,0,4.1,35,67,1019
1980030418,5.4,0,2.5,20,68,1020.8
1980030500,4.1,0,2.4,20,70.5,1019.1
1980030506,5.2,0,2,29.9,68.5,1019.4
1980030512,8.3,0,2.7,50,58.5,1017.3
1980030518,6.2,0,0.7,42.3,64.5,1018.6
1980030600,1.5,0,0.2,25,90.5,1019.5
1980030606,0.8,0,0.3,7.7,89.5,1019.9
1980030612,11.4,0,2.5,140,55,1016.3
1980030618,9.1,0,0.7,131.4,63,1016.7
1980030700,7.2,0,0.7,333.1,79,1015.9
1980030706,6.6,0,0.2,295,91,1014.7
1980030712,11,0,3.1,313.7,58,1013.7
1980030718,8.9,0,2.1,320,71.5,1017.2
1980030800,6,0,1.2,320,84,1018.6
1980030806,3.8,0,0.7,326.4,90,1020.3
1980030812,11.4,0,4.4,38.7,59,1017.6
1980030818,9.4,0,3,50,69,1017.7
1980030900,9.4,0,4,50,79,1009.3
1980030906,9.9,0,6.7,50,95,1002
1980030912,9.2,0,5.3,7.7,89.5,999.8
1980030918,7.4,0,3.3,0,76,1009.1
1980031000,6.4,0,2.8,13.4,80.5,1015.3
1980031006,6.3,0,2,20,75.5,1019.9
1980031012,12,0,3.7,45,45,1017.9
1980031018,7.9,0,1.6,48.7,76,1020.8
1980031100,4.9,0,2.8,32.8,77,1020.8
1980031106,4.1,0,3.5,50,51.5,1021.7
1980031112,6.5,0,4,50,73.5,1020.3
1980031118,4.4,0,2.3,346.6,79.5,1022.6
1980031200,1.2,0,1.1,320,94,1023.5
1980031206,1.6,0,1,349.4,91,1025.3
1980031212,7,0,3.7,63.1,75.5,1023.1
1980031218,6.2,0,1.5,42.3,70.5,1024
1980031300,3.5,0,0.5,33.8,87,1023.5
1980031306,4.9,0,0.7,55.7,92.5,1023.7
1980031312,11.9,0,4.8,123.8,53,1019.4
1980031318,9,0,2.1,160,66.5,1018.4
1980031400,7.2,0,0.6,250,78,1015
1980031406,7.1,0,2.9,320,45.5,1015.7
1980031412,8.9,0,4.8,326.4,37.5,1013.8
1980031418,6.2,0,2.7,13.4,46.5,1017.6
1980031500,3.2,0,3.5,340,51,1019.9
1980031506,2.2,0,5.6,346.9,49,1022.6
1980031512,9.1,0,3.7,16.1,30.5,1020.8
1980031518,6.8,0,1,131.4,55,1021.3
1980031600,1.9,0,1.3,70,76,1021.9
1980031606,4.6,0,2.1,339,44.5,1023.9
1980031612,11.2,0,3.5,128.7,33,1020.7
1980031618,8.8,0,1,131.4,60.5,1020.8
1980031700,4.4,0,1,0,78.5,1020.8
1980031706,5.7,0,1,333.1,58,1021.6
1980031712,14.1,0,3.6,76.6,41,1018
1980031718,10.1,0,1.1,131.4,67,1020
1980031800,5.2,0,1.8,0,87,1022.7
1980031806,6.2,0,3.8,7.7,78.5,1025.9
1980031812,7.5,0,4.8,50,70,1024.4
1980031818,6.3,0,2.1,50,70,1025.6
1980031900,5.7,0,1,254.8,74.5,1025.6
1980031906,5.3,0,0.8,275.5,81.5,1026.1
1980031912,13.1,0,4.6,140,50.5,1022
1980031918,10.8,0,0.8,125.6,62.5,1022.3
1980032000,5.8,0,0.7,142.1,85,1022.1
1980032006,5.9,0,0.6,17.9,86,1023.5
1980032012,15.5,0,3.7,109.4,52.5,1019.1
1980032018,12.4,0,1,76.9,65.5,1020
1980032100,8.1,0,1.5,26.7,82.5,1020.7
1980032106,7.9,0,3,20,82.5,1023
1980032112,9.4,0,3.3,45.1,67,1020.6
1980032118,8.6,0,3.1,50,90,1021
1980032200,7.4,0,6.1,50,89.5,1017.5
1980032206,5.2,0,4.6,50,91,1014.9
1980032212,4.4,0,1.7,18.2,92.5,1012.6
1980032218,3.3,0,0.1,7.7,94.5,1016.6
1980032300,2.3,0,0.3,16.2,96,1017.7
1980032306,3.2,0,0.9,25,80,1021
1980032312,6.6,0,2,7.7,60,1020.8
1980032318,4.9,0,1.2,346.9,70,1022.4
1980032400,1.4,0,7.1,333.4,53.5,1022.7
1980032406,1.1,0,4.4,340,52.5,1026.4
1980032412,8.4,0,2.5,356.7,38,1024.6
1980032418,7.4,0,1,25,45.5,1025.5
1980032500,1.5,0,1.4,38.7,68.5,1025
1980032506,2,0,1.6,0,51.5,1025.6
1980032512,10,0,0.9,90.2,27,1020.8
1980032518,8.1,0,0.9,58.9,48.5,1021.7
1980032600,3.2,0,1.6,5,64,1022.1
1980032606,5.2,0,2.2,95,59.5,1022.1
1980032612,12.9,0,4.8,50,31.5,1019.9
1980032618,10.3,0,4.1,50,26,1022.3
1980032700,5.1,0,3.3,50,37.5,1024.8
1980032706,4.6,0,1.5,61.3,44.5,1027.8
1980032712,13.4,0,3.6,140,36,1025.7
1980032718,9.6,0,1.1,2.1,58.5,1027.5
1980032800,3.5,0,0.3,25,88.5,1026.4
1980032806,4.4,0,0.6,321.6,84,1026.3
1980032812,16,0,3.8,270,37,1022.1
1980032818,12,0,0.4,351.9,46.5,1021.3
1980032900,9,0,0.2,20,71.5,1018.6
1980032906,8.6,0,2.2,140,91,1015.8
1980032912,9.4,0,4.7,140,93,1011.1
1980032918,9.5,0,3.2,140,86.5,1013.4
1980033000,7.4,0,2.5,326.4,89,1015.7
1980033006,7.8,0,0.8,317.9,72,1018.3
1980033012,18.4,0,3.5,127.9,37.5,1016.6
1980033018,13.4,0,1.3,70.1,78,1017
1980033100,9.8,0,0.9,42.3,86,1017.6
1980033106,10.9,0,0.8,284.3,86,1016.7
1980033112,13.2,0,1.9,76.6,85,1012.8
1980033118,9.3,0,1.9,340,94,1014.5
1980040100,8.6,0,1.4,323.3,88.5,1015.7
1980040106,9.1,0,2.7,326.6,56,1018.7
1980040112,12.9,0,3.3,262.1,37.5,1016.6
1980040118,10.1,0,1.5,160,55.5,1019.9
1980040200,5.1,0,0.1,4.8,56,1021.2
1980040206,6.6,0,2.5,305,44,1024.8
1980040212,11.9,0,4.4,230,30,1023.9
1980040218,9.6,0,2,240,48,1025.2
1980040300,3.2,0,0.5,340,87,1026.9
1980040306,4.4,0,1.5,222.9,80,1027.8
1980040312,15.5,0,5.4,163.3,49.5,1024.8
1980040318,12.9,0,1.8,240,51.5,1025.1
1980040400,9.5,0,1.2,301.6,62,1024.7
1980040406,11.6,0,2,127.9,76,1026
1980040412,20.1,0,4.7,143.3,61,1023.3
1980040418,18.2,0,2.8,207.2,66,1023.9
1980040500,14,0,1.8,109.4,87.5,1022.6
1980040506,15.7,0.1,4.1,220,74.5,1018.6
1980040512,16.5,37,6.3,230,85,1013.4
1980040518,16.8,30.9,6.7,230,94,1008.2
1980040600,19.5,6.4,7.4,220,86,1004
1980040606,17.2,11.5,5,92.5,86.5,1004.6
1980040612,8.4,1.7,2.6,20,91,1010.7
1980040618,7,0.7,2.2,20,91.5,1018
1980040700,6.5,0,1.8,20,91,1020.2
1980040706,7.2,0,1.2,345.6,87.5,1022.4
1980040712,12.6,0,3.3,140,63,1019.8
1980040718,10.1,0,1.4,93.9,71.5,1019.9
1980040800,6.8,0,0.2,0,91.5,1017.1
1980040806,7.8,0,0.8,248.7,86.5,1015.8
1980040812,18.1,0,3.9,153.5,57.5,1011.8
1980040818,17.4,0,1.8,27.4,63.5,1012.8
1980040900,14.4,0,1.3,20,69.5,1011.9
1980040906,12.4,0,4.7,20,69,1015.7
1980040912,13,0,6.3,45.1,62,1017
1980040918,9.4,0,4.6,50,69.5,1020.7
1980041000,8.4,0,2.6,50,67.5,1022.7
1980041006,8.9,0,4.5,50,61,1025.2
1980041012,11.9,0,4.7,50,53,1023.8
1980041018,9.1,0,1.8,49.2,66.5,1025
1980041100,4.6,0,0.4,44.2,91.5,1021.9
1980041106,5.8,0,0.5,20,87.5,1021.9
1980041112,18.4,0,4.3,153.1,57.5,1019.1
1980041118,15.6,0,1.5,100.1,75,1019.5
1980041200,13.1,0,0.3,295,79.5,1017.2
1980041206,13.3,8.2,2.7,87.1,92.5,1017.1
1980041212,11.5,7.8,4.4,36,91,1015
1980041218,10.9,4.8,2.5,353.4,91.5,1014.1
1980041300,9.1,1.3,2.4,333.1,91,1010.9
1980041306,8.9,0.2,2.3,326.6,91,1009.8
1980041312,10.8,0,2.2,23.3,85.5,1006.5
1980041318,9.3,0.1,2.6,357,89,1010.2
1980041400,7.9,4.5,3.3,320,92,1010.5
1980041406,5.7,2,4.1,13.1,89.5,1013.4
1980041412,7.4,0,5.4,13.4,65.5,1014.4
1980041418,6.6,0,3.7,0,62.5,1017
1980041500,5.1,0,2.9,333.1,66.5,1017
1980041506,5.7,0,3.9,340,63.5,1018.1
1980041512,9.4,0,4.8,66.7,51,1017
1980041518,7.3,0,1.7,6.6,56,1019.5
1980041600,5.9,0,1.2,266.4,66,1017.7
1980041606,5.6,0,1.2,257.8,74,1016.6
1980041612,8.4,0.1,2,7.7,75.5,1012.3
1980041618,6.7,0,1.7,310.1,83,1014.6
1980041700,5.1,0,1.2,333.2,91.5,1014
1980041706,6.8,0,3.3,14.7,81.5,1016.3
1980041712,11.2,0,2.9,87.9,59,1016
1980041718,9.8,0,1.7,250,69.5,1017.9
1980041800,5.7,0,0.4,305,91.5,1018
1980041806,6.4,0,2,272.1,90.5,1019.7
1980041812,15.7,0,5.3,176.6,56,1017.1
1980041818,16.1,0,4.7,203.2,69.5,1017.1
1980041900,17.4,0,7.1,222.3,70,1015.8
1980041906,18.2,0,8.4,204.9,67,1015.7
1980041912,20.5,0,10.1,200,64,1011.1
1980041918,18.4,7.2,6.7,200,83,1009.6
1980042000,13.7,13.7,5.1,88.1,91.5,1010.4
1980042006,10.9,0,1.1,225,76.5,1013.6
1980042012,19.9,0,5.8,273.4,25,1007.7
1980042018,16.7,0,4.7,303.8,25,1010.6
1980042100,10,0,2.5,320,29.5,1012.7
1980042106,9.4,0,5,307.1,30,1014.1
1980042112,16,0,3.4,244.8,32.5,1010.5
1980042118,16.4,0,2.9,286.9,35,1012
1980042200,11.8,0,3.9,329.8,34,1013.4
1980042206,10.1,0,3.5,0.2,38,1015.1
1980042212,16.5,0,4.7,139.1,32,1013.1
1980042218,12.9,0,2.3,206.5,60.5,1012.6
1980042300,9.2,0,1.2,2.9,71.5,1013.3
1980042306,9.6,0,5.3,298.5,45,1016.3
1980042312,15.6,0,6.4,323.3,30,1014.5
1980042318,13.5,0,3.1,326.6,30,1016.6
1980042400,7.9,0,2.8,330,41.5,1018.9
1980042406,8.6,0,2.3,348.1,48,1019.8
1980042412,14.6,0,3.8,136.9,37,1017.6
1980042418,13.2,0,2.7,310.6,53.5,1019.5
1980042500,9.9,0,3.1,320,44,1020.8
1980042506,10.4,0,2.3,8,44,1022.4
1980042512,15.6,0,5.2,81.3,38.5,1021.2
1980042518,12.9,0,1.8,218.1,59,1022.3
1980042600,7.4,0,0.7,330.7,83,1023.5
1980042606,11.5,0,3.8,336.4,47.5,1024
1980042612,18.8,0,4.9,150,30,1021.9
1980042618,14.6,0,1.1,70,52.5,1022.1
1980042700,11.6,0,0.6,48.1,75,1018.9
1980042706,11.4,13.1,2.5,48.1,91.5,1013.3
1980042712,11.4,24.5,4.7,60,95,1006.1
1980042718,10.3,0,2.3,42.3,86,1013.1
1980042800,9.6,0,0.5,312.6,86.5,1015.9
1980042806,9.9,0,1,140,87,1017.3
1980042812,15.5,0,3.5,140,67,1015.8
1980042818,13.6,0,1,112.5,77,1017.2
1980042900,9.1,0,0.4,112.5,93.5,1017.6
1980042906,9.4,0,1.3,112.5,95.5,1017.2
1980042912,18.4,0,5.1,140,57,1015
1980042918,15.1,0,1.8,148.9,63.5,1014.6
1980043000,11.9,0,0.3,7.5,85,1012.6
1980043006,12.1,0,1,90.8,83.5,1012.7
1980043012,20.5,0,4.2,140,48,1010.4
1980043018,16.7,0,1.8,68.7,57,1011.8
1980050100,13.9,0,2.7,50,43.5,1014.4
1980050106,13.4,0,1.7,103.8,61,1019.7
1980050112,18.5,0,4.8,135.1,45.5,1019.5
1980050118,14.6,0,1.8,196.8,65.5,1020.3
1980050200,9.5,0,0.3,4.3,90,1019.5
1980050206,11.1,0,0.9,117.5,76.5,1018.4
1980050212,22,0,5.6,219.1,29.5,1015.4
1980050218,20.5,0,4,230,46,1015.4
1980050300,16.8,0,1.4,203.4,80,1015
1980050306,16,0,1,77.9,84.5,1014.2
1980050312,21.1,0,3.9,159,63,1012.2
1980050318,20,0,2.4,151.3,67.5,1012
1980050400,18.1,0.6,1.8,282.5,80.5,1009.6
1980050406,18.6,0.1,3,191.2,87,1008.8
1980050412,26.8,0,4.2,63.9,27,1007.7
1980050418,21.3,0,0.8,76.5,62.5,1011.5
1980050500,18,0,1.8,31.4,31.5,1013.8
1980050506,15.8,0,1.9,221.1,42.5,1012.8
1980050512,23.9,0,5.8,215,21.5,1007.7
1980050518,21.5,0,4.6,230,26.5,1007.9
1980050600,14.4,0,5,50,30.5,1010.4
1980050606,12.4,0,4.8,50,44.5,1015.4
1980050612,18.2,0,4.9,90.9,37.5,1015.9
1980050618,14.4,0,2,98.6,53,1019.9
1980050700,9.4,0,0.5,64.4,85,1021.3
1980050706,10.2,0,1,23.2,78,1022.4
1980050712,19.2,0,4.1,150,33.5,1021
1980050718,14.8,0,1.5,103.6,59,1020.6
1980050800,9.7,0,0.7,281.3,90,1018
1980050806,10.1,0,0.3,332.1,89.5,1017.3
1980050812,14.2,1.7,1.6,222.3,79.5,1013.8
1980050818,12.6,0.7,1.2,82,90.5,1011.5
1980050900,10.9,0,1.4,66.7,85,1008.2
1980050906,13.4,0,2.2,70,73,1009.3
1980050912,20.5,0,3.4,119.9,41,1009.1
1980050918,14.9,0,1.9,43.4,75,1013.7
1980051000,11,0,1.4,61.3,85.5,1013.7
1980051006,14.5,0,3.2,145.3,58,1015.3
1980051012,26.6,0,3.8,260,28.5,1011.1
1980051018,24,0,1.4,110,46.5,1014.7
1980051100,17.5,0,3.7,58.9,51,1015.7
1980051106,27.6,0,3.6,50,31,1016.6
1980051112,28.7,0,3.7,132.2,30,1014
1980051118,24.9,0,1.6,349.5,36.5,1014.2
1980051200,16.8,0,0.9,15.8,72,1012.3
1980051206,17.5,2.6,1.9,169.7,75.5,1010.9
1980051212,15.7,27.4,4.2,140,94.5,1006.2
1980051218,15.4,0,1,240,93.5,1003.8
1980051300,17,0,1.9,226,77.5,1004.4
1980051306,18.5,0,1.9,127.8,74,1006.9
1980051312,24.6,0,3.4,135.1,56,1008.3
1980051318,19.8,0,0.8,93.9,77,1011.4
1980051400,14.8,0,0.1,11.4,93.5,1009.1
1980051406,14.4,0,1.6,86.9,95.5,1007.8
1980051412,25.2,0,4.9,236.4,50.5,1004.4
1980051418,21.3,13.8,2.2,250,82,1001.8
1980051500,20.4,7.5,1.9,50,93,1001.6
1980051506,15.7,3.5,3.4,50,90,1007.1
1980051512,16.4,0,4.2,101.1,68.5,1010.2
1980051518,15.2,0,1.6,355,65,1011.7
1980051600,11.3,0,0.9,27.3,92,1010.2
1980051606,13.9,0,3.5,42.3,73.5,1011.3
1980051612,18.5,0,5.9,50,31.5,1011.8
1980051618,16.2,0,2.1,42.3,34,1014.9
1980051700,9.9,0,1.6,50,66,1016.4
1980051706,13.1,0,3.4,50,44,1017.2
1980051712,19.3,0,3.8,128.7,35,1016.2
1980051718,15.2,0,1.5,248.4,54.5,1018.1
1980051800,9.6,0,0.6,196.8,81,1018.7
1980051806,12.4,0,1.8,140,75,1020.8
1980051812,20.9,0,4.5,156.7,44,1018.6
1980051818,16.6,0,1.4,160,57.5,1019.4
1980051900,12.2,0,0.9,134.5,86,1019
1980051906,13.6,0,1.2,340,70.5,1019.4
1980051912,22.6,0,3.5,140,53.5,1016.7
1980051918,18.6,1.1,1.6,73.3,67,1016.7
1980052000,14.5,28.5,1,147.9,93.5,1015.1
1980052006,14,20.5,1,41.3,95,1014.6
1980052012,16.1,3.7,1.6,321.5,93,1012.2
1980052018,15.9,0.5,0.9,338,93,1011.7
1980052100,14.5,0,1.1,118.1,94,1010
1980052106,16.3,0,1.2,70,82.5,1010.6
1980052112,23.9,0,4.3,96.9,49,1008.4
1980052118,18.3,0,1.2,83.1,61,1010.9
1980052200,13.1,0,0.3,17.9,87,1010.7
1980052206,14.8,0,1.6,142.1,83.5,1013
1980052212,22.2,0,4.2,140,67.5,1011.4
1980052218,18.4,0,1.8,97.1,83,1012.3
1980052300,15.3,0,0.2,7.6,93,1011.8
1980052306,17,0,0.7,325.6,82,1012.6
1980052312,25.4,0,3.1,230,46,1011.1
1980052318,22,0,2,203.4,49.5,1012
1980052400,15,0,0.6,42.9,77.5,1013.6
1980052406,16.5,0,1.4,123.9,74.5,1013.7
1980052412,26.5,0,3.4,190,53.5,1010
1980052418,22.4,0.1,1.6,203.4,70,1011
1980052500,19,9.4,1.6,185,92,1007.8
1980052506,18.5,12.1,0.7,86.9,94.5,1004.7
1980052512,22.7,0,4.9,254.8,86.5,1000.6
1980052518,24.2,0.1,4.9,250,82,998
1980052600,22.8,0.1,3.2,244.9,85.5,992.3
1980052606,23.4,0,4.3,320,75.5,992.4
1980052612,19.9,0,5.1,5,52,997.4
1980052618,16.5,0,4.9,320,38,1003.7
1980052700,12.5,0,3.2,38.7,51,1006.2
1980052706,13.6,0,3.4,278.6,55,1007.5
1980052712,22.9,0,6.5,263.4,33,1003.7
1980052718,20.1,0,4.6,250,47,1005.1
1980052800,17.1,0,4.3,263.1,52,1007.3
1980052806,19,0,2.4,230.5,50.5,1009.7
1980052812,27.2,0,4.3,225.7,40.5,1008
1980052818,22.5,0,2.3,40.6,51,1011.7
1980052900,18.2,0,0.6,70,71,1012.2
1980052906,14.9,0,0.6,323.6,64.5,1012.7
1980052912,26.2,0,3.6,130,47,1010.1
1980052918,19.9,0,1.4,70,76,1010.7
1980053000,16.8,0,0.2,44.3,92.5,1010.5
1980053006,19,0,1,123.9,80.5,1010
1980053012,27.2,0,4.1,156.7,51.5,1007.9
1980053018,21.9,0,1.6,70.6,72,1010
1980053100,18.9,0,0.9,12.8,86,1009.4
1980053106,19.5,0,2,38.7,79,1010.7
1980053112,25.9,0,3.1,62.5,51.5,1008.7
1980053118,20.2,0,2.3,53.3,76,1010.6
1980060100,17.3,0,0.9,23.4,89,1010.9
1980060106,18.8,0,1.6,248.4,85,1011.4
1980060112,21,0,2.1,136.9,66.5,1011.3
1980060118,20.5,0,2,185.8,67,1011.3
1980060200,16.6,22.6,1.1,340,90.5,1007.3
1980060206,18.1,0.2,1,353.4,94.5,1002.9
1980060212,26,0,5.6,260,64,1000.4
1980060218,22.4,0,4.9,266.6,58,1004.3
1980060300,18.1,0,4.7,302.3,55.5,1006
1980060306,17.8,0,2.7,25.9,52.5,1011.3
1980060312,24.5,0,3.8,160,43,1011.4
1980060318,22,0,3,248.9,56.5,1013
1980060400,16.2,0,0.8,35,79,1014
1980060406,17.9,0,1.5,330,73.5,1016.6
1980060412,27.3,0,4.6,293.7,44,1014.5
1980060418,25,0,2.4,333.1,40.5,1016.6
1980060500,16.5,0,0.2,319.8,80,1017.5
1980060506,17.8,0,0.9,215,73,1018.7
1980060512,31.5,0,3.7,288.2,24.5,1015.7
1980060518,28.6,0,2.3,333.4,42,1017
1980060600,20.3,0,2,325.3,64,1017
1980060606,21.5,0,1.5,308.2,65,1017.1
1980060612,31.1,0,3.7,205,37.5,1013.3
1980060618,28.1,0,1.7,279.4,42.5,1014.4
1980060700,17.8,0,0.4,328.3,81,1014.2
1980060706,19.2,0,0.8,266.7,70.5,1014.7
1980060712,28.5,0,4,154.3,46,1011.8
1980060718,25.2,0,2.2,70,62,1012.8
1980060800,20,0,0.8,149.9,84.5,1012.6
1980060806,21.4,2.2,3.5,177.5,83,1011.5
1980060812,20.5,12.8,2.3,192.3,93.5,1007.5
1980060818,22.5,0,1.6,197.8,88,1006.9
1980060900,19.1,0,0.8,126.4,93,1006.7
1980060906,18.4,0,0.9,154.1,93.5,1009.1
1980060912,22.8,0,3.6,180.9,74,1008.8
1980060918,19.6,0,1.7,125.8,86.5,1010.2
1980061000,18.8,0,0.6,28.7,92,1009.6
1980061006,19.3,0,1.1,358.3,87.5,1009.4
1980061012,24.4,0,3.2,159.2,67.5,1006.7
1980061018,21.5,0,1.2,56.4,82,1006.6
1980061100,20.2,0,1.6,7,84,1005.6
1980061106,22,0,2.6,48.5,77,1006.6
1980061112,27.5,0,3.8,170,56,1004.8
1980061118,24,0,1.2,85.7,69,1005
1980061200,21.5,0,0.9,343.2,84.5,1004.8
1980061206,22.8,0,0.9,358.3,74.5,1006
1980061212,29.5,0,2.6,146.6,51,1005.7
1980061218,25.2,0,0.8,56.9,64.5,1006.4
1980061300,22,0,0.7,11.9,82,1007.7
1980061306,23,0,1.2,8.4,77.5,1009
1980061312,29.9,0,4.1,135.1,49,1008.7
1980061318,24.2,0,2.1,99.5,69.5,1010.4
1980061400,20.9,0,0.4,12.6,89,1010.7
1980061406,20.3,0,0.6,261.5,88,1011.3
1980061412,28.4,0,4,140,56.5,1010.1
1980061418,25,0,2.7,144.9,74.5,1010.6
1980061500,19.5,0,0.7,40,93.5,1009.4
1980061506,20.8,0,1.6,196.1,89,1009.4
1980061512,28.4,0,3.8,130.9,63,1006.5
1980061518,23.5,0,2.3,70,79.5,1006.9
1980061600,21,0,0.6,35.8,89,1007.5
1980061606,23,0,2.8,70,80.5,1007.3
1980061612,29,0,5.4,256.4,59,1004.7
1980061618,24.3,0,2.5,199.2,84,1004.3
1980061700,24.1,0,4.5,250,84,999.9
1980061706,24.6,0,5.1,243.4,83.5,999.5
1980061712,26.5,0,5.2,266.7,73.5,997.7
1980061718,23.9,0.3,1.2,58.6,84.5,1000.6
1980061800,23,0,0.9,48.1,86,1001.4
1980061806,23.5,0,1.9,25,70.5,1003.1
1980061812,28.3,0,3.8,91.6,54.5,1003.5
1980061818,23.4,0,2,70,64,1008.8
1980061900,19.5,0,1.7,56.6,84,1011.4
1980061906,19.2,0,3.3,70,80,1014.5
1980061912,20.5,0,5.3,96.8,70,1013.7
1980061918,18.3,0,1.4,62,76.5,1015
1980062000,17,0.2,0.6,41.6,87,1013.1
1980062006,17.7,0.1,0.8,121.3,87.5,1013
1980062012,23.4,0,2.9,180,65,1010.4
1980062018,20,0,1.8,134.6,77,1011
1980062100,17.5,0,0.5,29.9,91,1010.7
1980062106,19.8,0,1.2,250,84,1011.5
1980062112,25.7,0,4,163.3,62.5,1011.5
1980062118,22.2,0,1.6,79.5,74.5,1012.3
1980062200,19.2,0,0.1,7.7,88.5,1011.9
1980062206,20.9,0,1,89.2,82.5,1013.8
1980062212,29,0,4,152.4,56,1012.6
1980062218,22.5,0,1.7,60,73,1013.8
1980062300,21.2,0,1.2,320,79,1013.6
1980062306,22.9,0,2,255.8,75.5,1014.9
1980062312,28.7,0,3.3,185.3,62,1012.7
1980062318,26.5,0,1.9,330,68.5,1012.7
1980062400,21.5,0,1,0,88.5,1012.7
1980062406,23.7,0,3,266.3,79.5,1012.6
1980062412,31.4,0,4,193.4,52.5,1010.1
1980062418,26,0,1.4,70,73.5,1010.1
1980062500,22.3,0,0.9,44.8,90.5,1008.3
1980062506,21.8,10.9,1.4,115.6,93.5,1009.7
1980062512,20.2,29.9,1.1,210.9,94.5,1004.7
1980062518,23.2,0.1,3.2,212.9,92.5,1001.8
1980062600,23.8,0.6,4.2,242.3,81.5,999.7
1980062606,23.5,0,5.7,263.1,70,1001.1
1980062612,27.1,0,5.2,310.1,55,1001.3
1980062618,24.7,0,1.4,350.5,68,1003.8
1980062700,21.3,0,1.3,340.5,86,1004.8
1980062706,22.2,0,1.2,6.5,76,1005.8
1980062712,29.2,0,3.5,152.3,56.5,1003.7
1980062718,27.3,0,0.8,95,66.5,1005.4
1980062800,22.3,0,1.1,350.7,83.5,1004.8
1980062806,23.2,0,1.6,333.1,78.5,1006.5
1980062812,26.9,0.2,1.7,179.4,64.5,1005.8
1980062818,23.9,0,0.3,16.1,84,1007.5
1980062900,20.8,0,0.4,60.6,92.5,1008.4
1980062906,21.1,0,2.4,158,85.5,1010.2
1980062912,25.1,0,4.2,127.2,66.5,1010.9
1980062918,21.7,0,2.6,70,77,1011.8
1980063000,20.1,0,0.9,53.3,82,1012.2
1980063006,20,0,2.5,70,84,1012.3
1980063012,21.8,0.4,3,96.8,71,1010.6
1980063018,19.7,2.1,2,110,89,1009.6
1980070100,18.6,37.7,3.7,76.4,94,1006
1980070106,18.9,20.6,5.1,76.6,93,1003.8
1980070112,19.9,1.6,4.2,100,92,1002
1980070118,18.8,0.1,4,114.9,89.5,1002
1980070200,19,0,3.6,101.2,87,1001.4
1980070206,20,0,4.3,80,85,1001.6
1980070212,21,0,3.5,43.4,83.5,1001.4
1980070218,20,0,2.9,20,80.5,1002.2
1980070300,18,0,2.2,20,83.5,1003.3
1980070306,18.8,0,3.2,20,77,1004.8
1980070312,21.8,0,3.5,62.3,64.5,1004
1980070318,20.7,0,1.6,37.2,73,1004.8
1980070400,18.8,0,0.4,355.1,85.5,1003.9
1980070406,19.6,0,1.5,263.9,83,1003.9
1980070412,23.5,0,3.2,125,73,1002.6
1980070418,21.1,0,1.7,56.4,85.5,1003.1
1980070500,20,0.3,0.2,8.6,91,1002
1980070506,21,0.6,1.5,188.1,85.5,1003
1980070512,22.7,1.3,2.1,125,82.5,1002
1980070518,21.7,0,1.7,32.8,83,1003.1
1980070600,20.3,0,0.8,309.5,91.5,1003.4
1980070606,21.7,1.4,0.6,314.9,90,1005.4
1980070612,24.1,1.4,0.8,86.1,81,1005.4
1980070618,22.2,0.8,1,350,90,1005.4
1980070700,20.2,0,0.6,274.5,93,1005.4
1980070706,21.4,0,1.3,147.9,86.5,1006.9
1980070712,29.1,0,3.8,136.8,60,1006.1
1980070718,24.1,0,1,63.2,78,1006.7
1980070800,21.6,0,0.5,296.6,90,1007.5
1980070806,22.7,0,0.8,307.5,86,1008.6
1980070812,29,0,3.3,137.2,59.5,1007.1
1980070818,23.5,0,1.8,35.9,83,1008
1980070900,21.9,0,0.7,6.3,91,1007.7
1980070906,22.4,0,1.1,46.7,88.5,1008.2
1980070912,26.1,0,3.3,131.9,71.5,1007.3
1980070918,24.6,0,0.9,2.3,76,1007.9
1980071000,20.7,0,0.2,355.2,91.5,1007.4
1980071006,21.5,0,0.4,80,90,1007.9
1980071012,25.7,0,1.8,89.7,76,1006.4
1980071018,24.2,0.3,0.5,341.6,81.5,1006.4
1980071100,22.2,13.5,0.4,4.3,94.5,1004.6
1980071106,21,49.2,2,336.1,94,1003.5
1980071112,20.5,10.8,2,333.4,93.5,1005
1980071118,19.5,0.1,1.3,357.2,90,1006.9
1980071200,17.7,0,0.6,18.4,92.5,1007.3
1980071206,18,0,0.5,331.2,94,1008.3
1980071212,23.8,0,2.8,146.6,75.5,1006.6
1980071218,22.3,0,1.6,104.8,81,1007.9
1980071300,20,0,0.5,344.4,92.5,1008.2
1980071306,21.2,0,2.5,9.5,82.5,1008.7
1980071312,24.9,0,3.3,29.9,67,1008.3
1980071318,21.7,1.6,1.1,31.1,86,1007.8
1980071400,20.9,3.8,1,298.1,93.5,1004.3
1980071406,22.1,7.4,2.3,223.4,94,998.6
1980071412,27,0.9,5.2,200,83.5,997.1
1980071418,26.2,0,1.5,176.7,75.5,1001.6
1980071500,21,0,0.8,125,92,1005.6
1980071506,22.1,0,2,50,79.5,1007.8
1980071512,21.6,0,2.5,42.3,84,1010.5
1980071518,20.6,0,0.9,0,87.5,1013
1980071600,19.7,0,0.3,8.7,90,1013.6
1980071606,20.1,0,1.6,28.5,85,1015.3
1980071612,23.9,0,3.5,66.7,67,1014.4
1980071618,21.6,0,2,45,77.5,1014.2
1980071700,19.1,0,0.9,10.2,86,1012.6
1980071706,20,0,2.8,45.1,80,1013
1980071712,22.5,0,3.6,50,67.5,1011.4
1980071718,20.8,2.5,1.3,34.2,84.5,1010.6
1980071800,19.8,9.5,0.9,339.2,94.5,1008.7
1980071806,20,0.1,0.8,160.9,93.5,1009.7
1980071812,21.8,0.5,2.1,122.9,87.5,1009
1980071818,21.3,0,1.5,54.8,92.5,1009.8
1980071900,21,0,0.5,318.8,93,1010.6
1980071906,22.2,0,0.2,10,92,1011.3
1980071912,27.3,0,1.6,59.8,81,1010.5
1980071918,26.5,0,0.4,11.2,83.5,1011.5
1980072000,24.5,0,0.6,40.7,91.5,1011.3
1980072006,26.4,0,1.9,118.3,85.5,1012.7
1980072012,31.7,0,5,230,54.5,1012
1980072018,28.8,0,2.1,205,69,1013.1
1980072100,25.6,0,2.8,183.3,83,1013.8
1980072106,27.5,0,4.9,225.1,71.5,1014.5
1980072112,32.8,0,5.1,204.9,53.5,1011.9
1980072118,29.1,0,3.4,230.3,69,1013
1980072200,26.3,0,2,180,79,1012.2
1980072206,26.9,0,3.6,193.4,77.5,1011.1
1980072212,31,2.5,5.2,209.4,64,1010.5
1980072218,22.9,4.1,1,87.7,90,1009.7
1980072300,24.4,0,1.9,160,88.5,1007.3
1980072306,26.2,0.1,3.3,205.9,78.5,1006.9
1980072312,26.6,1.7,4.3,230,78.5,1003.1
1980072318,27.8,0,1,15.7,72,1004.7
1980072400,22.8,0,0.2,352.4,88.5,1004.2
1980072406,22.7,0,1.7,307.9,78,1004.7
1980072412,28.6,0,3.4,299.9,50,1002.7
1980072418,28.5,0,1.3,2.9,63,1003.8
1980072500,22.9,0,0.4,330.6,86.5,1004.3
1980072506,23.6,0,1,257.7,78.5,1004.8
1980072512,27.7,2.2,1.3,51.5,69.5,1003.7
1980072518,22.9,11.2,0.9,305.9,88.5,1004.6
1980072600,21.7,1,0.6,33.8,93.5,1003.5
1980072606,22.8,0,1.4,52.9,90.5,1002.9
1980072612,26.5,0,2.6,145.9,77,1004.7
1980072618,24.1,0,1,33.5,80,1007.9
1980072700,23.1,0,0.3,31.2,86.5,1008.4
1980072706,22.9,0,0.8,47.4,85,1009.8
1980072712,26.6,0,3,128.2,75,1008.7
1980072718,25.6,0,1.8,111.9,81,1008.8
1980072800,23.1,0,1.4,349.8,89.5,1010.4
1980072806,22.2,0,1.3,356.5,88.5,1010.2
1980072812,23.5,0,2.2,27.7,81.5,1008.3
1980072818,22.5,4.5,1.7,30.2,88.5,1008.6
1980072900,21.2,20.8,1.1,307.1,93.5,1008.6
1980072906,20.9,21.8,1.1,25,93,1007.9
1980072912,21.9,11.4,0.8,25.5,92.5,1007.1
1980072918,21.9,23,1.5,28.5,90.5,1005.6
1980073000,21.9,37.7,2.9,24.9,93,1001.8
1980073006,21.2,3.1,4.3,20,89.5,1001.6
1980073012,21.3,0.6,3.2,353.2,86,1002.5
1980073018,21,0,2.8,340,80.5,1005.3
1980073100,19.5,0,2.7,340,80,1006.1
1980073106,19.6,0,4.2,356.7,75.5,1008.2
1980073112,23.8,0,4.1,16.7,59,1008.3
1980073118,21.2,0,2.5,20,72,1009.7
1980080100,17.9,0,2.2,20,84.5,1010.2
1980080106,19.4,0,2.8,343,80,1011
1980080112,23.2,0,4,20,64.5,1010.4
1980080118,21,0,2.7,353.1,73,1011.7
1980080200,18.7,0,3.1,340,85,1012
1980080206,20.5,0,3.2,0,78.5,1012.7
1980080212,25.4,0,4.9,20,64,1011.8
1980080218,22.2,0,4,20,76,1012.8
1980080300,21.3,0,3.3,20,76,1011.9
1980080306,21.5,0,4.2,20,76,1012.2
1980080312,24.1,0,6.3,20,67,1010.4
1980080318,22.1,0,3.8,20,75.5,1010.9
1980080400,21.5,0,4.2,20,80.5,1009.1
1980080406,20.5,1,4.2,20,88,1009.1
1980080412,20.9,1.2,4.6,20,87.5,1008.8
1980080418,20.6,0,5.1,20,83,1009.7
1980080500,20,0.7,4.2,20,80.5,1009.1
1980080506,20,0.9,5.3,20,84,1010
1980080512,20,1.1,4.2,24.9,86.5,1009.3
1980080518,20.2,0.1,3.4,18.2,81,1009.8
1980080600,20.5,0,3.2,6.9,77,1009.8
1980080606,20.8,0,4.2,20,72.5,1009.4
1980080612,23.3,0,3.9,10,64,1007.9
1980080618,20.5,0,3,350,70,1008.8
1980080700,19.5,0,2.7,340,79,1007.7
1980080706,19.8,0,2.9,346.4,78,1008.4
1980080712,21,0.2,3.2,349.8,80,1007.5
1980080718,20,6.4,2.8,340,86,1008.4
1980080800,18.9,12.1,3.3,340,92,1007.1
1980080806,18.1,6,3.3,340,89.5,1008.4
1980080812,17.9,14.7,3,340,93,1007.8
1980080818,18.6,1.1,2.7,333.4,92,1008.8
1980080900,18.3,1.4,2.2,320,92,1007.9
1980080906,18.9,2.8,1.9,320,92.5,1008.3
1980080912,20.5,0.9,2.5,336.7,90.5,1007.9
1980080918,19.5,7.9,1.9,310.1,91.5,1008.7
1980081000,19,0.3,1,308.2,92,1007
1980081006,19.6,0,1.1,326.4,89.5,1007.7
1980081012,22.7,0,1.7,4,79.5,1007.1
1980081018,22.4,0,1.4,357.2,81,1008.8
1980081100,20.3,0,0.2,346.9,88.5,1009.1
1980081106,21,0,1.1,42.3,85,1010.1
1980081112,25.6,0,3.9,51.8,68.5,1010.2
1980081118,22.5,0,2,10.2,79.5,1011.7
1980081200,19.9,0,1,349.8,90,1013.1
1980081206,19.9,0,1.1,46.6,86.5,1012.3
1980081212,24.5,0,2.7,48.4,69,1010.5
1980081218,22.5,0,1.2,24.9,81.5,1011.8
1980081300,21.8,0.3,0.9,24.7,90.5,1009
1980081306,22,0.4,0.8,337,93.5,1007.8
1980081312,25.5,0.1,3.4,143.3,81.5,1006.1
1980081318,23.3,31.3,3.7,132.4,92,1003.4
1980081400,23.8,2.1,2.8,185.8,88.5,1002.5
1980081406,24.3,0,2.5,202.4,82,1005.4
1980081412,28.6,0,3.5,228.4,59.5,1005.6
1980081418,25.2,0,2.1,260,77.5,1008
1980081500,22.7,4.5,0.8,320.6,87,1009.6
1980081506,21.5,17.9,1.4,317.9,92,1011.1
1980081512,21.4,12.6,0.9,348.6,92,1009.4
1980081518,21.1,4.2,0.6,3.3,91,1009.4
1980081600,20.8,0.5,0.5,346.9,92,1009.6
1980081606,20.8,0.4,1.8,344.8,90,1011.5
1980081612,23.7,0,2.7,50,78,1011.5
1980081618,21.8,0,1.7,3.4,82,1012
1980081700,20.2,0,1,331.5,85.5,1011.3
1980081706,20.3,0,2,357.7,85.5,1011.9
1980081712,23.4,0,2.7,45.1,69.5,1010.9
1980081718,21.4,0,0.8,14.3,80.5,1012.2
1980081800,20.2,1.3,0.4,353.2,90.5,1010.4
1980081806,20.3,2.6,0.9,325.3,91.5,1010.1
1980081812,23,0.1,1.5,10,78,1009.4
1980081818,21.9,0,1.1,324.9,86.5,1011.7
1980081900,20.9,0,0.2,3.3,90.5,1011.5
1980081906,21.4,0,0.8,183.1,87.5,1011.7
1980081912,27.4,0,2.1,114.9,66.5,1010.9
1980081918,25.2,0,0.9,5.5,81.5,1012
1980082000,22.6,0,0.7,29.2,91.5,1011.7
1980082006,23.1,0,1,39.1,88.5,1012.3
1980082012,26.4,0.1,3.5,56.6,75,1010.5
1980082018,23.5,0.5,1.6,6.6,88.5,1012.3
1980082100,22.5,0,0.6,356.7,91,1011.1
1980082106,22.4,0.2,1,300.6,92,1011.9
1980082112,24,0.6,1.7,346.9,84,1010.7
1980082118,23.1,0,1.4,0,84.5,1011.4
1980082200,21.5,0,0.5,333.1,91.5,1010.9
1980082206,21.4,0,1,38.7,90.5,1011
1980082212,22.9,7.1,1.7,50,87.5,1009.3
1980082218,23,0,0.6,339,90,1009
1980082300,21.8,0,0.4,196.8,93,1008.2
1980082306,22.4,0,0.7,125,87,1008.8
1980082312,26.9,0.2,3.4,135.1,70.5,1007.8
1980082318,24.3,0,1.4,198.6,83,1008.8
1980082400,21,0,0.1,338.1,94.5,1007.4
1980082406,21.5,0,0.5,209.4,90.5,1006.8
1980082412,28.6,0,2.8,158,64.5,1006.7
1980082418,25.9,0,0.9,349.8,75.5,1008
1980082500,23.4,0,1.1,328.3,87,1006.9
1980082506,22.5,19.4,1.8,80,90,1008.4
1980082512,20.5,21.6,1.2,166.6,91.5,1006.7
1980082518,20.4,15.8,1.2,5,93,1004.7
1980082600,20.7,10.8,1,17.2,94,1002.7
1980082606,21.5,2.7,0.8,21.6,94,1004.2
1980082612,23,0,0.9,332.7,89.5,1004.7
1980082618,22.5,0,1,36.1,89,1007.1
1980082700,21.7,0.2,0.5,4.8,94,1009
1980082706,21.7,0,1.3,13.1,89.5,1011.1
1980082712,25,0,3.3,20,71.5,1011.8
1980082718,22.9,0,2.7,20,81,1014.5
1980082800,21.2,0,1.4,20,83,1014.4
1980082806,21,0,1.7,20,85.5,1015.4
1980082812,21.5,15.5,2.4,29.9,81.5,1014.6
1980082818,19.2,21,1.5,16.7,93,1014.2
1980082900,19.5,2.4,1.5,20,93.5,1011.8
1980082906,20.2,0.8,1.6,20,90.5,1012.6
1980082912,21.4,20.6,0.8,13.4,90.5,1010.4
1980082918,21.2,2.2,1.2,4.8,94,1010.6
1980083000,20.6,3.7,0.1,338.1,95,1009.1
1980083006,20.8,12.3,1,328.1,95,1008.4
1980083012,21.4,31.1,0.9,18.5,94,1006.6
1980083018,20.9,11.4,1.4,353.6,93.5,1005.7
1980083100,20.5,0.4,2.5,20,94,1005.8
1980083106,21.2,0,2.3,20,88,1007.9
1980083112,24.6,0,2.6,13.6,73.5,1009
1980083118,22.6,0,0.9,349.8,82,1011.1
1980090100,21.1,0,0.4,325,92.5,1011.4
1980090106,21.1,0,0.4,317.6,91.5,1012.3
1980090112,27.3,0,3.2,73,81.5,1010.7
1980090118,24.2,0,1,31.8,87,1011.9
1980090200,20.9,0,0.4,18.2,93.5,1012
1980090206,20.5,0,0.8,132.6,93.5,1012.4
1980090212,29.8,0,3.3,201.6,57.5,1010.1
1980090218,26.2,3.1,2.3,291.9,73.5,1013
1980090300,20.7,2.9,0.4,24.6,91.5,1012.8
1980090306,22.4,0,0.6,18.2,91,1014.2
1980090312,24.8,0,2.3,46.8,75.5,1013.1
1980090318,22.8,0,1.3,20,83,1014.9
1980090400,21.6,0,0.3,352.4,89,1014.9
1980090406,21.6,0,0.6,74.5,88,1014.5
1980090412,26,0,2.9,117.7,73.5,1011.4
1980090418,25.1,0,0.7,117.9,83.5,1011.1
1980090500,22.2,0,0.9,245,89.5,1007.9
1980090506,24.4,12.8,3.7,192,86,1003.5
1980090512,27.8,0,3.4,311.6,70.5,1004.4
1980090518,23.7,0,1.6,50,83,1008.6
1980090600,18.6,0,0.6,45.1,88.5,1009.3
1980090606,19.3,0,1.4,334.2,79,1010.7
1980090612,22,0,0.2,12.8,63.5,1010
1980090618,20.8,0,0.4,343.2,67,1011.4
1980090700,17.5,0,0.6,333.9,85,1011.7
1980090706,18.2,0,0.4,298,88,1012.7
1980090712,24.5,0,1.2,80,64,1011.3
1980090718,22,0,1.2,65.5,66.5,1014.7
1980090800,19,0,0.2,18.9,89,1014.6
1980090806,20.5,0,2.4,65.8,80.5,1015.7
1980090812,24.3,0,5.9,83.4,61.5,1015.3
1980090818,21.8,0,3.1,70,73,1017.1
1980090900,19.5,0,2.9,70,75.5,1016
1980090906,20.1,0,4.4,70,70,1015.9
1980090912,23.5,0,6,70,58.5,1013.1
1980090918,21.2,0,4.8,70,70.5,1013.7
1980091000,19.8,1,3.2,66.7,90,1009.1
1980091006,19.4,29.9,3.8,66.7,91.5,1007.5
1980091012,18.4,4.5,5.1,66.7,86.5,1005.6
1980091018,18.3,26.8,5.2,70,86.5,1001.4
1980091100,16.9,71,5.6,70,92,995.5
1980091106,17,33.7,8.4,35,90.5,990.4
1980091112,18.1,28.1,5.1,326.6,89.5,987.4
1980091118,17.7,2.6,1.3,327.7,92,995.7
1980091200,15.9,0,1.2,277.7,93,997.8
1980091206,16.3,0,1.7,318.7,87,999.1
1980091212,25,0,4.2,260,47,998.7
1980091218,22,0,0.9,273.7,63,1001.7
1980091300,15.1,0,0.6,261.4,87.5,1003.8
1980091306,16.5,0,1.6,250,77.5,1006.4
1980091312,26.1,0,3.5,356.1,42,1006.9
1980091318,22.4,0,0.8,78.7,64,1010.2
1980091400,15.6,0,0.5,296.6,88,1012.3
1980091406,17,0,1,205,79.5,1014.6
1980091412,26.9,0,3,160,43,1013.1
1980091418,22.2,0,0.9,329.4,68,1015.3
1980091500,15.6,0,0.3,341.1,89,1015.5
1980091506,16.9,0,0.5,308.6,82.5,1015.7
1980091512,27.2,0,4,199.7,46.5,1013.6
1980091518,23.8,0,1.1,310.4,65,1014.7
1980091600,18.3,0,0.5,318.8,86.5,1013.4
1980091606,18.7,0,0.8,70,83,1014.2
1980091612,28,0,3.1,217.4,53,1011.7
1980091618,23.9,0,2.8,50,53.5,1014.4
1980091700,17.5,0,2.6,50,54,1015.8
1980091706,17.5,0,3,353.1,57.5,1017.3
1980091712,22.9,0,3.3,20,48,1015.7
1980091718,19.1,0,1.8,333,63,1018.1
1980091800,14.8,0,0.1,0,85.5,1016.7
1980091806,17.4,0,2.4,27.6,77,1018
1980091812,23.6,0,3.8,20,52,1016
1980091818,21.1,0,2,20,73.5,1018
1980091900,18.2,0,0.8,3.6,77.5,1016
1980091906,18.6,0,1.7,23.7,76,1017.3
1980091912,23,0,3.5,45.1,54.5,1015.5
1980091918,19.8,0,2,11.1,75,1016.6
1980092000,16.8,0,0.6,336,89,1015.4
1980092006,17.7,0,1.7,20,80.5,1017.1
1980092012,23.9,0,4.6,45,58,1017
1980092018,20.1,0,1.9,20,74.5,1018.7
1980092100,16.8,0,0.7,51.1,88,1017.7
1980092106,17.5,0,1.4,266.2,85,1017.7
1980092112,23.1,0,1.1,317,60,1013.6
1980092118,20.1,0.6,1.1,296.2,77.5,1015.1
1980092200,17.5,0,0.9,42.3,87.5,1014.9
1980092206,18.2,0,2.7,50,70.5,1017.7
1980092212,20.4,0,2.6,58.9,55,1015.8
1980092218,18.1,0,2.8,58.9,54.5,1018.4
1980092300,14.1,0,1.5,42.3,50,1018.7
1980092306,13.1,0,2.2,50,55.5,1021.2
1980092312,20.3,0,2.4,24.9,37,1019.1
1980092318,17.2,0,0.8,288.5,61.5,1021.1
1980092400,14.1,0,0.6,11.9,76,1021.2
1980092406,14.3,0,1.6,0.9,73,1022.6
1980092412,20.9,0,1.6,50,44.5,1021
1980092418,17.2,0,0.5,293.2,67.5,1022.3
1980092500,12.8,0,0.4,193.6,88,1021.6
1980092506,13.7,0,1.2,275,81,1021
1980092512,21.1,0,1,55.3,47,1019
1980092518,17.3,0,0.6,328.4,71.5,1020.7
1980092600,11.4,0,0.2,342.1,90,1020.8
1980092606,13.3,0,2,30.6,87,1020.7
1980092612,22.8,0,5.8,50,52,1018.3
1980092618,18.9,0,3.7,24.9,71,1019
1980092700,17.7,1.1,3,29.9,85,1017.6
1980092706,19.3,0,4.3,50,70.5,1018.6
1980092712,22.4,0,5.8,24.9,49,1017
1980092718,18.1,0,3.2,20,70,1019
1980092800,14,0,0.5,62,87,1017.7
1980092806,15.1,0,1,65.9,86.5,1018
1980092812,23.2,0,2.5,84.3,53,1014
1980092818,19.2,0,1.1,209.4,75,1016.2
1980092900,15.1,0,0.5,295.7,93,1015.4
1980092906,15.5,0,1.2,3.6,79.5,1015.4
1980092912,23.4,0,4.2,35,46,1012.8
1980092918,18.8,0,3,20,72.5,1015.1
1980093000,16.8,0,3.8,20,66.5,1015.7
1980093006,17,0,3.6,20,58.5,1017.1
1980093012,20.5,0,4.3,20,47,1015.5
1980093018,16.2,0,1.7,335,66,1018
1980100100,11.6,0,0.1,11.3,85,1019.4
1980100106,12.6,0,0.7,52.1,83,1021
1980100112,22.5,0,3.4,98.1,40.5,1019.5
1980100118,17.4,0,0.9,63.4,70.5,1021.7
1980100200,11.6,0,0.2,11.4,91,1022.6
1980100206,12.5,0,0.8,20,87,1024.3
1980100212,22,0,4.5,50,46.5,1022.3
1980100218,17.2,0,0.9,107.2,66.5,1024.8
1980100300,12.8,0,0.2,47.9,88,1025.1
1980100306,15.9,0,2.2,54,77.5,1026
1980100312,22.1,0,5.5,24.9,52,1024.7
1980100318,19.3,0,2.5,20,63,1026.9
1980100400,16.2,0,0.9,17.2,75,1027.1
1980100406,17.8,0,2.9,94.2,73,1028.2
1980100412,22.7,0,4.1,70,54.5,1026.4
1980100418,19,0,0.6,60.7,76,1027.8
1980100500,15.5,0,0.5,341.6,90.5,1026.4
1980100506,15.5,0,0.5,217.9,90,1025.7
1980100512,20.9,0.4,1.5,93.4,73,1022.1
1980100518,18.5,9.3,1.5,36.6,92,1021
1980100600,18,4.6,0.7,52.9,97,1017.3
1980100606,19.1,10.1,2,177.2,91,1014.6
1980100612,20.5,2.4,1.8,173.5,91,1012
1980100618,19.3,1.5,0.9,33.8,91.5,1014.2
1980100700,18.2,0,0.6,31.8,91,1012.7
1980100706,17.6,0,1.4,50,85.5,1014.4
1980100712,25.3,0,2.6,133.8,50.5,1010.7
1980100718,21,0,1.1,220.2,68,1011.8
1980100800,16.6,0,0.8,358.9,83,1011.9
1980100806,19,0,1.5,108.8,71.5,1014.6
1980100812,23.8,0,4.7,35,59.5,1015.3
1980100818,17.6,0,2.4,14.1,75,1021.2
1980100900,15.8,0,1,325,83,1022.3
1980100906,15.6,0,1.8,112.1,85,1023.9
1980100912,20.5,0,3.3,69.6,52.5,1021.7
1980100918,16.4,0,0.8,33.8,73.5,1021.9
1980101000,14.3,0,0.6,318.8,85.5,1020.7
1980101006,14.9,0,0.3,349.6,86,1019.5
1980101012,19.2,0.2,1.2,19.6,70,1016.4
1980101018,16.4,12.8,1.4,331.3,90,1015.8
1980101100,15.2,9,0.5,10,94.5,1013.4
1980101106,16,1.6,0.7,42.3,93,1014.5
1980101112,18.2,0.1,1.9,357.3,86.5,1015.3
1980101118,18,0.2,2.2,346.4,88,1018.7
1980101200,17.5,0,2,336.7,86.5,1019.1
1980101206,18,0,3.8,40,78,1020.3
1980101212,19.4,0.6,3.7,350,66,1018.6
1980101218,17,1.6,2.4,340,91.5,1018
1980101300,17.2,1.6,2.5,340,92.5,1015.7
1980101306,16.9,12,2.6,340,92.5,1015.4
1980101312,17.9,3.7,2.4,13.6,91.5,1012.6
1980101318,17.2,1.9,2.7,20,91.5,1012.4
1980101400,17.4,0,3.5,20,87,1008
1980101406,16.5,0,5.4,20,66.5,1010.5
1980101412,17.1,0,5.5,24.9,61.5,1013.7
1980101418,16.5,0,2.3,20,69.5,1018.3
1980101500,10.9,0,0.4,340,86,1020
1980101506,11,0,0.6,36.9,86.5,1022
1980101512,20.3,0,3.3,135.1,52,1018.6
1980101518,15.9,0,0.7,45.6,73,1019.3
1980101600,10.8,0,0.1,10,90,1018.9
1980101606,11.5,0,0.6,33.8,91.5,1018.6
1980101612,17.7,0,0.7,50,71,1016.3
1980101618,16.5,0,0.2,16.2,78,1018
1980101700,14.4,0,0.2,16.7,90,1018
1980101706,13.5,0,0.3,49.6,93,1018.9
1980101712,22.2,0,1.9,218.7,56,1017.3
1980101718,19,0,0.2,16.2,74,1019.8
1980101800,14.6,0,0.4,16.2,91,1019.8
1980101806,14.2,0,0.4,44.2,91.5,1020.3
1980101812,17.2,0.7,1.4,358.8,87,1018.4
1980101818,16.8,0.1,1,33.4,88.5,1019.4
1980101900,15.1,0,0.5,152.4,88,1018.4
1980101906,14.9,0,2.7,30.9,86,1020.3
1980101912,18.9,0,3.9,20,66,1019.9
1980101918,16.5,0,3.1,20,71.5,1022.1
1980102000,14.8,0,2.5,20,78.5,1022.3
1980102006,15.6,0,2.7,20,72,1022.3
1980102012,20,0,3.5,20,51.5,1019.3
1980102018,15.5,0,1,13.4,72,1020.4
1980102100,12.4,0,2.1,23.7,83.5,1018.4
1980102106,14.5,0,4.7,346.9,40,1019.8
1980102112,18,0,4.9,11.1,23.5,1017.9
1980102118,11.1,0,2.2,20,35.5,1021.2
1980102200,6.3,0,1.1,200,55,1021.7
1980102206,6.7,0,2,335,56.5,1022.6
1980102212,16,0,2,40.1,29,1018.9
1980102218,13.4,0,0.7,280,62.5,1021.6
1980102300,5.9,0,0.3,350.6,86,1021.9
1980102306,6.4,0,0.2,8.6,85,1021.9
1980102312,18.6,0,2.8,106.5,45.5,1018.9
1980102318,14.2,0,0.7,295,71.5,1019.9
1980102400,10.6,0,0.1,350,88,1018.3
1980102406,11.6,0.1,0.4,328.7,86,1017
1980102412,14.9,6.5,1.7,13.6,86.5,1012.4
1980102418,13.7,6.6,1.9,314.9,92,1009
1980102500,12.8,0.4,0.8,38.1,93,1003.8
1980102506,13.9,0,3.4,248,85,1000.2
1980102512,17.2,0.1,8.1,230,48.5,995.3
1980102518,9.3,0,8.8,230,47,1003.1
1980102600,5.9,0,7.2,230,45.5,1007
1980102606,5.9,0,5.2,230,45.5,1009.4
1980102612,9,0,6.7,275,49,1008.6
1980102618,7,0,3.7,230,46.5,1011.9
1980102700,6,0,0.9,105,51,1014.6
1980102706,7.7,0,2.7,22.4,50.5,1016.7
1980102712,14.6,0,4.6,236.9,32.5,1014.9
1980102718,10.3,0,3.8,11.1,41,1019.4
1980102800,6.7,0,3.5,301.3,54,1021
1980102806,7.1,0,2.9,14.1,56,1021.7
1980102812,14.8,0,2.3,88.8,38,1018.9
1980102818,9.9,0,1.4,20,54.5,1020.3
1980102900,6.7,0,1.2,0,65.5,1021.1
1980102906,6.8,0,1.9,43.9,62,1021.5
1980102912,16,0,2.5,36.9,26.5,1019.3
1980102918,10.1,0,0.6,140.6,59,1021.5
1980103000,3.7,0,0.2,23.2,85.5,1021.2
1980103006,4.5,0,1.1,170,82,1021
1980103012,16.7,0,3.3,166.4,29,1015.1
1980103018,13.9,0,3.1,245,41,1015
1980103100,6.7,0,3.5,320,46.5,1021
1980103106,5.4,0,4.6,308.7,41,1022.9
1980103112,12.8,0,3.5,316.3,26,1020.4
1980103118,8.6,0,2,6.3,37,1022.9
1980110100,5.1,0,2.5,16.7,51,1023.9
1980110106,6,0,1.7,80,59,1023.1
1980110112,15.3,0,2.4,130.1,47,1019.9
1980110118,11.6,0,0.5,250,67,1020.8
1980110200,9.2,0,0.6,8.5,80.5,1019.8
1980110206,9.7,0,2.6,359.9,73.5,1020.4
1980110212,16.7,0,3,78.5,38.5,1018
1980110218,11.9,0,3.2,11.1,48,1021.2
1980110300,7.3,0,1.8,5.8,52,1023.4
1980110306,6.7,0,1,10,54,1026
1980110312,16.6,0,2.5,111.5,39.5,1023.5
1980110318,10.6,0,0.7,259.4,73,1024.6
1980110400,5.3,0,0.2,335.8,91.5,1023.5
1980110406,5.3,0,0.6,26.3,87.5,1022.7
1980110412,15.8,0,1.5,166.3,37.5,1018.7
1980110418,12.6,0,0.9,342.9,53.5,1019
1980110500,11.2,0,3,230,71,1017
1980110506,11.2,0,0.7,247.3,77.5,1016
1980110512,19,0,3.7,209.6,55,1011.9
1980110518,15.7,0,0.9,270.8,74.5,1014
1980110600,10.8,0,0.5,342,92,1013.3
1980110606,8.8,0,0.8,170,91.5,1014.5
1980110612,20.3,0,2.5,112.1,44.5,1010.4
1980110618,14.9,0,0.5,32.1,61,1011.9
1980110700,9.1,0,0.7,220.2,88.5,1010
1980110706,8.6,0,1,71.4,86,1010.9
1980110712,21.4,0,2.2,70.7,33,1007.5
1980110718,16.8,0,3.3,0,41.5,1012
1980110800,9.3,0,3.5,350.2,37.5,1016.8
1980110806,6.4,0,4.4,343.3,41,1021.7
1980110812,11.4,0,4.3,333.2,27,1021
1980110818,6.4,0,1.4,353.6,34.5,1022.9
1980110900,3.9,0,3.2,0,50,1022.9
1980110906,4.6,0,3.9,336.6,51,1026.3
1980110912,12.6,0,2.8,195,35,1021.9
1980110918,8.2,0,0.6,248,60.5,1023.8
1980111000,3.9,0,1.2,230,77.5,1024.7
1980111006,3.9,0,1.7,199.9,78,1025
1980111012,15.5,0,2.5,108.1,38,1022
1980111018,10.3,0,0.5,76.6,70,1024.6
1980111100,4.9,0,0.9,195,87,1025.5
1980111106,5.8,0,1,100.4,85,1026.1
1980111112,17.5,0,2,79.6,40.5,1023.5
1980111118,12,0,0.5,2,72.5,1023
1980111200,6,0,0.2,347.6,89,1021.3
1980111206,6.9,0,1.5,156.9,89.5,1020.3
1980111212,20,0,6.1,206.6,47.5,1013
1980111218,16.3,0,4.5,227.5,71,1011.1
1980111300,9.9,0,5.1,326.6,51,1015.7
1980111306,4.3,0,5.7,320,42.5,1024.6
1980111312,8.3,0,4.1,333.1,34,1022.1
1980111318,4.7,0,2.4,348.2,48.5,1023.3
1980111400,0.3,0,1.4,279.8,70,1024.6
1980111406,3.2,0,1.8,80,57,1026.4
1980111412,11.8,0,2.8,161.2,41.5,1023.3
1980111418,8.2,0,1.4,259.4,48,1027
1980111500,3.4,0,0.3,346.9,71.5,1028.2
1980111506,6.4,0,0.3,11.2,72,1029.5
1980111512,14.8,0,2.5,45.1,40.5,1027
1980111518,9.5,0,0.5,349.5,73.5,1028.3
1980111600,4.7,0,0.1,7.7,88,1027
1980111606,6.5,0,0.1,10,86,1026.7
1980111612,16.5,0,1.6,118.2,52.5,1023.3
1980111618,11.8,0,0,0,80,1025.1
1980111700,6.9,0,0,0,95.5,1025.3
1980111706,6.3,0,0.2,23.2,89.5,1025.2
1980111712,18.2,0,1.8,100,38.5,1023.1
1980111718,12.1,0,0.2,9.4,60.5,1025.3
1980111800,5.7,0,0.2,342,88,1025.1
1980111806,6.4,0,0.7,240.1,84.5,1025.9
1980111812,18.5,0,2.4,35,48.5,1024.3
1980111818,12.1,0,0.2,350,71.5,1027.8
1980111900,6.8,0,0,0,88,1027.5
1980111906,6.8,0,0.1,7.7,89.5,1029.2
1980111912,18.2,0,1.8,59.8,56.5,1027.4
1980111918,12.4,0,0,0,82,1029.2
1980112000,7.3,0,0.2,345.5,95.5,1028.2
1980112006,7.2,0,0.2,4.3,91,1027.1
1980112012,17.5,0,0.6,58.9,72,1023.1
1980112018,15,0,0.4,16.2,82,1023.4
1980112100,14.4,0,1.5,37.1,72,1019.4
1980112106,13.6,0,5.8,20,90.5,1018.9
1980112112,13.3,0,5.9,20,85.5,1016.6
1980112118,13.2,0,4.3,20,86.5,1018.1
1980112200,11.8,0,4.4,20,81.5,1018.6
1980112206,11.1,0,3.3,20,68.5,1020
1980112212,13.6,0,3,20,63.5,1018.6
1980112218,10.4,0,1.5,16.7,73,1019.8
1980112300,7.8,0,0.2,3.3,91.5,1019.8
1980112306,6.5,0,0.2,6.6,94.5,1019.7
1980112312,15.9,0,2.8,20,52,1016.7
1980112318,11.4,0,1.6,22.4,72.5,1019
1980112400,9.7,0,0.8,220.6,83.5,1017.9
1980112406,9.4,0,0.7,212.1,82.5,1017.2
1980112412,16,0,2.2,166.6,57.5,1013.1
1980112418,13.4,0,2.1,186.6,72.5,1010.4
1980112500,11.1,0,4.3,215,65.5,1008.8
1980112506,9.1,0,4.6,229.2,61,1010.2
1980112512,13.4,0,5.8,346.4,48,1012
1980112518,10.5,0,3.3,20,57.5,1018.3
1980112600,6.8,0,0.7,316.4,74,1020.6
1980112606,6.1,0,0.9,240,80.5,1023.3
1980112612,15.1,0,2.4,156.1,51,1021.3
1980112618,10.4,0,0.5,230.8,74,1023.7
1980112700,6.6,0,0.3,334.8,91.5,1023.8
1980112706,7.5,0,0.1,0,88.5,1023.1
1980112712,13.1,0,0.2,15.7,64.5,1019.1
1980112718,12.1,0,0.3,16.2,71,1019.8
1980112800,10.6,0,0.9,10,72,1018.6
1980112806,9.6,0,0.9,319.5,88,1018.9
1980112812,11.9,0,2.3,16.7,79,1016.3
1980112818,9.8,0,1,19.4,77.5,1019.1
1980112900,6.3,0,1.3,305,81,1019.8
1980112906,6.1,0,1.2,253.8,80.5,1021.7
1980112912,14.8,0,1.7,142.1,54,1018.9
1980112918,10.2,0,0.2,317.1,72.5,1020
1980113000,5,0,0.7,360,91.5,1017
1980113006,5.2,0,0.2,11.9,85.5,1016.6
1980113012,15.7,0,3.6,230,42,1012
1980113018,11.9,0,0.9,3.6,61.5,1015.9
1980120100,6.7,0,1.7,23.5,63.5,1019.3
1980120106,4.8,0,0.8,59.5,63.5,1021.1
1980120112,14.1,0,2,129.1,38.5,1019.1
1980120118,8.4,0,0.6,295,65,1020
1980120200,3.2,0,0.2,350,88.5,1016.3
1980120206,5.1,0,0.6,299.3,90,1010.1
1980120212,10.6,0,4.6,356.2,78.5,1007.9
1980120218,7.7,0,1.7,345.7,52.5,1014
1980120300,3.8,0,0.6,17.3,62.5,1017.1
1980120306,1.9,0,1.5,55,81,1016.6
1980120312,8.3,0,5.6,260,52,1007.5
1980120318,5.6,0,7.6,270,63.5,1010.5
1980120400,-0.5,0,4.9,263.6,64,1016.2
1980120406,-1.2,0,1.1,310.4,60,1018.7
1980120412,2.7,0,3.8,261.3,57,1015.8
1980120418,-0.2,0,3.3,20,70.5,1018
1980120500,-2.6,0,1.9,21.6,70.5,1021.1
1980120506,-3.2,0,0.3,350.6,74.5,1021.9
1980120512,6.1,0,3.5,253.8,50.5,1018.1
1980120518,2.2,0,0.4,350.6,69,1020.6
1980120600,-1,0,0.1,0,89,1018.7
1980120606,-0.9,0,0.9,50.9,89,1018.6
1980120612,10,0,3.7,305,50,1016
1980120618,6,0,3.3,20,60.5,1019.7
1980120700,2.1,0,1.6,18.2,68.5,1020
1980120706,-0.7,0,0.4,6.5,83,1021.3
1980120712,9.9,0,2.7,305,44.5,1017.2
1980120718,5,0,4.1,20,39.5,1020
1980120800,1.2,0,2.7,20,46.5,1020.7
1980120806,2.8,0,2.7,20,53,1020.3
1980120812,7.3,0,4.7,20,32.5,1017.3
1980120818,3.6,0,1.9,354.4,43.5,1018
1980120900,-0.4,0,1.1,226.7,71,1015.9
1980120906,1.5,0,4.2,320,70,1015.3
1980120912,4.1,0,5.3,320,42.5,1014.5
1980120918,0.4,0,0.9,309.2,50.5,1018.7
1980121000,-2.8,0,0,0,77,1018.4
1980121006,-1.8,0,0.1,350,80.5,1020.3
1980121012,9.5,0,3.3,170,51.5,1016
1980121018,5.6,0,0.5,324.5,68,1017.5
1980121100,0.3,0,0,0,90.5,1017.1
1980121106,0.3,0,0.6,292.5,92.5,1016.3
1980121112,12.5,0,4.8,195.5,51,1010.6
1980121118,10.8,0,1,323.1,66,1010.9
1980121200,6,0,4.3,333.4,68,1012.4
1980121206,1.4,0,5.2,312.4,56.5,1015.9
1980121212,1.1,0,5.9,223.4,40,1014.7
1980121218,-2.2,0,5.6,288.5,47.5,1017.7
1980121300,-5.2,0,4.4,293.4,56,1020.7
1980121306,-6.1,0,4.3,320,45.5,1023.4
1980121312,-1.4,0,6.1,293.4,36,1020.7
1980121318,-2.7,0,3.4,294.9,40.5,1021.7
1980121400,-3,0,2.2,292,46,1020.8
1980121406,-4.6,0,1.8,295,65.5,1019.3
1980121412,4.4,0,7.1,257.9,46.5,1015.5
1980121418,0.5,0,5.1,306.5,58.5,1021.3
1980121500,-1.8,0,4.1,340,50,1023.9
1980121506,-2,0,3.4,353.6,51.5,1027.5
1980121512,4,0,2.6,0.4,37,1025
1980121518,-0.1,0,0.6,248,44.5,1026.4
1980121600,-2.2,0,2,350,52.5,1025.1
1980121606,-0.4,0,3.6,0,52.5,1024.7
1980121612,4.6,0,5.2,299.9,43.5,1022.7
1980121618,1.5,0,3.7,340,51.5,1025.1
1980121700,-1.3,0,2.1,8.3,62,1024.3
1980121706,-1.7,0,2.1,332.1,65,1025.1
1980121712,7.6,0,2.7,315.1,37.5,1020.8
1980121718,3.8,0,1.9,30.4,45,1020.7
1980121800,1.1,0,3.4,353.6,57.5,1019.4
1980121806,3.2,0,4.9,323.3,59,1019
1980121812,7.2,0,4.8,319.8,48.5,1016.2
1980121818,3.9,0,2.4,346.9,64.5,1018.6
1980121900,0.2,0,3.2,0,59,1019.3
1980121906,-0.5,0,2.7,333.1,57,1019.4
1980121912,4.6,0,5.6,320,41,1016.8
1980121918,1.9,0,4.4,316.3,43,1019.7
1980122000,-0.8,0,4.3,320,53,1020.7
1980122006,-2.2,0,5.8,305,47,1023.5
1980122012,1.3,0,5.6,343.4,36.5,1022.9
1980122018,-1.3,0,2.5,357.2,38,1026.3
1980122100,-5,0,1,334.9,46.5,1026.9
1980122106,-5.4,0,1.2,355.4,54.5,1027
1980122112,4.6,0,3.8,6.9,36,1023.1
1980122118,0.2,0,3,356.9,37,1025.9
1980122200,-3,0,1.4,308.7,42,1025.1
1980122206,-3.6,0,0.7,273.4,50,1024
1980122212,6.2,0,1.6,128.8,38.5,1018.9
1980122218,3.2,0,0.6,295,61.5,1016
1980122300,1.9,0,2,302.9,83.5,1009.1
1980122306,2.1,0,2.1,309.2,67.5,1008.8
1980122312,4.7,0,4.9,283.3,49,1005.8
1980122318,1.5,0,2.1,275,48.5,1006.1
1980122400,0,0,4.2,326.6,62.5,1005
1980122406,0.6,0,4.7,320,63,1009.1
1980122412,6.6,0,5.1,6.9,50,1012.6
1980122418,3.1,0,1.6,13.6,56.5,1017.3
1980122500,-0.9,0,0.3,6.5,69.5,1018.6
1980122506,-0.4,0,1.3,290.2,72.5,1018.7
1980122512,6.4,0,3.9,223.8,46.5,1015.5
1980122518,2.6,0,1,317,53.5,1017.3
1980122600,-0.2,0,1.9,82.7,70,1014.9
1980122606,-1.2,0,5.8,336.7,62,1017.5
1980122612,-0.8,0,6.5,325.3,43,1017.9
1980122618,-3.4,0,3.2,336.7,42.5,1020.6
1980122700,-5.3,0,4.2,356.7,49,1020.2
1980122706,-4.6,0,5.2,346.9,50,1019.3
1980122712,-2,0,10.6,333.4,30,1016.6
1980122718,-4.3,0,7,340,40.5,1018.4
1980122800,-6.4,0,3.3,34.5,43.5,1019.1
1980122806,-6.4,0,2.7,133.5,43.5,1019.5
1980122812,-2.7,0,7.1,232.9,33.5,1016.7
1980122818,-5.1,0,3.8,288.5,35,1019.5
1980122900,-7.4,0,2.6,318,48,1020.3
1980122906,-7.4,0,5.5,315,54,1021.2
1980122912,-2.5,0,5.4,353.6,39,1019.9
1980122918,-4.9,0,4,340,42,1022.1
1980123000,-6.3,0,5.6,340,48.5,1023.8
1980123006,-5.7,0,5,340,50.5,1024.4
1980123012,0.9,0,5.6,316.8,32.5,1022.7
1980123018,-1.6,0,4.6,335,33,1025.3
1980123100,-3.6,0,3.6,353.6,44.5,1025.3
1980123106,-3.2,0,2.5,52.6,48,1026.4
1980123112,3.9,0,3.9,13.6,38,1023.7
1980123118,0.1,0,1.6,127.4,50.5,1025
1981010100,-4.9,0,0.2,341.8,69.5,1023.3
1981010106,-3.7,0,1.4,250,78,1018.9
1981010112,3.7,4.2,0.9,247.2,79,1008.2
1981010118,1.9,2.4,4.7,218.2,56.5,1010.4
1981010200,-0.8,0,3.4,200,50.5,1012.3
1981010206,-1.4,0,5.2,238.3,52,1014
1981010212,0.7,0,7.9,260,40,1011.8
1981010218,-2,0,5.6,215,37.5,1016.2
1981010300,-4.6,0,1.9,296.1,44.5,1017.9
1981010306,-4.8,0,3.2,323.3,45,1019.8
1981010312,-0.6,0,4.7,330,32.5,1019
1981010318,-4.8,0,2.3,330,34.5,1022.6
1981010400,-6,0,4.9,340,42,1024
1981010406,-6.5,0,3.8,336.7,43,1026.9
1981010412,-0.7,0,6.4,302.9,30.5,1023.8
1981010418,-3.8,0,5.5,330,27,1025.2
1981010500,-6,0,4,333.4,37.5,1026.4
1981010506,-4.9,0,4.3,336.7,42,1026.4
1981010512,-0.2,0,4.9,340,29.5,1022.1
1981010518,-4,0,4.5,308.2,28,1024.2
1981010600,-6.3,0,4.3,335.7,34.5,1023.8
1981010606,-4.8,0,7.5,328.8,39.5,1023.7
1981010612,0.4,0,6.7,308.2,36.5,1021.7
1981010618,-2.5,0,4.4,328.8,37.5,1023.5
1981010700,-2.9,0,7.2,340,41.5,1023.3
1981010706,-1.7,0,3.6,1.9,44.5,1025.3
1981010712,4.8,0,3.8,350,31.5,1023.7
1981010718,-0.6,0,2.2,346.5,33.5,1026.3
1981010800,-2.6,0,1.8,353.2,41.5,1025.5
1981010806,-0.9,0,2.8,343.3,45,1025.2
1981010812,7.1,0,2.7,6.3,31.5,1021
1981010818,1.5,0,2.9,340,43.5,1022.6
1981010900,0.4,0,3.3,326.6,55.5,1021.2
1981010906,1.5,0,2.7,304.5,58.5,1020.3
1981010912,6.3,0,3.8,264.3,43.5,1015.3
1981010918,2.7,0,0.9,252.9,50.5,1015.4
1981011000,-1.1,0,3.7,330,52.5,1016
1981011006,-1.4,0,3.3,264.3,55,1015.7
1981011012,2,0,5.7,281.1,44,1012
1981011018,-2.1,0,4,320,48,1013.4
1981011100,-5,0,7.3,303.8,49,1014.6
1981011106,-5.1,0,6.1,320,45,1018.1
1981011112,0.7,0,4.2,328.3,37,1016.2
1981011118,-1.6,0,0.3,80,45.5,1017.9
1981011200,-2.2,0,1.3,322.2,56.5,1018.1
1981011206,-2,0,2.4,350,49,1020.2
1981011212,3.8,0,4.6,246.1,41.5,1016.6
1981011218,-0.1,0,1.9,340,51.5,1018.3
1981011300,-3.4,0,1.6,336.7,49,1019.8
1981011306,-3.8,0,3.6,322.1,46.5,1021.6
1981011312,0.6,0,5.8,286.1,37.5,1019.1
1981011318,-3.2,0,4.5,310.1,35,1023.5
1981011400,-6.3,0,3,342.7,43.5,1024.3
1981011406,-5.1,0,2,7,56.5,1025.3
1981011412,-0.2,0,2.7,315.2,30.5,1021.6
1981011418,-1.6,0,1.2,323.3,32,1022.9
1981011500,-2.8,0,0.9,350,46.5,1021.3
1981011506,-1.7,1,2.8,340,70.5,1017
1981011512,1.1,5.6,5.1,340,83.5,1016.3
1981011518,-0.4,0.2,5.2,340,75.5,1021.1
1981011600,-3.3,0,3.4,336.7,74.5,1022.4
1981011606,-4.3,0,2,279.4,73.5,1024.3
1981011612,0.2,0,3,338.1,54.5,1023.1
1981011618,-4,0,1.1,0,63.5,1027
1981011700,-7,0,1.2,235,71.5,1027.1
1981011706,-5.3,0,1.8,335,65.5,1027.7
1981011712,2.8,0,3,0.6,38,1023.8
1981011718,-2,0,1.7,353.2,41.5,1023.8
1981011800,-4.1,0,1.1,319.7,60.5,1022.9
1981011806,-1.4,0,1.6,330.6,66.5,1022.4
1981011812,4.6,0,4.2,343.4,45,1020.2
1981011818,0.1,0,1.1,11.9,50,1022.4
1981011900,-2.8,0,1.1,341.1,79,1022.6
1981011906,0,0,2.2,356.8,65.5,1023.8
1981011912,3.8,0,2.9,3.4,52.5,1021.3
1981011918,-0.4,0,2.6,359.4,43.5,1023.4
1981012000,-2.7,0,5.3,353.6,51,1023.5
1981012006,-2.7,0,5.7,328.8,48.5,1025.5
1981012012,2.2,0,4.3,299.9,36.5,1022.9
1981012018,-0.1,0,2.2,10,36,1023.8
1981012100,-1.6,0,3.3,0,44,1022.3
1981012106,-2.5,0,4.2,350.2,50,1023.9
1981012112,1.5,0,5,353.6,32,1022.6
1981012118,-2.5,0,3,333.2,33.5,1026.3
1981012200,-6.5,0,1.6,28.1,44.5,1028.4
1981012206,-5.2,0,2.5,1.9,50,1030.3
1981012212,1.9,0,3.6,323.1,32.5,1027.9
1981012218,-2.7,0,2.2,11.5,37,1031
1981012300,-6.9,0,1.7,262,48.5,1030.1
1981012306,-5.4,0,0.5,231.2,57,1030.6
1981012312,5.5,0,1.7,92.5,35.5,1025.2
1981012318,2.7,0,0.7,80,32,1025.1
1981012400,1.7,1.3,0.4,0,88.5,1022.3
1981012406,1.9,11.8,0.7,70,95,1019.8
1981012412,2.6,1.9,0.9,354.4,90,1017.7
1981012418,1.3,0,3.6,0,79,1022.6
1981012500,-1,0,2.7,353.4,62.5,1024.4
1981012506,-0.7,0,6.3,323.5,50.5,1026.4
1981012512,2.6,0,5.3,305,36.5,1025
1981012518,-1.2,0,3.5,319.8,41.5,1027.7
1981012600,-4,0,4,356.7,42,1028.7
1981012606,-4,0,2.7,356.6,39.5,1029.6
1981012612,0.4,0,5.3,323.3,29.5,1027.5
1981012618,-3.7,0,2,5,33.5,1029.9
1981012700,-6.4,0,2.6,8.9,44.5,1029.6
1981012706,-4.6,0,3.9,10,41,1031.4
1981012712,2.6,0,4.6,357.2,27,1027.8
1981012718,-1.5,0,2.1,20,35.5,1029.5
1981012800,-4.8,0,1.6,20,39.5,1028.8
1981012806,-3.6,0,2,13.6,39,1028.7
1981012812,4.1,0,2.6,13.6,37,1023
1981012818,0.5,0,2.7,357.2,46.5,1024.4
1981012900,-1.5,0,4.2,320,55.5,1024
1981012906,-1.2,0,4.7,321.5,55,1025.6
1981012912,4.2,0,4.4,301.3,37,1023
1981012918,1,0,2.1,13.6,43.5,1026.3
1981013000,-2.7,0,2,20,56.5,1027.1
1981013006,-2.8,0,1.8,20,72,1027.5
1981013012,6.9,0,2.2,8.3,32,1023.4
1981013018,1.8,0,2.8,326.4,34.5,1025
1981013100,-1.9,0,2.5,326.4,43,1025
1981013106,-0.7,0,1.5,326.6,46,1026.1
1981013112,6.9,0,2.3,72.5,34,1022
1981013118,4.2,0,0.8,131.4,53.5,1020.2
1981020100,0.4,1,1.8,292.7,90.5,1017.3
1981020106,0.4,0.4,4.8,299.1,63.5,1018.4
1981020112,5.2,0,5,249.1,38.5,1015.8
1981020118,3.7,0,2,281.2,41,1019
1981020200,-1.1,0,3,316.3,51.5,1022.3
1981020206,-3.1,0,1.9,323.9,55,1023.8
1981020212,5,0,2.6,18.6,27.5,1019.8
1981020218,1.8,0,0.7,353.2,32,1019.8
1981020300,-1.4,0,0.7,292.5,57.5,1017.6
1981020306,-1.1,0,4.4,315.1,45.5,1019.8
1981020312,1.4,0,5.1,308.7,33,1018
1981020318,-0.1,0,2.8,320,38,1021.3
1981020400,0,0,3,323.3,49.5,1024.3
1981020406,-0.7,0,1.7,320.3,64.5,1026.9
1981020412,3.6,0,2,52.1,38,1025.1
1981020418,-1,0,0.7,148.1,48,1028.2
1981020500,-5.3,0,0.3,272.6,72,1029.3
1981020506,-3.2,0,0.7,159.4,71,1030
1981020512,7.3,0,2.3,50,30,1025.6
1981020518,2.2,0,2,346.3,30,1026.7
1981020600,-1.3,0,1.4,333.4,41.5,1026.6
1981020606,-0.2,0,3.2,340,44,1025.5
1981020612,6.1,0,4.1,356.7,37,1021
1981020618,1.3,0,1.9,343.3,46.5,1021.6
1981020700,-1,0,3.5,340,61.5,1019.7
1981020706,0.6,0,3.6,308.7,60,1019.3
1981020712,6.4,0,4.7,315.1,33,1015.8
1981020718,2.2,0,3.7,275.8,30,1018
1981020800,-1.6,0,2,323.6,49,1019.3
1981020806,-0.6,0,1.4,232.6,66,1018.9
1981020812,5.2,0,2,335.5,48,1016
1981020818,1.6,0,0.6,21.6,54.5,1015.9
1981020900,-1.6,0,0.7,16.2,76.5,1014.1
1981020906,0.7,0.4,1.8,300.2,90,1013
1981020912,4.4,0,4.3,320,55.5,1013.4
1981020918,3.5,0,2.5,320,41.5,1017
1981021000,0.3,0,1.4,291.1,48.5,1017.6
1981021006,0.8,0,1.6,99.4,51.5,1017.1
1981021012,6.8,0,7.2,233.3,34,1013
1981021018,3.3,0,6.6,246.7,36.5,1015.4
1981021100,0.6,0,3,240,40,1017.1
1981021106,0.4,0,3.8,282.8,41.5,1020.2
1981021112,7.8,0,4.6,230,21.5,1016.8
1981021118,2.9,0,0.6,292.5,30,1017.5
1981021200,-1.2,0,0.7,350.2,61.5,1015.8
1981021206,1.1,0,0.6,19.4,70.5,1014.9
1981021212,7.5,0,1.2,134.8,69.5,1011
1981021218,7,0,0.3,357.7,85.5,1011.1
1981021300,4.7,0,0.8,356.3,91,1010.6
1981021306,5.5,0,0.7,269.9,89.5,1012.8
1981021312,7.8,6.6,0.5,2.1,90,1010.5
1981021318,7.2,0.7,0.8,350,93,1013.6
1981021400,5.9,0,1.3,332.6,86,1015.7
1981021406,4.9,0,1.8,346.4,86,1019.4
1981021412,9.5,0,1.8,42.6,57,1018.7
1981021418,4.8,0,0.6,2.7,71.5,1020
1981021500,0.4,0,0,0,91.5,1018.6
1981021506,2,0,0.2,0,91,1019.5
1981021512,13.9,0,2.4,89.3,59,1016.6
1981021518,8.8,0,0.5,3.4,73.5,1019.3
1981021600,5.3,10.6,1.8,346.5,83,1019.9
1981021606,6.6,0,2.4,340,81,1021.2
1981021612,5.4,3.8,3,346.6,89.5,1019.4
1981021618,2.6,20.9,5.2,346.6,91.5,1019.3
1981021700,0.9,2.7,5.6,340,92,1021.2
1981021706,1.8,0.7,5.1,340,68.5,1025.2
1981021712,2.9,0,5,340,61.5,1024.4
1981021718,1.7,0,2.8,340,69,1026.1
1981021800,0.8,0,0.7,309.2,78,1024.8
1981021806,1.5,0,1.1,248,76,1022.4
1981021812,8.4,0,2.7,290.4,53,1018.6
1981021818,5,0,2.2,330,58.5,1021.9
1981021900,3.4,0,2.8,332.3,64.5,1021.6
1981021906,3.1,0,2.8,340,60.5,1023.1
1981021912,6.1,0,4.3,349.8,34,1021.2
1981021918,2,0,2.6,315.9,64.5,1023.1
1981022000,0.1,0,0.8,355,79.5,1021.6
1981022006,1.2,0,1.2,240,80,1020.3
1981022012,4.7,0,2.5,263.6,63,1016.3
1981022018,2.1,0,2.8,336.7,61.5,1018.9
1981022100,-0.1,0,2.3,323.3,67.5,1020.2
1981022106,0.1,0,2.3,320,63,1021.6
1981022112,6.1,0,3.2,326.4,32,1019.4
1981022118,1.8,0,0.8,270.2,39.5,1022
1981022200,-1.1,0,1,277.1,61.5,1022.1
1981022206,0.2,0,1.1,303.9,65.5,1022.3
1981022212,8.4,0,2.4,50,48.5,1020
1981022218,5.4,0,0.8,25,66,1019.1
1981022300,2.6,0,0.8,20.3,85.5,1015.9
1981022306,4.1,3,3.6,340,85.5,1016
1981022312,6.3,0.1,3.9,346.4,68.5,1016.4
1981022318,4.6,0,3.4,346.4,71,1017.3
1981022400,3.8,0.4,1.5,349.8,78.5,1015
1981022406,3.8,0,3.7,333.2,78.5,1014.5
1981022412,4.6,0,7.2,310.1,34.5,1015.9
1981022418,1.4,0,3.1,302.7,37.5,1017.3
1981022500,-3.1,0.4,5.5,268,72.5,1019.3
1981022506,-4.6,0,8.4,282,54,1020.4
1981022512,-2.5,0,6.8,298.1,33.5,1018.6
1981022518,-4.8,0,5,286.9,36.5,1021.3
1981022600,-8.6,0,4.8,256.4,46.5,1022.9
1981022606,-10,0,7.4,298.7,39,1022.9
1981022612,-6.5,0,7.7,324.8,31,1024.2
1981022618,-8,0,3.4,320,36,1027.8
1981022700,-10,0,3.7,328.8,44.5,1030.1
1981022706,-8,0,3.2,340,50.5,1030.9
1981022712,0.1,0,2.4,32.3,29,1029.7
1981022718,-2.7,0,0.5,9.9,47.5,1030.1
1981022800,-5.6,0,0.4,355.3,66.5,1029.5
1981022806,-2.2,0,0.7,158.6,51.5,1030.4
1981022812,5.6,0,2.3,50.8,33,1026.3
1981022818,2.5,0,2.1,340.6,32.5,1027.5
1981030100,0.1,0,1.3,343.3,42,1028.3
1981030106,1,0,2.2,354.9,49,1029.1
1981030112,4.6,0,4.2,6.8,49,1026.3
1981030118,3.3,0,4.1,340,60,1028.8
1981030200,1.5,0,4.8,340,66,1029.3
1981030206,2.2,0,1.9,354.9,67,1031.5
1981030212,8.6,0,2.8,92.6,50,1028.6
1981030218,4.6,0,0.5,41.8,59,1028
1981030300,0.1,0,0,0,82,1026
1981030306,1.9,0,0.8,0.9,82,1024.7
1981030312,8.2,0,0.5,10.9,50,1019.8
1981030318,5.2,0,1,357.3,47.5,1019
1981030400,3.3,0,2.6,340,53,1017.3
1981030406,5.4,0,2.2,340,47.5,1017.6
1981030412,12.2,0,3.2,4.1,33.5,1014.6
1981030418,7.9,0,2.1,306.6,44.5,1018.6
1981030500,4.3,0,1.9,326.6,47,1020.4
1981030506,3.9,0,3,340,42,1024.7
1981030512,10.9,0,4.9,234.6,20,1022
1981030518,6.8,0,3,190.4,29,1023.5
1981030600,3.9,0,3.7,305.3,53,1024.4
1981030606,4.1,0,5.2,320,46,1025.2
1981030612,6.9,0,4.9,326.6,19,1024.6
1981030618,2.3,0,1.6,334.9,32.5,1024.8
1981030700,-2,0,0.7,7.7,62.5,1023.3
1981030706,4.7,0,4.6,140.6,37.5,1019.5
1981030712,13.6,0,7.6,173.2,30,1015.5
1981030718,8.9,0,2.2,8.2,50.5,1020.4
1981030800,2.1,0,0.2,356.6,78,1023.4
1981030806,3.7,0,0.6,5.1,80.5,1024.8
1981030812,10.5,0,3.4,40,57.5,1020
1981030818,8,0,1.2,13.6,70,1017.6
1981030900,6.4,0.6,0.2,349.8,92,1013.3
1981030906,7.2,0,1.4,5.1,90.5,1012.4
1981030912,7.7,0,6.7,323.3,53.5,1013.7
1981030918,2.5,0,3.8,333.4,53,1021.5
1981031000,0.2,0,1.6,336.7,60.5,1023.8
1981031006,2.2,0,4.5,332.3,52,1027
1981031012,9.6,0,3.8,351.3,24.5,1025.6
1981031018,4.7,0,1.2,35,46,1029
1981031100,-0.7,0,0.3,330.5,76.5,1030.3
1981031106,4.4,0,0.8,163.3,71,1031.3
1981031112,11.7,0,4.8,128.7,41.5,1026.6
1981031118,7,0,1.4,118.6,60.5,1027.5
1981031200,2.1,0,0.2,8.5,84.5,1026.6
1981031206,4.8,0,0.4,44.2,81.5,1025.9
1981031212,14.5,0,4.2,53.3,42,1022.3
1981031218,11.6,0,1.3,56.6,75.5,1023.1
1981031300,10.3,0.8,0.2,18.9,89.5,1021.1
1981031306,11.2,0,0.7,24.6,89,1020.8
1981031312,12.7,0.5,2.9,13.6,87.5,1017.5
1981031318,11.7,0.5,1.5,13.4,90.5,1017.1
1981031400,9.2,0.4,0.5,316.8,92.5,1013.6
1981031406,9.2,0,0.6,20,93,1011.8
1981031412,15,0,4,158.7,77.5,1006.4
1981031418,12.6,0,4.6,178.9,63,1007
1981031500,6.7,0,5.4,200,46.5,1008
1981031506,6.7,0,3.4,333,48.5,1010.6
1981031512,12.1,0,4.8,328.7,33,1009
1981031518,5.8,0,3.8,340,38,1016.8
1981031600,1.1,0,3.2,340,47.5,1017.9
1981031606,3.4,0,1.5,350,49,1017.2
1981031612,13.2,0,4.6,312.4,22.5,1013.1
1981031618,9.9,0,3.1,342.8,28,1013.4
1981031700,7.4,0,3,357.9,39.5,1014.1
1981031706,8.6,0,2.1,8.7,42.5,1015.5
1981031712,16.3,0,4.9,27.7,31.5,1012.7
1981031718,9.4,0,2.1,39.1,60,1016.2
1981031800,4.2,0,0.3,128,79,1016.3
1981031806,7.2,0,0.6,125.6,82.5,1016.8
1981031812,18.7,0,4.1,91.4,34,1013.3
1981031818,11.6,0,1.4,18.2,60.5,1015
1981031900,6.6,0,0.2,6.6,68,1014.6
1981031906,9.4,0,0.6,58.1,68,1014.4
1981031912,18.7,0,3.1,94.5,26,1011.8
1981031918,11.9,0,0.4,16.2,60.5,1012.8
1981032000,5.8,0,0.4,2.7,81.5,1013
1981032006,9.6,0,1,275.2,71,1013.3
1981032012,17.1,0,4.2,52.9,30.5,1014.2
1981032018,8.7,0,1,349.8,59,1017.6
1981032100,5.6,0,1.3,343.3,83,1016.7
1981032106,6.4,0,2.3,20,81.5,1016.2
1981032112,12.1,0,2.9,346.4,53.5,1011.7
1981032118,7.1,0,1.7,349.8,73.5,1011.9
1981032200,3.2,0,0,0,92.5,1013.1
1981032206,5.3,0,0,0,93,1013.8
1981032212,17.6,0,3.1,85.1,53,1011
1981032218,10.6,0,2.2,0,69,1016
1981032300,6,0,1.6,340,88,1020.6
1981032306,7.8,0,3.5,340,75,1025.6
1981032312,10.3,0,4.6,20,54.5,1024.8
1981032318,7.2,0,2,346.4,63,1026.3
1981032400,4.9,4,1.2,335,78,1024.4
1981032406,6.8,0,1.5,1.3,78,1022
1981032412,8.7,1.5,1.9,6.9,87.5,1016.2
1981032418,8.7,10.3,1,208.6,94,1009.8
1981032500,9.9,2.5,0.2,62.1,94,1002.1
1981032506,9.8,0.5,0.8,29.1,92,1002
1981032512,10.1,0.3,0.9,37.1,91.5,1002.1
1981032518,9.5,0,1.2,61.5,88.5,1004.7
1981032600,8.8,0,6.1,163,56.5,1001.8
1981032606,7.1,0,7.9,230.8,40,1005.6
1981032612,9.2,0,6.8,274.3,37.5,1006.6
1981032618,4.6,0,6,328.6,48.5,1013
1981032700,2.5,0,3.6,328.8,55,1018
1981032706,4.3,0,1.3,353.6,58,1020.3
1981032712,10.1,0,3.8,118.7,44.5,1018.7
1981032718,7.1,0,1.7,249.1,62.5,1020
1981032800,6.1,0,0.3,350.2,74.5,1019.7
1981032806,7.9,0,0.8,354.1,73.5,1021.2
1981032812,14.4,0,3.2,78,36,1018.3
1981032818,9.5,0,0.8,35,63.5,1019.4
1981032900,5.4,0,0.2,4.8,84,1019.4
1981032906,9.2,0,2.4,69.6,63.5,1021.3
1981032912,12,0,6.4,29.9,44,1019.8
1981032918,7.8,0,3.5,6.9,60,1023.5
1981033000,6.2,0,1.6,315,77.5,1023.7
1981033006,8.3,0,2.4,342,73,1024.7
1981033012,11.4,0,4.9,20,49,1022.6
1981033018,8.1,0,1.9,6.9,56.5,1024.7
1981033100,7.2,0,2.3,340,67.5,1022.9
1981033106,9.4,0,3.2,353.1,69.5,1024.6
1981033112,12.2,0,5.1,20,48,1023
1981033118,8.4,0,1.9,90,66,1023.7
1981040100,5.8,0,0.7,80,86,1019.9
1981040106,7.2,0.5,0.7,46.5,86,1019.4
1981040112,10.9,0,1.4,57.7,69.5,1015.5
1981040118,10.2,0,0.4,16.1,76.5,1013.4
1981040200,9.4,0,3.9,308.3,63.5,1012.8
1981040206,7.8,0,3.3,340,70,1017.6
1981040212,11.3,0,3.5,40,45.5,1017.1
1981040218,7.5,0,1.1,49.2,55.5,1019
1981040300,3.7,0,0.7,341.8,81.5,1018
1981040306,8.1,0,2.1,208.2,49,1017.5
1981040312,15,0,3.5,146.6,30.5,1013.1
1981040318,11.1,0,0.8,169.9,47.5,1013.4
1981040400,9.5,0.8,0.2,4.8,53.5,1010.4
1981040406,7.3,6.6,1.1,212.6,88,1011
1981040412,14.7,0,2.5,58.6,52,1008.7
1981040418,9.9,0,0.7,21.9,66.5,1010.1
1981040500,7.7,0.1,0.1,0,85.5,1008.7
1981040506,9.3,2.7,0.5,142.1,90,1008
1981040512,12.4,0,1.4,135.9,78.5,1005.4
1981040518,11.2,0,0.9,135.9,84.5,1006.6
1981040600,9,0,2.6,140,72.5,1007.8
1981040606,11.6,0,3.1,343,68,1011.1
1981040612,17.8,0,3,56.4,44,1011.7
1981040618,12.7,0,1.1,8.1,60.5,1014.5
1981040700,7.8,0,0.4,31.1,86.5,1016.7
1981040706,12.2,0,1.5,10,77.5,1020.4
1981040712,17,0,6,45.1,53,1022.3
1981040718,12,0,1.7,42.3,66.5,1025.6
1981040800,6.9,0,0.3,158.7,86,1025.5
1981040806,10.3,0,1.2,29.3,81,1026.9
1981040812,15.8,0,4.5,50,38.5,1023.8
1981040818,11.6,0,1.5,9.3,74,1024
1981040900,10.3,0,0.2,356.7,78,1020
1981040906,11.2,0.1,0.1,7.7,73,1017.3
1981040912,13.5,6.3,0.8,34.4,87,1011.7
1981040918,12.9,16.1,1.5,20,93,1007.9
1981041000,12.1,6.1,0.7,295,93,1005.6
1981041006,12.5,0.2,1.1,42.3,91,1008.8
1981041012,15.4,0,4.3,62.5,71.5,1009.1
1981041018,13.2,0,0.7,15.6,86,1010.9
1981041100,10.8,0,0.3,44.2,92.5,1012
1981041106,13.8,0,1.2,6.6,81,1013.6
1981041112,21,0,3.7,58.3,51,1011.4
1981041118,16.3,0,1.5,0,68.5,1012.7
1981041200,14,0,0.8,344.8,67.5,1011.8
1981041206,15.2,0,1.7,25,63.5,1012.6
1981041212,15,0,5.1,45.1,60.5,1011.5
1981041218,10.1,0,3.5,6.9,72.5,1015.5
1981041300,8.4,0,1.8,340,78,1014.7
1981041306,9.4,0,0.8,349.8,78.5,1016.3
1981041312,14.6,0,3.8,69,62.5,1015.9
1981041318,12.5,0,1.6,9.3,79,1018.3
1981041400,10.3,0,2,337.2,32.5,1021
1981041406,12.1,0,1,55.6,44,1022.4
1981041412,17,0,4.2,113.4,31,1020
1981041418,11.5,0,0.7,70,49.5,1021.3
1981041500,8.9,0,0.3,16.7,74.5,1019.3
1981041506,10.8,0,0.2,4.8,70.5,1017.7
1981041512,14.5,2.1,2,134.8,40,1013
1981041518,10.7,2.4,0.4,97.9,89.5,1009.4
1981041600,9.9,8.5,1.7,343.3,91.5,1006.6
1981041606,12.1,0,1.1,11.5,78,1008.6
1981041612,13.4,2.6,2.2,53.3,67,1008.2
1981041618,10.4,0.1,2,18.1,78.5,1012.3
1981041700,8.4,0,1.1,353.4,83.5,1015.1
1981041706,11.6,0,0.9,71.2,73.5,1017.6
1981041712,18.8,0,3.6,84.7,42.5,1016.2
1981041718,13.9,0,0.6,17.8,75.5,1017.2
1981041800,9.8,0,0.3,20,89,1017.6
1981041806,14.1,0,0.4,28.8,73,1019
1981041812,19.5,0,2.1,112.5,37,1017.9
1981041818,16.4,0,2.5,176.7,49.5,1018.4
1981041900,11.6,7,0.7,180,81,1015.5
1981041906,10.1,17,2,343.3,93,1011.7
1981041912,13.3,1.4,3,340,73,1003.5
1981041918,11.6,0,2.8,312.4,53,1005.7
1981042000,8.9,0,3.1,326.6,60,1007.1
1981042006,10.1,0,2.5,353.6,59.5,1011.3
1981042012,12.9,0,3.6,50,57.5,1010.5
1981042018,9.9,0,0.8,25,72.5,1014.2
1981042100,6.6,0,0.3,350,89.5,1013.3
1981042106,11.6,0,0.3,16.2,74,1013.4
1981042112,20.4,0,3.3,84.7,33.5,1010.2
1981042118,14.8,0,0.8,39.4,60.5,1010.7
1981042200,10,0,0.3,0,64,1010.6
1981042206,14.8,0,1.9,340,56.5,1012
1981042212,25,0,3.5,320,22.5,1010.1
1981042218,19.9,0,2,243.1,32.5,1013
1981042300,12.6,0,0.2,350,42.5,1014.2
1981042306,15.7,0,0.8,16.7,61,1016.2
1981042312,25.5,0,3.6,148.2,27.5,1012.7
1981042318,19.3,0,2.1,188.1,39.5,1014.6
1981042400,15,0,0.8,128,64.5,1014.7
1981042406,18.3,0,3.5,151.7,66,1012.8
1981042412,19.1,0.2,4.1,163.3,70.5,1009.1
1981042418,14.6,0,4.1,337.9,74,1010.5
1981042500,10.4,0,4.1,314.5,38.5,1012.3
1981042506,12.6,0,1.5,26.6,42.5,1013.1
1981042512,21.7,0,6.7,268.1,20,1009.8
1981042518,16,0,1.5,3.2,32,1013.4
1981042600,8.3,0,0.1,350,68.5,1015.4
1981042606,14.2,0,0.6,317.6,57,1015.3
1981042612,27.4,0,4.9,180,20,1011.5
1981042618,20.8,0,2.4,189.5,39,1014.4
1981042700,14.1,0,0.7,11.9,52,1015.7
1981042706,16.3,0,1,7.6,54.5,1017.6
1981042712,22.3,0,3.7,42.3,23.5,1016.7
1981042718,15.2,0,0.8,33.9,50.5,1018.3
1981042800,8.7,0,0.3,75,83,1018
1981042806,13.6,0,0.9,85.9,71.5,1018.6
1981042812,21.2,0,4.2,121.1,42.5,1015.7
1981042818,18.1,0,1.4,121.1,38,1016.4
1981042900,15.4,0,0.4,23.2,61.5,1014.2
1981042906,13.9,5.3,0.3,16.2,85.5,1012.8
1981042912,15.4,1.7,1.6,42.3,94.5,1008.7
1981042918,16.2,0,1.3,42.3,89,1007
1981043000,12.5,0,0.9,20,91,1008.6
1981043006,16.2,0,3.5,248,52.5,1011.9
1981043012,23.9,0,4,296.7,35.5,1012.4
1981043018,19.7,0,1.2,0.9,48,1015.5
1981050100,13.5,0,0.9,333.1,56.5,1016.8
1981050106,18.9,0,0.4,305.7,49,1018.1
1981050112,23.8,0,3,91.6,33.5,1013.8
1981050118,17.4,0,0.9,16.2,63.5,1014.6
1981050200,16,0,1.4,42.4,64.5,1012.2
1981050206,14.4,5.2,1.5,138.4,87.5,1011.5
1981050212,20.4,0,1.9,122,77,1007.8
1981050218,19.3,0,0.8,355,70.5,1008.3
1981050300,14.9,0,5.3,299.9,51.5,1011
1981050306,13.1,0,3.5,311.5,32.5,1017.2
1981050312,18.1,0,3.4,63.6,28.5,1015.1
1981050318,14.7,0,2.9,186.9,39.5,1016.2
1981050400,10.6,0,1.7,209.4,42,1016.8
1981050406,12.6,0,2.5,52.7,40,1018.1
1981050412,19.3,0,5.8,144.5,27.5,1015.1
1981050418,15.9,0,3.3,173.1,40,1017.6
1981050500,11,0,0.7,130.1,64,1018.4
1981050506,15.3,0,0.7,50.2,64,1019.7
1981050512,24.1,0,5,160,33.5,1016.6
1981050518,17.8,0,2.3,65.5,33,1018
1981050600,12.5,0,0.6,10.1,51,1017
1981050606,14.4,0,1.1,105,57,1016.6
1981050612,21.7,0,5.8,140,42.5,1013.1
1981050618,16.1,0,2.2,140,71.5,1014
1981050700,12.8,0,1,290,90.5,1011.9
1981050706,16.8,0,1.5,280.1,72.5,1011.5
1981050712,22.1,0,4.9,101.2,43.5,1009.8
1981050718,15.8,0,1.4,5.8,77.5,1010
1981050800,13.1,0,0,0,88.5,1009.7
1981050806,18.2,0,1.2,342,75.5,1011
1981050812,25.9,0,6.2,140.5,37.5,1008.4
1981050818,21.6,0,4.9,160,66.5,1008.7
1981050900,21.5,0,2.4,108.4,73.5,1007.8
1981050906,24.8,0,4.3,149.8,68.5,1009.1
1981050912,23.1,0,5.2,79.5,60,1010.5
1981050918,16.2,0,1.6,357.7,72,1011.8
1981051000,15.5,0,0.2,16.2,87,1008.4
1981051006,15.5,0,0.5,100.9,91,1008
1981051012,18.4,0,2.4,112.4,77,1007
1981051018,14.9,0,1.6,53.9,84,1007
1981051100,14.3,0,0.7,65.7,92,1002.7
1981051106,19.4,0,2.2,50,84.5,1000.6
1981051112,24.3,0,3.6,34.5,48,998.1
1981051118,17.3,0,5.9,340,27.5,1003.9
1981051200,12,0,2.7,346.6,30.5,1005.7
1981051206,15.8,0,5.1,281.8,26,1007.3
1981051212,23.3,0,5.1,246.1,22,1003.7
1981051218,18.6,0,3.1,290.9,26.5,1006.6
1981051300,12.7,0,2.5,318.1,41.5,1009.6
1981051306,15.9,0,2.8,23.2,46,1011.9
1981051312,21.6,0,4.2,122.9,30.5,1010
1981051318,16.3,0,1.5,61.1,38.5,1011.8
1981051400,13.2,0,2.2,356.7,58,1011.4
1981051406,18.2,0,0.4,137.7,43,1011.7
1981051412,24.9,0,4.4,121.8,22.5,1009.4
1981051418,18.7,0,0.3,16.2,33,1010.2
1981051500,15.9,0,0.2,0,66.5,1009.1
1981051506,17,0,0.8,17.9,59.5,1010.6
1981051512,18.2,0,2.4,31.8,46,1010
1981051518,15.7,0,0.2,0,48.5,1010.4
1981051600,13.8,0,0.4,0,65.5,1009
1981051606,13.2,0.8,3,6.6,86,1010.1
1981051612,13.8,0,3.9,29.9,81.5,1008.4
1981051618,12.6,0.3,3.2,26.6,83.5,1009.8
1981051700,10.7,0.1,3.2,10.2,85,1008.7
1981051706,11.1,0,3.7,20,81,1010.7
1981051712,12.5,0,5.5,20,62,1010.5
1981051718,9.9,0,1.8,6.6,64,1012.4
1981051800,9,0.2,0.2,353.4,74.5,1012.2
1981051806,9.1,0.1,0.4,280,83.5,1014.4
1981051812,13.4,0,2.9,146.6,65.5,1012.2
1981051818,10.9,0.1,2.2,24.9,79.5,1014.1
1981051900,8.7,0,0.3,353.4,82.5,1014.2
1981051906,12.7,0,1.5,41.5,78,1016.3
1981051912,16,0,4,91.9,56,1015.3
1981051918,13.4,0.8,0.7,17.3,78.5,1015.5
1981052000,10,0,0,0,91,1015.4
1981052006,14.6,0,0.9,125,81,1015.7
1981052012,21.6,0,4,90,46.5,1014.1
1981052018,16.8,0,0.7,19.7,55,1014.6
1981052100,12.5,0,0.1,8.6,80,1014.6
1981052106,18.3,0,2,165.2,72,1014.4
1981052112,26,0,4,158.7,30,1012.2
1981052118,17.8,0,0.7,6.6,70.5,1013.3
1981052200,13.2,0,0.1,0,79,1013.4
1981052206,19,0,1,80,53,1013.1
1981052212,25.8,0,3.2,28.1,35,1009.6
1981052218,21,0,0.7,42.3,51,1010
1981052300,16.2,0,0.1,0,67.5,1009.6
1981052306,21.2,0,0.8,107.6,61,1009.8
1981052312,24,0,2.7,46.8,48.5,1007.1
1981052318,19.3,0,0.9,23.2,67.5,1007.7
1981052400,16.1,0,0.4,350,80,1007.8
1981052406,15.7,0,1.1,93.7,84.5,1008.4
1981052412,21,0,2.6,76.6,64,1005.8
1981052418,17.1,0,0.9,16.2,79.5,1004.7
1981052500,14.6,0,0.6,1.3,90,1007.8
1981052506,18.9,0,1.6,113.1,76.5,1010.1
1981052512,21.8,0,4.2,106.9,50.5,1009.1
1981052518,19.8,0,0.5,17.3,68.5,1009.3
1981052600,17.5,0,0,0,76.5,1010
1981052606,22.6,0,0.4,36.6,60,1012
1981052612,29.2,0,3.3,134.2,29,1010
1981052618,21.9,0,1.3,26.6,50.5,1010.6
1981052700,17.4,0,0,0,74,1010.7
1981052706,20.6,0,0.3,62.1,68.5,1009.4
1981052712,22.4,0,1.1,19.4,60.5,1006.6
1981052718,19.8,0.7,0.7,342.1,71.5,1006.9
1981052800,16.8,1.9,1.5,140,84,1002.5
1981052806,17.1,1.4,0.9,153,92.5,1000.6
1981052812,21.1,0,3,100,78.5,996.3
1981052818,21.5,0,2.9,343.8,44.5,1000.4
1981052900,18.5,0,1.9,336,52,1003.3
1981052906,22.5,0,2.9,14.6,36,1005.1
1981052912,19.9,0,4.1,72.8,53.5,1007
1981052918,15.2,0,2.9,40.1,71.5,1011.4
1981053000,13.5,0,2.9,29.9,77,1012.4
1981053006,14.7,0,0.7,62,73.5,1014
1981053012,18,0,3.8,133.4,58.5,1011.9
1981053018,15.1,0,1.1,52.5,72,1012
1981053100,12.9,0,0,0,87.5,1010.7
1981053106,17.2,0,0.5,28.7,77,1010.4
1981053112,24.3,6.8,6,154.2,30.5,1006.5
1981053118,13.1,0.2,1.8,25,80,1012.4
1981060100,10.9,0,1,26.6,84.5,1012.4
1981060106,13.6,0,0.9,16.2,77.5,1014.7
1981060112,16.7,0,6.2,50,54.5,1014.4
1981060118,13.2,0,1.2,23.2,61.5,1016.6
1981060200,8.4,0,0.1,355.2,87,1016.6
1981060206,14.1,0,0.2,23.2,74,1016.7
1981060212,24.6,0,4.4,130,40,1013.7
1981060218,16.8,0,1.8,18.2,67.5,1014.6
1981060300,13.1,0,0.1,0,86.5,1013.3
1981060306,18.9,0,0.7,39.4,70.5,1013.6
1981060312,26,0,4.3,156.7,40,1010.9
1981060318,21.7,0,1.8,96.8,47.5,1011.1
1981060400,17.4,0,1,150.6,64,1010.9
1981060406,20.9,0,1.5,155.2,64,1012
1981060412,26.2,0,3.4,145.3,32.5,1008.3
1981060418,19.9,0,0.9,37.5,54,1008.8
1981060500,16.6,0,1.2,17.6,66,1009
1981060506,21.6,0,1.5,16.5,49.5,1010.1
1981060512,25.8,0,4.4,102,27.5,1009.3
1981060518,19.5,0,1,27.5,47,1009.6
1981060600,14.9,0,0.2,356.7,78,1010.7
1981060606,21.7,0,0.3,8.6,66.5,1011.8
1981060612,27.1,0,4.1,84.7,40,1010.7
1981060618,20.6,0,1,26.6,61.5,1012.2
1981060700,16.9,0,0,0,73,1014.4
1981060706,21.5,0,1,112.5,63,1016.2
1981060712,23.6,0,3,102.4,51.5,1015.3
1981060718,20.8,0,0.4,16.2,69.5,1015.4
1981060800,17.4,0,0.2,8.6,74,1016.7
1981060806,23.3,0,0.2,4.8,58,1017.2
1981060812,30.2,0,3.3,117.2,28,1015.7
1981060818,24.9,0,0,0,49.5,1015.8
1981060900,19.8,0,0.1,13.3,74,1016
1981060906,22.4,0,0.5,27.5,69,1015.8
1981060912,25.9,0,2.1,52.9,49.5,1014
1981060918,23.1,0,1.4,53.3,55,1014.5
1981061000,19.8,0,2.9,15,64,1013.6
1981061006,17.6,3.4,4,3.3,85.5,1015.3
1981061012,20.3,0,2.3,24.9,67.5,1011.9
1981061018,18.3,0,0,0,74,1011.1
1981061100,16.2,0,0.1,0,85,1009.6
1981061106,20.2,0,0.6,23.9,74,1009
1981061112,21.4,3,2.5,77.9,59.5,1007.3
1981061118,17.1,12.9,0.2,11.2,92.5,1007.9
1981061200,16.1,24.7,0.3,10,93.5,1005.3
1981061206,16.2,10.4,1.5,16.7,91,1005.8
1981061212,17.9,0.1,2.5,20,86,1005.4
1981061218,17.1,0,0.3,6.6,83.5,1006.9
1981061300,15.7,0,0.1,7.7,88,1007
1981061306,18.7,0,1.1,70,81.5,1008
1981061312,22.2,0,1.8,119.9,68,1006.6
1981061318,18.4,0,0.8,70,79.5,1007.4
1981061400,16.2,0,0.1,3.3,91,1006.6
1981061406,17.1,0,0.2,7.7,88.5,1008.2
1981061412,21.4,0,2.5,73.3,72.5,1007.1
1981061418,18.5,0,0.5,26.6,83.5,1007.9
1981061500,16.9,0,0.1,11.4,90,1007.9
1981061506,17.2,0,0.5,25,92.5,1009.4
1981061512,21.5,0,1.8,37.2,75,1007.8
1981061518,18.3,0,0.1,10,83.5,1009.4
1981061600,16,0,0,0,94.5,1008.4
1981061606,18.6,0,0.2,4.8,92,1008.8
1981061612,23.8,0,3.1,53.3,71,1007
1981061618,19.4,0,1,33.8,87,1007.9
1981061700,17.5,0,0,0,91.5,1007.7
1981061706,22.7,0,0.2,8.6,78.5,1008.7
1981061712,30,0,3,61.3,52,1006.7
1981061718,22.8,0,0.9,13.4,86,1007.3
1981061800,22.1,0,0.5,350.1,92.5,1007.3
1981061806,25.2,0,0.3,7.7,85.5,1009.1
1981061812,27.8,0,2.2,80.7,52.5,1009.4
1981061818,23,0,0.8,141.1,77.5,1010.9
1981061900,19.7,0,0.5,23.2,90.5,1011.3
1981061906,19.9,0,1.6,19.7,82.5,1012.2
1981061912,22.3,0,2.9,50,68.5,1011
1981061918,19.5,0,1.3,42.3,81,1011.7
1981062000,18.7,0.8,0.2,17.9,91.5,1010.4
1981062006,19.2,8.2,0.2,4.8,94,1010.5
1981062012,23.5,0,1.8,87.6,78.5,1008.8
1981062018,20.9,0,1.2,150,85.5,1010.5
1981062100,19.6,14,0.2,27.5,92.5,1008.8
1981062106,20.7,3.9,0.2,350.6,93.5,1007.7
1981062112,27.4,0.2,5,176.7,80,1004.2
1981062118,27.2,0.1,4.8,196.7,76.5,1003
1981062200,26.3,0,3.8,190,81,1001.1
1981062206,26.9,0.8,3.5,200,81,1000.4
1981062212,26.7,0.3,4.4,180,81.5,997.1
1981062218,22.2,9.2,1.5,24.1,92.5,997.4
1981062300,19.1,0,2.8,20,92,1000.4
1981062306,20.9,0,1.5,88.8,89,1005.7
1981062312,22.5,0,3.8,135.1,69,1007.1
1981062318,20.6,0,1.1,55,85.5,1008.6
1981062400,19.1,0,0,0,94,1010.1
1981062406,22.2,0,0.1,348.6,77.5,1011.5
1981062412,26.8,0,1.2,85.8,46,1010.9
1981062418,22.6,0.1,1,0,70.5,1011
1981062500,19.2,4,0.9,80.5,79.5,1009.4
1981062506,18.2,24.5,0.3,6.6,93.5,1006.9
1981062512,18.7,16.8,0.7,10,91,1004.8
1981062518,19.3,0,0.3,5,91.5,1003.9
1981062600,19,1,0.2,3.3,92,1002.6
1981062606,21.9,0,0.7,28.5,90.5,1002.1
1981062612,25,0,2.6,42.3,76.5,1000
1981062618,23.2,0.3,1.5,125,88,1000.2
1981062700,21.4,0,1.2,50,91.5,1000.2
1981062706,24.3,0,1.9,137.6,85,1002.2
1981062712,28.5,0,2.7,156.2,71.5,1000.6
1981062718,24.5,0,1.5,52.4,81,1002.1
1981062800,21.6,0,0.8,21.6,90,1002.7
1981062806,22.5,14.8,0.5,57.9,92.5,1005.1
1981062812,23.3,5,1.4,50,90.5,1003.8
1981062818,21.1,6.4,2,35,92.5,1005.1
1981062900,19.2,3,1,25,93.5,1006.4
1981062906,20.9,0,1.3,28.5,91.5,1009
1981062912,22.7,0,2.2,55.6,74.5,1010.2
1981062918,20.7,0,1.6,156.8,83,1010.1
1981063000,19.4,0.2,0.3,0,91.5,1011
1981063006,20.5,5.8,0.6,6.6,95,1011.5
1981063012,23.2,0.5,1.5,31.2,88.5,1011.3
1981063018,20.7,0,1.7,140.6,90,1012.2
1981070100,20.9,0,0.1,8.6,94.5,1012.7
1981070106,22.1,8.9,0.4,23.2,92.5,1013.8
1981070112,23.1,37.5,1.1,51.1,92,1012.8
1981070118,22.3,13.1,0.4,16.7,93.5,1013.6
1981070200,22.5,41.6,1.4,27.4,92.5,1011
1981070206,24.1,12.5,1.9,101.6,93.5,1011
1981070212,27.9,0,5.9,172.4,81,1008.4
1981070218,26,0,2.5,161.1,80.5,1010
1981070300,22.8,0,0.3,17.9,92.5,1010.5
1981070306,23.5,0,0.5,39.9,89.5,1011.4
1981070312,22.2,0.1,1.8,29.4,81,1011.5
1981070318,19.4,0,0.9,19.4,87.5,1013.1
1981070400,17.8,0.5,0.3,17.9,91,1013.6
1981070406,17.8,5.1,0.2,9.4,93,1014.5
1981070412,19.8,0,1.4,94.5,91,1012.7
1981070418,18.8,0,0.7,81.1,89,1012.8
1981070500,20.7,0,0.9,80,94,1009.8
1981070506,26.1,0,3.5,186.6,74,1008.7
1981070512,27.9,0,4,180,67.5,1006.6
1981070518,26.1,0,2.2,183.3,79.5,1006.5
1981070600,25.7,0,2.7,194.7,81.5,1004.8
1981070606,26,0,4.7,183.4,76,1004.2
1981070612,26.3,0.4,3.5,190,87.5,1002.7
1981070618,23.6,2.2,0.2,4.8,87,1005.1
1981070700,20.8,0,0.1,3.3,93.5,1005.4
1981070706,25.1,0,0.7,23.2,83.5,1007.3
1981070712,27.7,0,3.6,95,68.5,1005.3
1981070718,23.4,0,1.1,21.6,81.5,1006.2
1981070800,21.3,0,0.2,4.8,89.5,1005.4
1981070806,24.8,0,0.7,52.5,86.5,1005.8
1981070812,30,0,4.2,168.7,56.5,1003.3
1981070818,26.4,0,1.6,120.5,78.5,1004
1981070900,25.6,0,3.8,178.9,90,1002.5
1981070906,26.7,0,4.8,190.2,82.5,1001.7
1981070912,26.4,0.6,3.7,193.6,79.5,999.4
1981070918,23.7,5.8,2.3,204.8,87.5,1002.9
1981071000,21.5,0,0.8,41.5,85,1004
1981071006,22.9,0,0.9,280,85.5,1006.2
1981071012,25.3,0,1.2,125,72,1006.1
1981071018,23,0,0.6,19.7,82,1007.1
1981071100,21.3,1.3,0.7,150.6,92,1007.4
1981071106,21.1,4.4,0.5,22.4,92,1010
1981071112,22.7,2.9,0.9,56.5,90,1009.8
1981071118,21.5,0.4,1.2,56.6,88,1011.3
1981071200,20.5,0.3,0.8,31.8,94,1009.6
1981071206,21.1,0.3,0.7,137.7,94.5,1010.4
1981071212,25.4,0.5,3.7,152.3,91.5,1009
1981071218,25.3,0.4,2,101.6,87,1010
1981071300,24.2,5.7,0.9,31.8,93,1010.1
1981071306,26.8,0,2.3,127.9,88,1010.9
1981071312,31.2,0,4.9,200,67.5,1008.8
1981071318,27,0,1.6,169,79,1010
1981071400,24.7,0,0.6,42.3,89,1009.1
1981071406,26.8,0.2,1.1,40.1,90,1009.6
1981071412,28.4,1.1,2,125,83.5,1007.8
1981071418,27.4,0,2.8,193.1,79,1008.6
1981071500,24.1,0,0,0,91.5,1008.7
1981071506,27.2,0,1.5,31.1,86.5,1009.1
1981071512,32.5,0,4,200,54,1008
1981071518,28.9,0,2,147,68,1009.7
1981071600,25.2,0,0.3,3.3,87.5,1009.7
1981071606,27.5,0,2.3,217.9,84,1010.9
1981071612,31.8,0,4.1,218.2,65,1011.1
1981071618,29,0,3.6,200,71,1012.6
1981071700,26,0,0.7,280,84,1012.8
1981071706,28.7,0,0.8,295,78.5,1013.8
1981071712,33.2,0,2.6,125,61.5,1011.8
1981071718,30.2,0,2.2,342.1,73.5,1013
1981071800,26.9,0,1.6,0,86.5,1012.6
1981071806,29.6,0,0.8,355.6,76,1014.6
1981071812,34,0,3.8,88.4,58,1010.6
1981071818,29.9,0,0.6,6.6,72.5,1010.5
1981071900,27.2,0,0.2,16.2,86.5,1010.7
1981071906,29.7,0,0.8,42.1,80,1011.7
1981071912,33.4,0,3.8,99.7,64,1009.1
1981071918,29.8,0,1.3,42.3,72,1008.7
1981072000,26.9,0,0.1,4.8,86,1009.8
1981072006,29.5,0,0.6,25,80.5,1009.6
1981072012,35,0,3.2,121.1,55,1007.5
1981072018,30.9,0,1.3,107.6,65,1008.3
1981072100,27.1,0,0.8,58.1,83,1008.3
1981072106,29.5,0,1.9,202.1,77,1008.3
1981072112,34.7,0,2.5,243.7,50.5,1006.2
1981072118,29.8,0,0.6,78.6,64,1007
1981072200,26.8,0,1.9,60,75.5,1007.4
1981072206,29.3,0,1.5,70,78,1007.4
1981072212,30.9,0.9,3.4,53.3,66,1007.4
1981072218,27.4,0,1.5,50,76.5,1009.1
1981072300,25,0,0.9,50,88,1009.6
1981072306,26.2,0,0.9,33.8,85,1010
1981072312,28.4,0,2.8,50,74.5,1008.6
1981072318,25.5,0,0.9,50,81,1009.1
1981072400,24.2,0,0.7,25,90.5,1008.8
1981072406,24.9,0,1.2,33.8,90,1009.1
1981072412,27,0,1,50,84.5,1007.7
1981072418,25.8,0,0.8,33.8,83,1008.2
1981072500,23.8,0,0.1,7.7,91.5,1008.3
1981072506,27.3,0,1,25,86.5,1007.5
1981072512,31.4,0,4.2,136.3,69,1007
1981072518,27.8,0,1.9,96.6,83.5,1007.1
1981072600,25.9,0,0.6,80,93,1007.5
1981072606,27.9,0,1.1,125.6,88.5,1008
1981072612,32.1,0,4.4,111.9,63.5,1006.2
1981072618,27.4,0,1.8,40,78,1007.8
1981072700,25.4,0,0.4,10,82.5,1006.5
1981072706,26.2,0,1.2,42.3,83.5,1007.5
1981072712,27.8,3.4,3.1,53.3,73,1006.6
1981072718,26,0,1.4,35,83.5,1008.8
1981072800,24.5,12.3,0.4,342.6,91.5,1007.8
1981072806,25.8,0.5,0.4,26.9,92,1009.6
1981072812,30.5,0,4.1,96.6,76.5,1007.9
1981072818,27.8,0,1.4,160,82.5,1009.7
1981072900,25.9,0,0,0,92,1010.1
1981072906,28.9,0,1.6,280,83,1010.5
1981072912,33.6,0,4,169.8,57.5,1008.7
1981072918,28.8,0,1.1,80,74.5,1010.2
1981073000,25.2,0,0,0,91,1010.2
1981073006,28.1,0,0.4,28.8,86,1010
1981073012,33,0,3.3,51,54,1007.4
1981073018,28.5,0,2.5,24.9,62.5,1007.9
1981073100,26.9,0,4,20,76.5,1006
1981073106,29.2,0,5.1,40.1,74,1005.4
1981073112,28.3,0,5.9,50,75.5,1005.6
1981073118,27.7,0,4.7,62.5,82.5,1007.3
1981080100,26.5,0,1.7,127.1,87,1008.4
1981080106,27,0,3.4,56.6,89,1011.4
1981080112,30.2,0,4.2,319.7,71.5,1011.4
1981080118,28,0,0.9,280,80,1013.4
1981080200,25.9,0,0,0,89.5,1014.2
1981080206,28.4,0,1.7,295,83,1013.6
1981080212,33.6,0,4.2,230,49,1011.7
1981080218,29.2,0,1.7,236.8,59.5,1011.9
1981080300,25.4,0,0.2,7.7,82,1010.9
1981080306,28.9,0,1.8,240,77.5,1009
1981080312,34.1,0,3.9,233.9,54.5,1005.7
1981080318,29.2,1,0.5,350.4,73,1004.7
1981080400,26.7,0,0.2,7.7,85.5,1001.7
1981080406,25.3,6.7,2,28.5,87.5,1000.4
1981080412,24,0.3,3.4,50,82,1000.6
1981080418,22.4,0,2.6,50,75.5,1001.3
1981080500,20.6,0,2.6,50,74.5,1002
1981080506,22.6,0,4.1,50,66.5,1002.6
1981080512,24.4,0,4.6,50,52,1002.4
1981080518,20.1,0,0.8,16.2,65,1004
1981080600,16.9,0,0,0,83.5,1003.4
1981080606,20.4,0,0.1,8.6,79,1004.3
1981080612,27.2,0,3.2,140,53,1002.9
1981080618,24.7,0,0.2,8.6,68.5,1004.4
1981080700,22.6,0,0,0,80,1003.1
1981080706,22.9,0,0,0,78,1004
1981080712,27.1,0,3.2,97.7,67.5,1001.6
1981080718,25.7,0,0.5,45,79,1001.6
1981080800,23.2,0,0,0,90.5,1002
1981080806,26.4,0,0.8,70,82,1003
1981080812,31,0,3.8,151.3,55.5,1002.1
1981080818,26.6,0,1.2,129,73,1002.1
1981080900,23.9,0,0,0,86.5,1001.3
1981080906,26,0,0.4,17.9,87,1003.1
1981080912,34,0,3.7,209.3,51,1001
1981080918,27.8,0,1.6,172.7,72,1002.6
1981081000,25.7,0,0,0,89.5,1003.7
1981081006,25.7,0,0.2,350.1,89,1005
1981081012,30.2,0,2.1,143.3,66,1004.2
1981081018,24.7,6.2,1.8,130.1,88.5,1006
1981081100,21.8,11.2,0.2,28.7,94,1001.1
1981081106,21.7,24.8,1.5,55,93.5,1001.1
1981081112,24.8,0,3.3,135.1,81,1001.1
1981081118,23.6,0,0.8,70,72,1003.1
1981081200,20,0,0.1,353.6,90,1003.8
1981081206,23.3,0,0.2,27.5,85.5,1004.8
1981081212,28.6,0,3.5,140,64,1004.3
1981081218,24.5,0,1.5,140,82.5,1006.6
1981081300,21.9,0,0.1,8.6,92.5,1007.1
1981081306,23.1,0,0.7,27.5,86.5,1009.4
1981081312,26.2,0,4,140,68,1009.4
1981081318,23.3,0,0.6,70,77.5,1010.7
1981081400,20.5,0,0.5,45,90,1011.9
1981081406,23.1,0,1.5,86.6,85,1013.1
1981081412,27.2,0,3.9,114.9,61,1012.7
1981081418,23.3,0,1.1,98.6,78.5,1014.2
1981081500,21.4,0,1,80.5,89,1012.8
1981081506,24.1,0,1.9,204.5,80.5,1014.5
1981081512,27.1,0,3.7,156.7,57.5,1012.3
1981081518,23,0,0.5,17.9,73.5,1012.4
1981081600,19.3,0,0,0,90.5,1011.4
1981081606,22.5,0,0.3,23.2,87,1011.4
1981081612,28.7,0,2.3,153.4,60.5,1009.1
1981081618,24.4,0,0.3,27.5,79,1009.7
1981081700,21.4,0,0,0,92.5,1008.4
1981081706,26,0,0.1,350,88.5,1007.1
1981081712,31.1,0,3.9,216.5,56,1004
1981081718,27.5,0,2.5,215,71,1003.8
1981081800,27,0,4.1,225.1,80,1002
1981081806,28.1,0,4.1,236.4,72,1000.8
1981081812,28.6,0,3.4,230,68.5,999.8
1981081818,23.7,2,0.6,2.1,90.5,1003
1981081900,23.1,0,1,8.6,90.5,1003.9
1981081906,24.2,0,2.5,20,83.5,1005.1
1981081912,25.2,0,2.4,45.1,76,1004.7
1981081918,23.8,0,0.2,25,81,1005.4
1981082000,23,0,0.7,1.3,87,1005.1
1981082006,24.6,0,0.9,42.3,88,1004
1981082012,27.6,0,2.9,50,76,1002.1
1981082018,25,0,1.5,33.8,82,1002.4
1981082100,23.2,0,0,0,89,999.5
1981082106,23.9,0,0.2,16.2,89.5,999.4
1981082112,28.4,0,1.8,55.9,69,998.6
1981082118,25.2,0,1.3,37.4,77.5,1000
1981082200,21.5,0,0.4,5,90,1000.4
1981082206,23.5,0,1.1,14.7,89,1000.4
1981082212,27.7,0,3.6,53.3,62.5,998.1
1981082218,23.5,0,0.7,25,81,999.4
1981082300,20.4,0,0.7,10,91.5,997.4
1981082306,24.3,0,2.2,16.7,75,998.9
1981082312,30.2,0,3,75.7,45,998.5
1981082318,25.5,0,0.4,24.6,60.5,1001.1
1981082400,21,0,0.2,350,87.5,1001.7
1981082406,24.4,0,0.4,72.3,79,1003.9
1981082412,29.5,0,3.8,130.9,59.5,1002.9
1981082418,25.4,0,0.8,295,70.5,1005.3
1981082500,22.1,0,0,0,88.5,1005.1
1981082506,25.5,0,1.3,280,87,1005.1
1981082512,29.6,0,3.9,190.2,54,1003
1981082518,27.5,0,3.8,163.4,72,1002.5
1981082600,26.4,9,3.4,160,78,1000.6
1981082606,26.1,4.8,2.4,181.3,93.5,1000.3
1981082612,28.5,0.5,2.8,50,73.5,1000.6
1981082618,24.5,0.1,0.4,350,88,1004.2
1981082700,21.8,0,0,0,92.5,1004.8
1981082706,23.9,0,2.2,8.6,77.5,1006.5
1981082712,28.1,0,3.8,29.9,50,1005.4
1981082718,22.6,0,0.3,3.3,65,1008.6
1981082800,18.4,0,0,0,88.5,1008.8
1981082806,20.6,0,0.4,10,87.5,1009.3
1981082812,27,0,3.1,45.1,53.5,1007.7
1981082818,23.8,0,0.8,33.8,75,1009.4
1981082900,22.2,0.2,1.5,340.9,83,1007.7
1981082906,21.8,54,1.4,93.4,94.5,1008.3
1981082912,25.5,4.7,2.2,157.9,91.5,1007.1
1981082918,25.2,0.3,0.8,11.9,91.5,1008.3
1981083000,26.2,0,2,185,86.5,1007.4
1981083006,27.3,0,2.8,176.6,82,1009.1
1981083012,27.4,0.4,4,36.1,75,1009.6
1981083018,22.9,0,0.1,3.3,87.5,1012.8
1981083100,22.2,0,0.1,7.7,91.5,1011.1
1981083106,23.8,0,0.2,0,90.5,1013
1981083112,28.6,0,3.2,86.1,74.5,1011.3
1981083118,23.7,0,2,16.7,84,1013.4
1981090100,22.4,0,0.9,28.5,88.5,1011.9
1981090106,23.4,0,1.5,20,88,1014.4
1981090112,23.3,0,4.6,20,81.5,1012.7
1981090118,22.4,0,1.9,358.2,86.5,1011.9
1981090200,22.8,0,0.8,356.3,91,1009
1981090206,22.8,0,1.1,20,90.5,1010.6
1981090212,23.6,0.9,1.1,5.5,86,1007.5
1981090218,23,5.8,0.5,25,95.5,1006.1
1981090300,23.4,21.3,4.8,50,94.5,1002.5
1981090306,23.6,57.7,9.2,117.9,93.5,996.7
1981090312,24,28,3.6,183.3,95,990.4
1981090318,22.7,24.7,4.2,73.8,95,991.5
1981090400,20.2,0.3,3.2,50,80.5,997.3
1981090406,20.5,0,5.7,50,71,1003.4
1981090412,23.2,0,4.3,50,57.5,1004.3
1981090418,18.7,0,2.5,50,70,1008.4
1981090500,16.2,0,0.2,16.2,86,1009.1
1981090506,19.2,0,0.9,313.9,81.5,1011.3
1981090512,25.6,0,2.6,77.6,36,1010.9
1981090518,19.2,0,0.8,95.3,59.5,1013.7
1981090600,15.1,0,0.1,0,86,1014.6
1981090606,18.9,0,1.1,55,80.5,1015.8
1981090612,24.6,0,4.6,50,50.5,1014.4
1981090618,18.6,0,1.6,33.8,69.5,1016.8
1981090700,15.1,0,0.3,318.8,84,1016
1981090706,19.9,0,1,31.7,82,1016.4
1981090712,24.1,0,3.9,177,43,1014.4
1981090718,18.8,0,1.1,26.6,62,1015.7
1981090800,15.6,0,0.2,16.7,87,1013.3
1981090806,18.7,0,0.2,7.7,86,1011.8
1981090812,25.5,0,2.4,170,60.5,1008.3
1981090818,21,0,0.9,270,78,1009.1
1981090900,18.6,0,0.4,36.9,92,1007.5
1981090906,20.8,0,0.5,250,82.5,1008.2
1981090912,26.9,0,1.9,330.4,49,1007.1
1981090918,22.2,0,3.6,13.4,59,1012
1981091000,19.7,0,1.9,0,77,1012.7
1981091006,20.3,0,3.3,31.8,78.5,1014.1
1981091012,22.8,0,4,43.4,61.5,1012.7
1981091018,19.1,0,1.5,357.4,70,1014.5
1981091100,16.6,0,0.4,25,89,1013.4
1981091106,20,0,1,37.2,81.5,1013
1981091112,22.6,0.2,2.8,66.7,71,1010.6
1981091118,20.1,0,0.7,356.8,78.5,1011.1
1981091200,18.4,0,0.4,6.6,88.5,1009.4
1981091206,20,0,2.1,330,76.5,1011
1981091212,25.4,0,2.8,161.2,47.5,1009.3
1981091218,21,0,1.9,330.5,64.5,1011.8
1981091300,15.9,0,4.2,343.3,66,1013.7
1981091306,17.2,0,2.2,10,59.5,1016.7
1981091312,24.5,0,3.3,358,41,1015.4
1981091318,19.3,0,0.5,10,57.5,1016.6
1981091400,15.3,0,1.7,0.4,68,1017.3
1981091406,17.5,0,3,20,65.5,1019.3
1981091412,22.5,0,3,42.6,41.5,1017.9
1981091418,17,0,1.2,42.3,61.5,1021.5
1981091500,12.4,0,0.3,2.9,89,1021.6
1981091506,15.2,0,0.7,350.7,81,1022.1
1981091512,22.7,0,4.2,73.3,41,1021
1981091518,16.2,0,0.3,3.3,65.5,1023.5
1981091600,11.7,0,0,0,85.5,1022.7
1981091606,15.9,0,0.4,0,82,1023.3
1981091612,24.3,0,3.8,83.4,33,1020
1981091618,17.4,0,0.4,31,61.5,1021.2
1981091700,13.3,0,0,0,85,1020.3
1981091706,17.6,0,0.5,22.9,80,1020.2
1981091712,25.7,0,3.8,160,40.5,1017.3
1981091718,19.6,0,0.9,181.3,69.5,1018.3
1981091800,15.1,0,0.4,305,90.5,1017.7
1981091806,17.9,0,0.4,6.5,88,1017.1
1981091812,23.5,0,1.7,206.8,63,1014.9
1981091818,19.6,0,1,131.4,72.5,1015.8
1981091900,16.2,0,0.1,0,91.5,1015.1
1981091906,19.2,0,1.1,237.8,87,1015.4
1981091912,25.8,0,3.5,100.2,50,1015.1
1981091918,20.1,0,0.7,8.7,76,1017.5
1981092000,17.3,0,0.8,341.1,90,1018.7
1981092006,20.1,0,1.9,7.7,82.5,1019.5
1981092012,23.6,0,3.7,16.2,66,1019.3
1981092018,19.2,0,1.5,357.2,75,1021.3
1981092100,16.4,0,0.8,349.6,93,1021
1981092106,19,0,1.4,355.2,90.5,1022.7
1981092112,25.5,0,4.5,21.9,52,1019.7
1981092118,19.4,0,1.1,325,77.5,1020.8
1981092200,15.7,0,0.6,215.5,90.5,1020.3
1981092206,19.2,0,0.6,196.8,88.5,1020
1981092212,27.9,0,2.8,90,41,1016.8
1981092218,19.8,0,0.8,257.9,59.5,1017.9
1981092300,15.1,0,0.4,265.2,87,1017
1981092306,19,0,0.5,35,84.5,1017.9
1981092312,25.8,0,3.8,56.6,49.5,1015.9
1981092318,20.8,0,0.8,312.3,83.5,1017
1981092400,19,0,0.3,348.6,91.5,1014.9
1981092406,20.7,7.7,0.1,28.7,92.5,1013.4
1981092412,22,79.5,1.9,45,94,1009.1
1981092418,22.1,73.3,2.4,88,94,1005.8
1981092500,18.6,7.4,2,351.6,94,1005.4
1981092506,18.2,2.1,2.4,318.4,93.5,1009.3
1981092512,19.7,0,3,333.4,81,1010
1981092518,19.1,0,2.4,340,80,1012.3
1981092600,18.2,0,1.7,343.3,79,1012.4
1981092606,20.5,0,2.6,336.7,68,1013.6
1981092612,26.2,0,2.5,353.1,45,1011.8
1981092618,19.6,0,0.1,355.2,72,1013.1
1981092700,15.2,0,0,0,91.5,1011.9
1981092706,19.5,0,0.2,3.3,81.5,1011.8
1981092712,26.7,0,3,87.5,46,1009.1
1981092718,20.2,0,0.2,11.4,70,1010.6
1981092800,17.2,0,1,0,91,1010.6
1981092806,16.5,0,4.5,0,75.5,1016.8
1981092812,16.3,0,4.2,0,66,1017.3
1981092818,14.6,0,3.5,356.7,63.5,1019.3
1981092900,13,0,2.6,346.6,68.5,1019.4
1981092906,16.2,0,2,345.5,65,1018.9
1981092912,19.7,0,4.1,26.6,49.5,1016
1981092918,14.6,0,1,352.4,73.5,1016.7
1981093000,12.7,0,0.5,304.7,89.5,1014.6
1981093006,15.4,0,0.5,186,84.5,1014.6
1981093012,21.6,0,2.1,50.3,53.5,1011.4
1981093018,17.7,0,0.9,34.5,72.5,1011.5
1981100100,15.4,0,0.3,345.5,89,1009
1981100106,18.1,0,1.7,55,83.5,1007.8
1981100112,23.1,0,2.5,0,53.5,1004.2
1981100118,17.5,0,0.7,318.1,74.5,1006.6
1981100200,15.8,0,1.3,346.8,78,1007.5
1981100206,18.1,0,3.2,309.8,76.5,1009.7
1981100212,24.3,0,2.9,310.4,39,1008.2
1981100218,17.2,0,2.7,336,69,1012.3
1981100300,13.5,0,0.7,346.9,82,1015.7
1981100306,15.8,0,2.4,317.6,69.5,1019
1981100312,19.7,0,5.1,24.9,52,1019.1
1981100318,14.6,0,1.8,6.6,63,1021.3
1981100400,10.2,0,0.1,3.3,89,1021.5
1981100406,13.8,0,1,166,86,1020.6
1981100412,21.3,0,2.8,128.2,55.5,1016
1981100418,17.9,2.1,0.2,350,80,1014.4
1981100500,16.7,4.1,0.4,340.3,95,1009.6
1981100506,17.7,1.8,2.4,313.8,89,1011.1
1981100512,21,0,3.1,291.5,64.5,1011.8
1981100518,16.4,0,1.1,308.6,70,1013.6
1981100600,14.5,0,0.7,285.9,90,1014
1981100606,17.6,0,0.9,248.4,77,1015.1
1981100612,21.6,0,1.5,333.9,53.5,1012
1981100618,17.8,0,0.7,331.9,67,1014.4
1981100700,16,0,0.8,354.3,70.5,1014.6
1981100706,16.8,0,0.4,321.3,75,1015.9
1981100712,20.7,0,3.7,37.1,56.5,1014.5
1981100718,17.8,0.1,1.2,339.8,77.5,1015.3
1981100800,16.2,5,0,0,89.5,1011.9
1981100806,17.1,0.6,1.1,10.4,92,1010
1981100812,21,0,1.1,346.8,77,1006
1981100818,18.5,0,1.5,340,64,1007
1981100900,16,0,3.6,333.1,64.5,1008.3
1981100906,14.4,0,2,307.4,57,1012.4
1981100912,18.6,0,6.5,253.3,41.5,1010.1
1981100918,13.7,0,2.5,270,46.5,1012.7
1981101000,12.5,0,3.8,289,54.5,1014.6
1981101006,15.4,0,3.8,319.8,51,1017.5
1981101012,22,0,3.4,296.5,38.5,1015.1
1981101018,15.1,0,0,0,58.5,1017.9
1981101100,10,0,0.3,350,85,1019.1
1981101106,13.2,0,1,338.1,73.5,1021.3
1981101112,21.4,0,1.5,140,37,1019.7
1981101118,13.9,0,0.1,11.4,61.5,1023.3
1981101200,9.8,0,0,0,87,1024.3
1981101206,13.4,0,0.2,342.1,81.5,1026.3
1981101212,21.8,0,2.8,96.8,38,1023
1981101218,15.3,0,0,0,76,1023.1
1981101300,12.6,0,0.5,358.9,90,1021.2
1981101306,14.3,0,0.1,350,87,1020.4
1981101312,17.9,0.4,0.5,222.4,73,1017.1
1981101318,14,0,0.7,341.1,72.5,1017.3
1981101400,11.7,0,3.8,313.4,63.5,1019.5
1981101406,12.8,0,3.6,333.4,69.5,1022.7
1981101412,18.1,0,1.3,30.4,39,1020
1981101418,12.1,0,0.1,10,65.5,1020.8
1981101500,8.3,0,0.4,353.6,86,1020.3
1981101506,14.7,0,2,323.3,54,1022.3
1981101512,19.1,0,2.5,137.6,35.5,1017
1981101518,12.7,0,0.1,8.6,63,1017.6
1981101600,10.4,0,0,0,86,1017.5
1981101606,14.3,0,0.6,331.9,73.5,1018.1
1981101612,21.3,0,1.9,81.8,44,1015.9
1981101618,14.1,0,0.1,350,66,1017.6
1981101700,10.4,0,0.2,334.5,88,1018
1981101706,13.4,0,0.2,7.7,83,1019.8
1981101712,21.9,0,2.5,80,48,1017.3
1981101718,15.3,0,0,0,74,1017.2
1981101800,11.2,0,0,0,93,1014.2
1981101806,13.6,1.5,0.3,356.7,86,1015.5
1981101812,16.1,2.7,0.4,356.7,92,1014
1981101818,15.5,0,0.1,0,91,1017.1
1981101900,13.4,0,0.6,337.6,95,1020.2
1981101906,15.7,0,4.2,340,83,1022.6
1981101912,16.8,0,5.7,13.4,58,1023.8
1981101918,14.8,0,3.4,350,57.5,1025.2
1981102000,13.7,0,3.8,340,66,1024.3
1981102006,15.6,0,4.1,343.3,64,1024.7
1981102012,17.5,0,4.8,356.6,52.5,1021.7
1981102018,14.9,0,3.5,340,68.5,1021.7
1981102100,16,0,3.2,346.4,83.5,1018.4
1981102106,18.5,0,4.6,16.7,63,1017.7
1981102112,18.9,0,3,346.6,67.5,1012.8
1981102118,16.6,0,0.9,316.1,83.5,1011.3
1981102200,16.1,2.3,0,0,93,1008
1981102206,17.3,5.4,0.7,342.8,93.5,1004.8
1981102212,19.9,0,6.6,336.7,54,1000
1981102218,10,0,7.1,340,41.5,1006.9
1981102300,10.3,0,4.4,340,51.5,1010.1
1981102306,6.2,0,1.4,262.6,47,1012.3
1981102312,8.2,0,6,276.3,43,1011.3
1981102318,5.8,0,2.7,269.5,45,1015.4
1981102400,5.3,0,1.6,170,59.5,1016
1981102406,9.6,0,4.2,201.6,61,1015.7
1981102412,13.7,0,4.2,240,44.5,1013.8
1981102418,10.4,0,1.5,325.3,51,1019
1981102500,5.5,0,0,0,80,1022.4
1981102506,7.1,0,1.2,319,77.5,1025.3
1981102512,14.3,0,3,243.2,31,1023.8
1981102518,7.7,0,0,0,58.5,1027.4
1981102600,2.7,0,0.4,330.6,86.5,1028.2
1981102606,6.5,0,0.1,8.6,80,1031.4
1981102612,15.9,0,2.6,109.8,38.5,1028.3
1981102618,9.1,0,0.1,350,61.5,1029.3
1981102700,5.1,0,0.1,8.6,91,1029
1981102706,8.4,0,0,0,85.5,1029.7
1981102712,17.5,0,2.2,123.5,46,1026.3
1981102718,12.2,0,0.2,0,62,1025.2
1981102800,6.9,0,0,0,88.5,1023.5
1981102806,9.5,0,0.3,15.6,87.5,1021.3
1981102812,17.4,2.2,3.8,183.7,57,1014.2
1981102818,13,10.7,0.8,319,89,1014.7
1981102900,9.5,0,0.3,346.9,92,1017.5
1981102906,10.7,0,0.5,342.1,90.5,1020.2
1981102912,16.6,0,2,288.1,40.5,1018.1
1981102918,10.2,0,0.2,350,63,1021.3
1981103000,5.6,0,0.7,312.1,80.5,1021.6
1981103006,8,0,0.1,8.6,80.5,1023
1981103012,18.1,0,2.2,119.9,28,1019.8
1981103018,10.8,0,0.2,347.9,54.5,1020.2
1981103100,7.3,0,0.2,23.9,84,1019.7
1981103106,10.1,0,0.1,11.3,86,1019.7
1981103112,20,0,2,309.5,52.5,1017.1
1981103118,13.8,0,1.1,342.9,50,1021.2
1981110100,8.5,0,0.8,308.6,85.5,1024
1981110106,9.5,0,0.5,324.8,63.5,1026.1
1981110112,15.8,0,4.1,16.7,58,1022.7
1981110118,14.1,0,2.1,7.9,68,1022.1
1981110200,14.1,2.6,3.3,16.2,83.5,1014.6
1981110206,14.6,23.2,3,37.1,91.5,1008
1981110212,14.8,6.2,3.1,301.9,93,1002.6
1981110218,12.6,1.3,3.8,290,65.5,1010.7
1981110300,8.8,0,0.3,338.1,71,1014.9
1981110306,9.5,0,1.1,263.6,78.5,1017.6
1981110312,15.4,0,4.6,225.1,41,1015.8
1981110318,11.6,0,2.7,256.5,44,1019.4
1981110400,7.6,0,2.7,316.7,56,1021.9
1981110406,8,0,1.1,338.1,61.5,1025
1981110412,12.6,0,2.4,306.6,41.5,1023.4
1981110418,8.8,0,0.6,336.8,57.5,1025.9
1981110500,6.3,1.7,3.6,336.6,54,1027.9
1981110506,5.9,0,1.1,341.1,49.5,1028.7
1981110512,9.3,0,1.7,320,50.5,1026.6
1981110518,7.9,2.1,2.6,320,79.5,1028.8
1981110600,6.9,0.8,0.6,329.8,89.5,1028.3
1981110606,8.9,0,3.5,340,62,1026.9
1981110612,12.1,0,2.2,333.4,51.5,1024.8
1981110618,9.2,0,1.9,320,45,1026.6
1981110700,5.9,0,5.7,320,42.5,1026.7
1981110706,3.6,0,5.4,297.1,36.5,1029.6
1981110712,4.6,0,5,290,32,1028
1981110718,1.6,0,6,290,35,1031.1
1981110800,-0.5,0,5.6,290,44.5,1031.1
1981110806,-0.2,0,5.5,290,44,1031.3
1981110812,3.5,0,5.4,283.4,30,1028.8
1981110818,0.1,0,1.7,312.4,36.5,1029.9
1981110900,-0.6,0,4.2,290,45.5,1029.3
1981110906,0.7,0,2.7,297.7,53.5,1028.7
1981110912,7.3,0,4.2,283.4,37.5,1024.3
1981110918,3.5,0,0.7,335.4,51.5,1026.3
1981111000,-0.2,0,0.1,350,66.5,1026.4
1981111006,0.9,0,0.3,344.3,68.5,1025.7
1981111012,9.9,0,4.6,215,39.5,1022.3
1981111018,5.9,0,0.2,350,60,1023.1
1981111100,2.5,0,0.8,314.9,83.5,1023.4
1981111106,6.6,0,3.7,284.7,53,1025.3
1981111112,11.3,0,3.7,290,32.5,1023.5
1981111118,5.9,0,1.8,324,46.5,1025
1981111200,1.3,0,1,277.3,74,1025.1
1981111206,4.3,0,1,279.7,78.5,1024.6
1981111212,14,0,3.7,271.4,38,1019.4
1981111218,7.7,0,1,283,54.5,1021.1
1981111300,4.6,0,0.5,330.5,71.5,1021.7
1981111306,6.5,0,0.3,11.4,80.5,1022.9
1981111312,16.4,0,2.1,249.1,42,1019.1
1981111318,9.8,0,0.1,353.6,57,1021.1
1981111400,4.4,0,0.2,340.3,81.5,1021.7
1981111406,7.3,0,1.2,358.1,71,1023.3
1981111412,15.4,0,1.9,326.6,24,1020.2
1981111418,7.4,0,0.5,329.3,45,1020.2
1981111500,3.4,0,0.3,335.2,76,1019.3
1981111506,4.3,0,0,0,79.5,1017
1981111512,12,0,2.5,295,63.5,1010
1981111518,11.6,0.1,1.4,336.3,81,1009.1
1981111600,9,0,3.1,346.6,80,1013.6
1981111606,9.5,0,2.3,349.8,69.5,1016.4
1981111612,13.8,0,3,340,37.5,1015
1981111618,7.4,0,0.7,321.3,57.5,1017.3
1981111700,4.9,0,0.4,357.7,78.5,1017.7
1981111706,7.1,0,3.9,346.6,71,1021.2
1981111712,8.4,0,4.1,346.6,66.5,1022.1
1981111718,5.2,0,1.3,346.6,78.5,1025.2
1981111800,2.4,0,0.2,348.6,88,1026.3
1981111806,4.8,0,0.8,324.8,70,1027.3
1981111812,13,0,2.5,330,44,1023.3
1981111818,6.2,0,0.6,292.3,56.5,1024.4
1981111900,0.9,0,0.6,292.3,71,1023.4
1981111906,4,0,1,256.6,70.5,1024.3
1981111912,13.8,0,1.9,265.2,35,1019.8
1981111918,9.9,0,0.5,330.5,37.5,1021.3
1981112000,7,0,0,0,63.5,1019.8
1981112006,8.7,0,0.9,4.3,52,1019.4
1981112012,12.2,0,0.3,14.1,47.5,1015.7
1981112018,9.9,0,1.3,4.4,63,1017.5
1981112100,6,0,3.2,349.8,64.5,1020.6
1981112106,4.7,0,2,340,59.5,1022.4
1981112112,10.8,0,3.7,340,36.5,1019.5
1981112118,5.7,0,4.4,314.5,31.5,1021.9
1981112200,2,0,3,320,49,1023.9
1981112206,4.9,0,2.4,333.5,54,1026.9
1981112212,12.1,0,2.8,26.7,47,1024
1981112218,9.4,0,0.7,330.5,68.5,1023.1
1981112300,8.7,0,0.8,348.4,78.5,1019.8
1981112306,9.6,0,1.1,356.7,66.5,1017.1
1981112312,11.7,0,3,311.5,56.5,1014.5
1981112318,9,0,1.7,323.3,55.5,1017.2
1981112400,6.8,0,2.9,343.3,58,1020.3
1981112406,5.7,0,3.4,3.4,41.5,1023.9
1981112412,10.7,0,2.9,330,26,1022
1981112418,6.7,0,2.3,346.6,30,1024.8
1981112500,4.6,0.1,2.2,319.8,37,1025
1981112506,5.5,0,0.2,344.4,45,1025.2
1981112512,10.4,0,3.5,343.3,57,1022.9
1981112518,7.6,2.4,2.5,310.5,90.5,1023.7
1981112600,6.7,0,0.4,326.2,92,1021.3
1981112606,8.2,0,1.6,332.5,89.5,1021.7
1981112612,14.4,0,2.5,25.5,56.5,1019.3
1981112618,9.2,0,1.5,353.2,72,1021
1981112700,6.9,0,1.9,343.3,55.5,1020.6
1981112706,6.4,0,3.5,340,53.5,1021.3
1981112712,11.4,0,4,346.8,41,1018.3
1981112718,6.1,0,4.2,343.3,32.5,1021.7
1981112800,0.1,0,2.6,340.6,45.5,1024.8
1981112806,-0.9,0,2.5,310.5,48.5,1027.7
1981112812,7.7,0,3.1,0,31.5,1026.9
1981112818,3.2,0,2.2,310.5,29,1029.9
1981112900,-0.8,0,0.4,262.4,44.5,1029.7
1981112906,0.3,0,0.9,307.6,45,1030.3
1981112912,7.5,0,3.9,10.2,28,1029.9
1981112918,4.4,0,1.2,341.1,27,1032.2
1981113000,3.9,0,1.5,332.6,48,1032.3
1981113006,5.4,0,2.3,344.8,51.5,1032.4
1981113012,10.4,0,2.7,25.5,44,1028.7
1981113018,5.7,0,1.1,283.7,53.5,1028
1981120100,1.7,0,0.6,350.3,63,1024.7
1981120106,2.5,0,5.1,311.5,60,1024.6
1981120112,0.9,0,7.2,290,38,1024.3
1981120118,-2.9,0,4.7,294.9,44.5,1027.4
1981120200,-6.5,0,3.1,333.2,51,1029.7
1981120206,-5.5,0,1.7,355.6,52,1032.3
1981120212,2.4,0,3.7,353.4,31,1030.3
1981120218,-1.7,0,2,357.2,34,1032.8
1981120300,-4.7,0,1.5,320.3,44,1033.3
1981120306,-2.6,0,1.5,344.6,49.5,1033.9
1981120312,8.1,0,3.1,340,26.5,1030
1981120318,1.8,0,1.9,343.4,35.5,1030.7
1981120400,-2.9,0,0.3,302.3,67.5,1030.4
1981120406,-1,0,0.2,295.6,76.5,1031
1981120412,10.1,0,1.6,161.2,39,1025.9
1981120418,3.7,0,0.1,348.6,54.5,1025
1981120500,2.7,0,0.5,13.5,66.5,1023.3
1981120506,6.8,0,1.8,309.3,64.5,1024.8
1981120512,10,0,3.2,340,41,1023
1981120518,3.4,0,1.1,317.2,49.5,1025
1981120600,-0.2,0,1.1,340.3,61,1024.6
1981120606,0.9,0,3.6,332.4,52,1024.3
1981120612,7.9,0,4.9,340,29.5,1020.7
1981120618,4.5,0,3.8,340,48,1021.7
1981120700,2.9,0,3,343.3,61,1019.5
1981120706,4,0,3.5,333.4,64,1020.2
1981120712,7.7,0,4.8,323.3,37.5,1018.3
1981120718,3.4,0,2.6,325.3,38,1021.3
1981120800,1.9,0,4.6,333.4,45,1022.6
1981120806,2.5,0,0.8,330.9,66,1023.4
1981120812,8.7,0,4.6,323.3,40.5,1020.6
1981120818,5.3,0,2.9,340,43.5,1023
1981120900,4.5,0,4.8,330,48.5,1023.1
1981120906,6.6,0,4.9,320,53.5,1023
1981120912,11.2,0,6.1,320,36,1020.7
1981120918,6.1,0,1.9,336.7,43.5,1025.3
1981121000,2.5,0,1,279.5,55,1026.7
1981121006,3.5,0,0.9,322.3,64.5,1028.6
1981121012,12,0,1,77.6,49.5,1025.5
1981121018,6.2,0,0.1,350,66.5,1025.1
1981121100,3,0,0.2,330.6,85,1022.7
1981121106,3.9,0,2.5,328.3,71.5,1020.7
1981121112,10.4,0,3.7,301.6,38,1017.9
1981121118,4.7,0,0.2,353.6,47,1019.4
1981121200,0.3,0,0.5,343.4,75,1018.7
1981121206,1.5,0,0.1,0,83,1020
1981121212,11.1,0,3.9,328.7,30.5,1017.6
1981121218,5.3,0,3.3,340,36,1023.5
1981121300,-0.3,0,1.9,336.3,45.5,1025.5
1981121306,0.1,0,3,12,44.5,1027.3
1981121312,4.2,0,6,326.6,29.5,1024.7
1981121318,1.2,0,4.8,336.7,33.5,1026.7
1981121400,-1.7,0,3.6,356.9,47.5,1026.4
1981121406,-1.9,0,4.7,354.3,49.5,1025.9
1981121412,2.5,0,6.5,320,32.5,1023.5
1981121418,-0.6,0,4.3,336.7,36.5,1026.4
1981121500,-4,0,4.1,346.5,46.5,1027.7
1981121506,-3.5,0,3.9,346.6,43,1029.7
1981121512,2,0,3.7,349.8,31,1029.1
1981121518,-1.8,0,1.4,322.7,32.5,1032.8
1981121600,-3.4,0,1.5,323.3,44,1033.9
1981121606,-0.9,0,0.7,295,49.5,1033.7
1981121612,7.9,0,2.2,16.3,37.5,1032.7
1981121618,2.9,0,1.8,301.3,42.5,1035
1981121700,-0.6,0,0.5,313.9,40.5,1035.1
1981121706,0.7,0,0.6,308.6,43,1036.2
1981121712,9.9,0,1.6,11.5,35,1034.1
1981121718,5.6,0,1.2,348.4,48,1035.4
1981121800,1.7,0.9,0.2,346.9,62,1034
1981121806,3.6,0,0.4,4.9,69,1032.4
1981121812,9.8,0,1.3,78.2,64,1027.3
1981121818,7.6,2.3,0.8,10.2,91,1025.5
1981121900,5.7,0.4,1.4,318.7,89,1021.3
1981121906,4.8,0,2.6,308.5,80.5,1018.3
1981121912,6.1,0,7.1,250,42,1014.4
1981121918,0.9,0,5.1,253.3,39,1016.2
1981122000,1.6,0,4.9,318,50,1015.5
1981122006,3.5,0,4.2,304.5,49,1019.1
1981122012,7.5,0,5.2,333.4,41,1018.4
1981122018,3.7,0,3.2,350,49.5,1021.7
1981122100,1,0,2.1,353.2,58,1022.6
1981122106,1.4,0,0.8,243.9,77.5,1024.2
1981122112,9.9,0,2.6,285,34.5,1021
1981122118,4.4,0,1,320.7,49,1022.6
1981122200,1.1,0,1.2,315.7,68,1021.9
1981122206,2.2,0,0.9,272.7,71,1022.4
1981122212,9.6,0,2.6,240,35,1018.4
1981122218,7.1,0,1.6,252.9,43.5,1018.1
1981122300,6.7,0,1.1,271.9,62,1016.4
1981122306,3.4,0,1.8,275.5,70,1015.9
1981122312,10.6,0,5.2,280.7,38.5,1014.1
1981122318,3.7,0,5.1,330,39,1021.3
1981122400,-1,0,4.3,330,40,1026
1981122406,-0.3,0,4.9,326.6,40.5,1029.1
1981122412,5.4,0,3.8,322.7,31,1026.4
1981122418,0.3,0,1.2,320.5,45,1027.8
1981122500,-3.6,0,0.4,320.8,70,1026.7
1981122506,-2.7,0,0.4,247.2,79,1026.6
1981122512,9.5,0,4.2,233.3,33.5,1022.1
1981122518,3.4,0,0.4,309.8,56,1023.9
1981122600,-0.6,0,0.1,350,84,1022.1
1981122606,3.3,0,1.1,288.4,83,1021.1
1981122612,13.6,0,2.6,175.5,48.5,1015.9
1981122618,8.1,0,0.3,305,71.5,1017.6
1981122700,3,0,0,0,91.5,1018.1
1981122706,3,0,0.3,336.7,92,1018.6
1981122712,14.2,0,1.6,325.5,56,1016.6
1981122718,7.6,0,1.4,196.9,51.5,1019
1981122800,1.5,0,1,256.6,79,1019.5
1981122806,3,0,0.9,189.4,78,1020
1981122812,13.4,0,2.6,72,48.5,1018
1981122818,7.9,0,0.8,358,74.5,1019.4
1981122900,4.6,0,0.1,0,92.5,1016
1981122906,8.1,0,3.2,2.4,87,1013
1981122912,9.7,0,6.6,316.3,45.5,1015.4
1981122918,2.5,0,3.7,333.4,35.5,1023.1
1981123000,0,0,3.2,320.3,50.5,1023.5
1981123006,1.1,0,1.1,271,68,1024.2
1981123012,8.4,0,2.3,22.4,45,1020.7
1981123018,5.9,0,1.9,340,52,1021
1981123100,1.8,0.2,2.4,341.1,83.5,1021.1
1981123106,1.3,0,2.2,343.3,71.5,1020.8
1981123112,5.5,0,4.2,320.3,32,1019
1981123118,1.7,0,2.4,12.3,42.5,1022
1982010100,0.2,0,2.7,324.8,59,1023.3
1982010106,-0.8,0,2,262.6,68,1023.7
1982010112,5.3,0,5.1,315.9,41.5,1022.4
1982010118,1.2,0,4.3,340,44,1026.1
1982010200,-0.9,0,5,349.8,46.5,1027.3
1982010206,-2.4,0,1.2,304.4,54.5,1031.1
1982010212,6.1,0,3.4,349.8,40,1029.3
1982010218,0.8,0,1.4,324.2,52.5,1032.8
1982010300,-3.7,0.2,0.3,340.3,75.5,1031.9
1982010306,-1.3,0,0.5,319.7,83.5,1032
1982010312,9.4,0,2.4,146.2,53.5,1026.6
1982010318,7.9,0,0.4,350.3,68,1025.3
1982010400,7.6,1.9,0.4,0,88,1020.7
1982010406,9.5,4.9,0.4,341.1,92,1016.2
1982010412,10.5,6.5,2.9,357.3,91,1011.5
1982010418,6.8,3.7,3.4,340,91,1016.4
1982010500,5.3,0,5.4,340,75,1017
1982010506,5.3,0,5.2,340,73.5,1019.7
1982010512,7.7,0,3.9,0.9,59.5,1019.7
1982010518,3.6,0,1,0,80,1022.3
1982010600,0.1,0,0.3,299,93,1023
1982010606,1.1,0,1.2,341.1,81.5,1023
1982010612,6.7,0,4.6,340,35,1021.2
1982010618,2.4,0,2.9,320,47,1023.7
1982010700,1.1,0,2.8,336.7,59,1024
1982010706,0.3,0,3.5,336.7,65,1027.4
1982010712,4.9,0,4.1,0,52,1025.3
1982010718,0.4,0,0.6,301.2,67.5,1026.1
1982010800,-2.3,0,0.1,0,89.5,1023.9
1982010806,-1.5,0,0.6,4.8,88,1020.8
1982010812,5.8,0,4,328.7,39,1016.4
1982010818,3.6,0,0.7,255.1,49.5,1016.8
1982010900,2.2,0,1.1,295,65.5,1016.3
1982010906,1.1,0,0.6,326.4,79.5,1014.6
1982010912,9.9,0,5.5,300.2,40,1013.3
1982010918,4.9,0,2.5,328.5,34,1017.5
1982011000,-0.7,0,2.1,341,42,1018.4
1982011006,-0.7,0,0.8,250.7,55.5,1020.3
1982011012,7.9,0,2.6,27.6,34,1018.3
1982011018,1.9,0,0.6,248,50.5,1020.2
1982011100,-2,0,0.6,265.2,75.5,1019.3
1982011106,-0.1,0,0.5,219.2,81,1017.7
1982011112,14.2,0,8,209.9,50.5,1012.6
1982011118,12.4,0,3,215,68.5,1012.4
1982011200,7.8,0,3.4,313.2,66.5,1015.3
1982011206,1.5,0,3.9,349.8,41.5,1020.6
1982011212,1.6,0,6.5,326.6,28.5,1021.9
1982011218,-3.3,0,3.5,342.8,33,1024.6
1982011300,-6.8,0,3.3,340,37.5,1026
1982011306,-6.6,0,1.5,297.7,54.5,1026.7
1982011312,1.5,0,2.3,298.5,42,1021.6
1982011318,-2,0,1,359.7,48,1022.4
1982011400,-5.3,0,2.4,351.4,57.5,1023.1
1982011406,-5.8,0,2.5,335.7,54.5,1024.3
1982011412,0,0,3.3,330,29,1022
1982011418,-2.8,0,1.6,340.3,36.5,1022.9
1982011500,-3.1,0,3.9,340,57,1022
1982011506,-2.1,0,4.2,346.6,64,1021.7
1982011512,3.7,0,3.3,326.6,45,1018.6
1982011518,0,0,3,325.3,50.5,1020.3
1982011600,-4.2,0,6.5,336.7,56.5,1019.5
1982011606,-4.1,0,7.3,340,55.5,1019.9
1982011612,0.6,0,6.4,340,42,1017.6
1982011618,-3,0,7.1,340,45,1021.7
1982011700,-5.4,0,5.7,340,53.5,1023.1
1982011706,-5.4,0,2,336.6,58.5,1025.2
1982011712,4,0,1.7,180,38,1021.5
1982011718,0.8,0,1.7,240,44.5,1021
1982011800,-3,0,1.3,268.4,47.5,1018.1
1982011806,-1.1,0,0.2,342,58,1014
1982011812,3.2,0,6.1,301.1,40.5,1010.1
1982011818,-2.1,0,4.8,320,56,1015.4
1982011900,-5.1,0,7.6,320,55.5,1017.6
1982011906,-5,0,9.3,320,52,1018.7
1982011912,-0.8,0,8.5,320,39,1017.7
1982011918,-3,0,4.2,323.3,42,1021.2
1982012000,-5.5,0,2.4,0.4,52.5,1022.4
1982012006,-3.7,0,1.7,356.6,54.5,1023.8
1982012012,3.5,0,5.7,320,31.5,1021.1
1982012018,-0.3,0,2.5,326.4,33.5,1022.7
1982012100,-2.1,0,1.1,350.4,50.5,1021.1
1982012106,0.2,0,1.4,290.1,62,1020.4
1982012112,10.7,0,3.8,302,29,1016.8
1982012118,4.1,0,0,0,43,1019.7
1982012200,1.4,0,1.6,332.4,66.5,1019.5
1982012206,2.7,0,0.8,295,67.5,1018.9
1982012212,4.5,0.6,0.3,340.3,73.5,1015.1
1982012218,2.6,0.7,0.3,350,87.5,1018
1982012300,2.3,0,3.3,332.5,74,1020.8
1982012306,1.2,0,1,357.6,71,1024.6
1982012312,8.1,0,1,3.4,38.5,1024.6
1982012318,3.9,0,0.2,3.3,43,1026.9
1982012400,0.8,0,0,0,65.5,1026
1982012406,3.1,0,0.3,350,68,1024.4
1982012412,10.4,0,4.6,250,42,1019.1
1982012418,5.6,0,3,319.2,40.5,1021.1
1982012500,1.3,0,3.8,340,57,1024.8
1982012506,0.9,0,2.9,340,64.5,1028.4
1982012512,7.4,0,2.9,10.4,47.5,1025.7
1982012518,2.4,0,0.8,346.1,58,1028.2
1982012600,-1.7,0,0,0,76.5,1027.8
1982012606,-1.1,0,0,0,87,1025.1
1982012612,7.4,0,5,290,26.5,1020.7
1982012618,3.4,0,3.3,308.2,39.5,1021.7
1982012700,0.6,0,2.2,329.8,57.5,1021.2
1982012706,0.2,0,3.3,323.3,58.5,1021.5
1982012712,3.6,0,7.5,323.3,34.5,1018.4
1982012718,-1.5,0,4.8,336.7,37,1021.2
1982012800,-5.4,0,5.2,320,51,1022.1
1982012806,-5.8,0,6.6,313.9,49,1023.1
1982012812,-2.5,0,5.3,290,33.5,1021.1
1982012818,-5.6,0,5.4,290,34.5,1025.3
1982012900,-9.1,0,5.6,290,44,1029
1982012906,-9.9,0,3.5,335.5,43,1030.6
1982012912,-2.1,0,4.5,333.1,32.5,1027.5
1982012918,-4.8,0,2.9,336.7,30,1029.6
1982013000,-7.3,0,1.8,346.8,41,1029.9
1982013006,-6.3,0,0.9,336.6,55,1030.1
1982013012,2.8,0,4.2,320,30,1027
1982013018,-1.3,0,1.6,317,30.5,1028.4
1982013100,-4.3,0,0.3,345.5,50,1027
1982013106,-2.7,0,0.3,341,53.5,1024.6
1982013112,2.7,0,2,320,35.5,1018.7
1982013118,0,0,4.1,315.1,51.5,1020.6
1982020100,-1.3,0,4.1,321.8,59.5,1021.5
1982020106,0,0,0.5,350,67,1022.9
1982020112,5.1,0,4.7,294.9,36,1020
1982020118,0.4,0,4.4,323.3,32,1024.4
1982020200,-4.3,0,2.4,330,45.5,1026
1982020206,-3.5,0,0.8,346.4,61.5,1028.6
1982020212,5.2,0,2,274,31.5,1024.4
1982020218,0.5,0,1,359.2,34,1025.2
1982020300,-0.7,0,0.6,344.3,47.5,1022.7
1982020306,1.5,0,2.8,329.8,44,1023.5
1982020312,3.5,0,0.9,336.6,39,1019.7
1982020318,2.8,0,0.7,0,42.5,1020.8
1982020400,0.5,1,2.1,323.3,72.5,1019.3
1982020406,0.7,5.2,2.1,329.8,95,1017.6
1982020412,2.7,1.1,4.4,326.6,84,1017.1
1982020418,2.4,0,3.5,330,83,1020.8
1982020500,0.9,0,0.8,335.6,83.5,1020.4
1982020506,0.7,0,3.5,340,77,1021.3
1982020512,3.8,0,5,294.3,43.5,1018.6
1982020518,0.1,0,4.3,310.1,39.5,1020
1982020600,-2.8,0,4.4,312.9,40.5,1020.4
1982020606,-2.1,0,3.4,302.9,46.5,1022.9
1982020612,2.6,0,6.8,320,38,1019
1982020618,-2.4,0,6.4,323.3,30.5,1023.9
1982020700,-7,0,1.6,343.4,40.5,1026.4
1982020706,-5.4,0,4.2,335.2,43.5,1027.7
1982020712,0.7,0,4.1,7.9,30,1025.1
1982020718,-1.4,0,4.6,332.5,33.5,1026.1
1982020800,-4.9,0,4.7,343,37,1028
1982020806,-4.2,0,5.7,336.7,37,1029.3
1982020812,2.5,0,3.5,308.2,27.5,1027.3
1982020818,-0.9,0,1.5,328.5,29,1028.2
1982020900,-3,0,3.9,323.3,34.5,1027.7
1982020906,-0.7,0,2.9,300.2,38.5,1028.2
1982020912,6.6,0,3.3,225.1,35.5,1021.7
1982020918,3.1,0,1.7,343.4,40,1023.7
1982021000,-1.5,0,2.1,333.1,43.5,1026.7
1982021006,-2.1,0,2.3,351.9,50,1027.8
1982021012,6.2,0,1.2,294.7,29.5,1023.7
1982021018,1.8,0,1.3,343.3,27.5,1025.9
1982021100,-0.6,0,6.7,343.3,33.5,1025.2
1982021106,-1.2,0,3.8,7.9,39,1026.1
1982021112,6,0,1.6,14.7,28.5,1023
1982021118,2.8,0,0,0,31.5,1024.2
1982021200,0.7,0,1,350.2,37.5,1023.7
1982021206,1.2,0,1,341,44,1025.3
1982021212,9.9,0,2.6,333.4,28,1022
1982021218,5.1,0,1.3,0.9,48,1025.2
1982021300,-0.2,0,0,0,78,1025.9
1982021306,1.6,0,1,356.7,80,1026.3
1982021312,6.9,0,5.6,3.3,50.5,1025
1982021318,3.2,0,3,350,64,1027
1982021400,1.1,0,4.1,336.7,73.5,1027.4
1982021406,1.9,0,2.6,350,75,1028.4
1982021412,5.8,0,4.4,25,47.5,1025.9
1982021418,1.6,0,1.5,319.5,61,1026.9
1982021500,-2.8,0,0,0,83,1026
1982021506,-1,0,0.2,12.4,89.5,1026
1982021512,11.1,0,2.2,170,36.5,1021.1
1982021518,5.1,0,1.2,310.4,34.5,1023.7
1982021600,-1.2,0,0.6,263.4,54.5,1023.3
1982021606,0.3,0,0.2,26.9,67,1025.2
1982021612,10,0,1.8,113.7,39,1021.9
1982021618,5.2,0,0.2,25.2,69.5,1022.3
1982021700,0.6,0,0,0,89,1020.3
1982021706,2.7,0,0.7,346.9,88,1021.2
1982021712,11,0,4.6,23.2,48,1020.3
1982021718,4.8,0,0.8,80,65.5,1025.6
1982021800,0.5,0,0.7,345.5,85.5,1025.7
1982021806,0.7,0,0.2,10,80.5,1027.9
1982021812,10.3,0,2.6,98.6,45.5,1023.5
1982021818,8.2,0,0.5,0.9,61.5,1023.1
1982021900,6,0.5,0.1,353.6,82,1020.6
1982021906,6.6,8.3,0.2,340.3,96,1017.2
1982021912,8.6,2.7,1.5,269.5,94.5,1011.8
1982021918,8.8,0,0.1,348.6,91.5,1013.1
1982022000,7.7,2,0.7,344.3,94,1012.6
1982022006,8.4,0,1.7,6.6,87,1014.7
1982022012,9.9,0,3.5,4.5,73,1015.1
1982022018,6.8,0,3.2,326.5,73,1017.2
1982022100,6.2,0,1.5,332.1,84,1015.4
1982022106,7.4,0.2,2.6,336.7,73.5,1016
1982022112,7.6,0.9,1.6,343.4,75.5,1015.5
1982022118,4.8,0,0.6,340.3,84.5,1018.1
1982022200,1.2,0,1.5,346.6,95.5,1019.5
1982022206,3.9,0,2.5,343.3,65.5,1021.6
1982022212,12.9,0,2.2,345.6,37,1018.4
1982022218,9.8,0,1,332.4,40,1021.2
1982022300,6,0.7,1,346.8,58.5,1020.7
1982022306,6.8,0,0.8,353.4,76,1021.2
1982022312,9.5,0.2,2.9,31.1,68.5,1019.3
1982022318,6.6,2.2,3.3,340,90.5,1019.4
1982022400,6.4,0.5,2.5,4.4,77,1018.9
1982022406,4.9,5.4,3.6,340,89,1019.5
1982022412,6,4.7,3.1,343,76,1019.3
1982022418,4,0,0.2,3.3,84.5,1020.6
1982022500,2,0,0,0,92,1019.7
1982022506,3.5,0,0.8,7.4,92,1021.6
1982022512,8.2,0,4.6,3.4,50.5,1020.8
1982022518,3.3,0,2.4,323.1,72,1025
1982022600,-0.3,0,0.2,350,87.5,1025.7
1982022606,1.3,0,0.2,347.6,93,1026
1982022612,9.4,0,2.1,94.3,48,1023
1982022618,5.1,0,0,0,59.5,1023.5
1982022700,-0.4,0,0.1,355.2,86,1022.9
1982022706,2.5,0,0.3,290.6,68.5,1022.7
1982022712,12.2,0,1.1,251.7,31.5,1019.3
1982022718,7.4,0,0.8,356.7,52.5,1021.7
1982022800,1.8,0,0,0,70.5,1021.7
1982022806,3.2,0,0.2,350,79.5,1022
1982022812,10.8,0,1.6,60,50,1016.3
1982022818,7.8,0,1.4,274.1,57.5,1016.2
1982030100,4.4,0,0.7,297.3,85,1014.4
1982030106,4.7,0,2.8,260.2,91.5,1014.5
1982030112,8.5,0,4.3,323.3,58,1012
1982030118,5.3,0,3.3,333.4,69,1016.8
1982030200,1.9,0,2.2,330,64,1019.5
1982030206,2.6,0,1.6,346.8,60,1021.7
1982030212,9.1,0,4,329.9,30,1018.7
1982030218,3.8,0,0.9,11.9,59,1022.6
1982030300,-1.6,0,0.5,295.6,82,1023.5
1982030306,1.8,0,1.1,314.6,71.5,1024.8
1982030312,11.5,0,3.7,134.1,32,1019.5
1982030318,8.6,0,1.4,190.3,35.5,1022
1982030400,6.9,1.8,1.4,175.5,46,1019.5
1982030406,8.9,0,0.9,13.6,72,1019
1982030412,11.3,3.3,2.6,156.6,87,1011.7
1982030418,12.1,20.5,1.7,151.8,95,1004.2
1982030500,9,0.4,0.9,49.8,94,1004
1982030506,9.4,0,2.4,335.7,86,1007.9
1982030512,12.5,0,3.2,323.5,55.5,1008
1982030518,9.7,0,3.2,315.1,36.5,1010.2
1982030600,4.5,0,5.8,323.5,29,1012.2
1982030606,3.2,0,4.7,330,35.5,1016.8
1982030612,7.4,0,5.2,297.7,25.5,1015.4
1982030618,3.6,0,4.2,299.9,22.5,1019.1
1982030700,0.4,0,2.5,283.6,34,1021
1982030706,-0.4,0,3.6,314.5,36,1022.3
1982030712,6.3,0,3.8,308.4,27.5,1019.9
1982030718,2.1,0,2.4,307.7,26.5,1021.2
1982030800,0.4,0,2.7,299.9,35,1021.3
1982030806,2.5,0,3.6,293.2,44.5,1020.8
1982030812,9,0,2.9,342.1,26,1017.5
1982030818,4.9,0,1.1,212.5,41,1018.4
1982030900,3.4,0,0.6,295,49.5,1017.6
1982030906,4.8,0,0.8,350.3,58,1020.8
1982030912,11.7,0,2.1,103.9,32.5,1017.3
1982030918,6.9,0,0.2,11.4,48,1019.3
1982031000,1.6,0,0.4,334.8,76,1018.7
1982031006,5.4,0,1.2,352.9,67.5,1019.3
1982031012,16.4,0,5.4,230,21,1015.9
1982031018,10.9,0,1.5,258.6,32.5,1018.9
1982031100,4.2,0,1.2,288.2,61,1020.6
1982031106,6.3,0,0.3,212.1,64,1023.1
1982031112,16.2,0,4.1,114.9,29,1021.6
1982031118,10.4,0,0.6,21.6,61,1022.6
1982031200,6.5,0,0,0,83.5,1021.3
1982031206,7.5,0,0.3,350,85,1019
1982031212,11.2,1.6,0.4,9.9,77.5,1017
1982031218,8.6,0.7,0.4,353.6,87,1017.6
1982031300,4.2,0,0.5,356.7,93.5,1018.3
1982031306,8,0,3,333.4,76,1022.4
1982031312,10.7,0,3.9,13.6,63.5,1021.7
1982031318,8.5,0,2.2,346.6,71.5,1024.6
1982031400,7.9,0.9,1.9,328.4,73.5,1023.8
1982031406,9,0,0.7,52.8,73,1023.5
1982031412,13.9,0,2.5,111.6,55.5,1018.4
1982031418,11.2,0,2.1,186.5,72.5,1017.3
1982031500,10,3.6,1.5,255.9,91,1011
1982031506,12.2,7.5,2,126,92,1003.7
1982031512,17.1,0.1,4.2,279.5,69.5,1004.3
1982031518,12,0,1.5,296.1,76.5,1010.6
1982031600,8.4,0,1.7,340,70,1012.4
1982031606,9.7,0,1.1,10.7,77,1014.2
1982031612,16.1,0,3.9,103.1,42.5,1014.1
1982031618,10.3,0,3.5,353.4,57.5,1018.3
1982031700,7.2,0,1.2,342.7,52.5,1019.9
1982031706,8.2,0,0.8,21.9,70.5,1019
1982031712,9.7,0,1.8,19.8,69.5,1015.1
1982031718,7.8,2,0.7,353.4,91.5,1018.1
1982031800,6.4,0,1.5,339.1,79.5,1019.9
1982031806,5.6,0,3.7,343.3,70,1025.1
1982031812,12.7,0,3.2,26.3,35,1023.5
1982031818,7.2,0,0.8,17.2,54.5,1025.5
1982031900,4.2,1.6,0,0,79,1024
1982031906,7.2,0,1.3,18.9,79,1023.8
1982031912,11,0,4.2,53.3,51,1020.4
1982031918,9.8,0,2.1,356.6,63.5,1019.4
1982032000,8.5,0.2,2,336.6,83,1016
1982032006,9.6,0,1.8,336.3,86,1016.6
1982032012,12.7,0,2.4,357.6,68,1014
1982032018,10.9,0,0.7,350.4,72.5,1014.4
1982032100,9.4,0,0.2,330.5,79.5,1013
1982032106,10.6,0.6,1,350.4,89,1014.1
1982032112,16.9,0,3.7,121.9,42,1013.4
1982032118,12.5,0,0.8,61.1,53.5,1016.2
1982032200,6.8,0,0,0,84,1016.4
1982032206,9.7,0,0.8,328.4,73,1018.7
1982032212,17.7,0,3.9,79.5,37.5,1016.8
1982032218,12.6,0,1.1,221.1,60.5,1016.6
1982032300,7.8,0,0.3,0,82.5,1016
1982032306,12.9,0,0.3,27.5,76.5,1015.5
1982032312,19.6,0,3.2,83.6,64.5,1011.4
1982032318,16.1,0,3.7,346.8,58.5,1013.7
1982032400,11.4,0,3.7,0,71,1016.7
1982032406,7.5,0,5.9,0,72.5,1021.7
1982032412,7.6,0,4.7,16.7,65,1021.1
1982032418,5.2,0,5,16.7,73.5,1023
1982032500,3.3,0,5.3,343.3,65.5,1024.3
1982032506,5.3,0,4.2,3.3,57,1026.9
1982032512,8.5,0,4.7,58.8,41,1024.8
1982032518,5.5,0,1.9,357.3,57.5,1026.3
1982032600,4,0,0.1,348.7,70.5,1027.4
1982032606,5.9,0,0.8,299.3,70.5,1028.3
1982032612,11.8,0,4.2,130.9,46.5,1024.7
1982032618,8.5,0,0.8,52.7,60,1026.3
1982032700,4.3,0,0,0,79.5,1026
1982032706,6.6,0,0.3,11.4,80,1026.6
1982032712,13.1,0,5.2,135.1,54,1021.9
1982032718,10.3,0,1.5,169.6,61.5,1023.1
1982032800,6.9,0,0.1,350,80.5,1023.1
1982032806,9.4,0,3.4,346.6,75,1025.6
1982032812,10.9,0.2,4.3,16.7,67,1026.9
1982032818,8.1,0,1.4,336.6,67.5,1027.9
1982032900,3,0,0.1,348.6,91.5,1027.1
1982032906,6.8,0,0.7,3.3,85,1027.1
1982032912,17.4,0,4.3,135.1,40.5,1020.7
1982032918,12.2,0,1.6,169.4,47,1021
1982033000,8.5,0,0.7,118.6,69,1019.3
1982033006,9.7,0,0.4,34.1,77,1017.3
1982033012,14.2,0.4,6.3,183.3,86.5,1010
1982033018,11.6,10.8,5.1,253,80,1007.1
1982033100,8.3,0,5.8,308.2,56.5,1011.1
1982033106,10.1,0,5.2,343.3,56.5,1016.7
1982033112,13.6,0,6.6,52.7,49,1018.9
1982033118,8.8,0,2.2,358.1,61.5,1021.9
1982040100,4.6,0,0.3,305,86,1022.1
1982040106,8.2,0,0.8,125,84,1024.2
1982040112,15.9,0,5.7,110,52,1021.1
1982040118,11.4,0,1.9,143.7,69,1021
1982040200,5.4,0,1,253.2,91.5,1019.3
1982040206,8.8,0,0.8,72,87.5,1016.7
1982040212,13.7,9.1,3,116.7,82,1012.3
1982040218,14.5,9,5.5,180,93.5,1007.9
1982040300,9.8,19.1,4.3,353.4,92.5,1011.7
1982040306,8.6,0.2,6,13.4,73.5,1019.1
1982040312,9.2,0,7.4,20,52,1019.7
1982040318,7.6,0,5,3.4,51,1023.3
1982040400,5.4,0,4.8,340,55.5,1025.1
1982040406,8.4,0,4.3,3.4,50,1027.8
1982040412,11.2,0,6.4,60,39,1027.3
1982040418,8.1,0,1.7,353.2,49.5,1030.1
1982040500,5.4,0,0.4,330.5,69,1030
1982040506,8.1,0,1,46.5,73,1031
1982040512,14.6,0,3,129.5,43,1027
1982040518,9.3,0,0.7,314.6,59.5,1026.9
1982040600,5,0,0.7,340.5,86,1023.7
1982040606,8.6,0,0.6,299.3,76.5,1022.6
1982040612,16.4,0,1.2,105.4,45.5,1018
1982040618,12.9,1.8,0.4,38,72,1017.6
1982040700,11.5,4.1,0.4,350.3,92.5,1014.5
1982040706,11.4,3.1,1.5,332.4,87.5,1013.1
1982040712,17.3,0.6,1.6,339.1,47,1008.6
1982040718,12.9,0,0.2,348.6,79.5,1008.2
1982040800,13,0,3.2,334.7,50,1007.5
1982040806,17.1,0,7.2,323.3,30.5,1008
1982040812,23.9,0,5.6,223,22,1003.7
1982040818,11.9,1.1,4,4.3,69,1007.5
1982040900,5.3,3.2,4.5,323.3,70,1009
1982040906,6.3,0,5.9,323.3,68.5,1012.6
1982040912,10.6,0,6.7,0,37.5,1016.6
1982040918,6.5,0,2,3.4,55.5,1021.9
1982041000,2.2,0,0,0,82.5,1023.3
1982041006,7,0,1,0,66.5,1024.3
1982041012,14.2,0,4.5,100.2,35,1022.9
1982041018,10,0,0.8,29.5,52,1024.6
1982041100,4.4,0,0,0,84,1024.8
1982041106,9,0,0.2,11.4,77,1024
1982041112,17.8,0,4,125,40.5,1021.1
1982041118,13,0,0.4,29.5,52.5,1021.3
1982041200,7.6,0,0,0,79,1020.3
1982041206,10.1,0,0.6,19.5,77.5,1019.9
1982041212,18.7,0,4.3,140,44,1015.7
1982041218,13.7,0,0.2,19.5,67.5,1016.3
1982041300,10.4,0,0.2,350,81,1016
1982041306,12.7,0,0.4,0.9,82.5,1016
1982041312,19.3,0,3.4,102.2,56.5,1012.6
1982041318,15.1,0,1,63.7,73.5,1014.5
1982041400,12.2,0,0,0,91.5,1013
1982041406,13.1,0,0.7,16.2,85,1013.8
1982041412,13.3,4,1,14.7,80,1013.1
1982041418,11.4,0,0,0,88.5,1014.6
1982041500,10.4,0,0,0,90.5,1014.1
1982041506,12.3,0,0.5,334.5,84,1013
1982041512,18,0,1.4,117.2,68,1009.4
1982041518,14,1.2,0.5,72,67.5,1010.7
1982041600,10.6,0,2.7,336.6,70,1011.5
1982041606,11.4,0,5.2,329.8,33.5,1014.2
1982041612,17.1,0,6.4,266.7,21,1011.3
1982041618,12.8,0,4.7,295,24,1012.7
1982041700,8.3,0,6.4,260,31,1014.2
1982041706,10.4,0,2.8,329.7,42,1015.5
1982041712,16.8,0,4.1,265.7,28,1012.8
1982041718,12.4,0,1.7,333.4,41,1015.5
1982041800,8.2,0,2.2,326.4,54,1017.1
1982041806,10.7,0,1.5,329.6,57,1018.6
1982041812,17.4,0,3.8,149.9,31,1016.7
1982041818,11.7,0,0.5,21.6,56.5,1018.1
1982041900,7.8,0,1.8,4.3,70.5,1018.7
1982041906,13,0,2.5,329.8,45.5,1019.9
1982041912,21.3,0,3.5,94.3,29.5,1016.7
1982041918,13.9,0,0.2,11.3,68,1017.2
1982042000,9,0,0,0,67.5,1017.1
1982042006,12.2,0,0.6,355.2,72,1017.3
1982042012,19.6,0,3.9,226.3,25,1014.9
1982042018,14.8,0.5,3,259.5,40,1015.7
1982042100,10.2,0.4,0.1,350,84,1013.1
1982042106,11.1,1,0.6,16.2,87.5,1012.8
1982042112,14.9,0.1,4.4,21.6,65.5,1012
1982042118,11.8,0,1.4,346.6,70.5,1015.1
1982042200,7.6,0,0.3,335.2,88,1014.7
1982042206,10.4,0,0.8,28.7,85.5,1015.3
1982042212,17,0,4.2,106.7,57,1013
1982042218,13.1,0,1.6,134.1,74,1014.5
1982042300,8.6,0,0.2,350,94,1013.7
1982042306,12.9,0,0.9,19.5,82.5,1014.4
1982042312,21.7,0,5.6,124.2,43.5,1011.1
1982042318,16.3,0,1.4,58.1,46.5,1012.7
1982042400,11.8,0,0.3,350.1,69.5,1013.8
1982042406,16.7,0,0.9,132.1,64.5,1015.7
1982042412,22.5,0,4.9,56.6,32.5,1015.7
1982042418,16.3,0,0.3,28.7,48.5,1018.1
1982042500,9.9,0,0.1,357.7,83,1018.4
1982042506,14.5,0,0.3,28.7,73,1019.9
1982042512,23.6,0,4,103.6,49.5,1016.8
1982042518,18.1,0,1,67.1,62.5,1017.3
1982042600,13.9,0,0.4,270.8,86.5,1017
1982042606,14.8,0,0.5,299,84,1017.3
1982042612,20.1,0,2.8,83.1,64.5,1014.7
1982042618,17.6,0,2.5,43.4,70,1015.4
1982042700,16,0.2,2.4,18.5,79.5,1013.1
1982042706,13.2,10.1,4.1,20,93.5,1014.9
1982042712,12.2,4.8,4.6,20,90.5,1014.1
1982042718,11.1,17.9,6.1,20,90.5,1015.1
1982042800,10.1,5.1,3.5,6.6,93.5,1015.1
1982042806,10.3,0,2.6,356.7,92.5,1016.7
1982042812,13.8,0,2.3,14.7,80.5,1014.5
1982042818,12.3,0,0.9,0,83,1015.8
1982042900,11.3,0,0,0,90,1015
1982042906,14.5,0,0.8,55,87,1014.9
1982042912,19.9,0,3.1,108.5,68.5,1013
1982042918,16.5,0,1.7,76.4,83,1015.7
1982043000,14.4,0,0.8,26.2,90.5,1015.8
1982043006,14.8,0.1,0.7,7.9,90,1015.3
1982043012,16.4,0.3,0.9,176.6,86.5,1012.6
1982043018,15.6,0,0.2,37.2,90.5,1011.8
1982050100,13.9,0.2,0.1,345.5,90.5,1010.4
1982050106,13.8,2.5,0.9,287.6,89,1010.7
1982050112,16,0.3,1.4,205,77,1008.3
1982050118,14.2,0.4,0.6,93.9,91,1006.8
1982050200,13.6,1.9,0.2,7.7,96,1005
1982050206,14.6,0.1,1.2,7.9,96,1004
1982050212,16.6,0,2.6,51.8,79,1003.7
1982050218,14.9,0,1.6,41.6,82.5,1006.5
1982050300,14,0,0.4,315,91,1007.1
1982050306,14.2,0.1,1.7,90.5,92,1005.3
1982050312,18.5,0.1,3.7,188.1,73.5,1002
1982050318,16.9,0,4.3,220.1,68.5,1000.2
1982050400,13.7,0,4.1,248.9,46,1003.7
1982050406,15.2,0,4.2,240,49.5,1006.1
1982050412,21.3,0,7.4,228.4,29.5,1005.1
1982050418,18.3,0,4.3,230,39,1006.4
1982050500,15.1,0,1,265.2,52,1010.8
1982050506,17.7,0,1.7,170,59,1013.3
1982050512,25.5,0,6.2,215,47,1012.9
1982050518,21.8,0,5.9,220.1,66.5,1013.2
1982050600,21.2,0,5.7,200,73,1012.1
1982050606,19.7,0,3.1,178,83,1010.3
1982050612,17.4,4.8,4.8,140,89.5,1006.9
1982050618,13.6,4,3.3,11.5,88,1005.8
1982050700,10.4,0,0,0,88.5,1009.7
1982050706,13.9,0,0.3,8.6,80.5,1011.9
1982050712,23.7,0,3.2,107.1,49,1010.6
1982050718,18.6,0,0.5,23.9,47.5,1011.2
1982050800,11.7,0,0.3,342.8,80,1012.2
1982050806,15.6,0,0.6,25.2,75.5,1012.6
1982050812,25.6,0,4.3,201.6,24.5,1010
1982050818,19.8,0,1.9,209.4,62.5,1009.4
1982050900,16,0,0.2,2.7,82,1010.7
1982050906,19.4,0,1,112.1,81,1011
1982050912,25.4,0,3.3,118.1,56,1009.6
1982050918,19.9,0,0.8,48.1,79.5,1009.8
1982051000,18.5,0,0.8,325,88.5,1010.9
1982051006,21.6,0,0.3,347.9,85,1011.4
1982051012,28,0,4.1,133.4,55,1010.3
1982051018,20.5,0,0.6,46.7,80.5,1011.5
1982051100,16.5,0,0.1,10,93,1013.2
1982051106,18.2,0,1.5,33.6,85,1014.2
1982051112,28.2,0,4.8,196.5,58.5,1013.8
1982051118,24.1,0,5.4,218.2,72,1013.6
1982051200,21,0,0.6,339.4,80,1015.7
1982051206,21.8,0,0.6,357.3,85.5,1016.8
1982051212,24,0,2.9,89.5,73.5,1016.2
1982051218,18.3,4,0.4,13.6,81.5,1016.6
1982051300,15.4,11.9,0,0,94,1014.5
1982051306,19.6,4.6,2.8,184.3,94,1008.5
1982051312,24.1,0,6.3,215,79.5,1003.7
1982051318,16.5,1.1,1.2,33.6,89,1005.9
1982051400,14.1,0,2.2,332.6,82,1010.7
1982051406,16,0,2.7,356.8,66,1014.4
1982051412,19.9,0,4.5,91.9,39,1014.8
1982051418,14.9,0,1,70,48,1015.3
1982051500,10.4,0,0,0,83,1015.9
1982051506,14.5,0,0.3,70,74.5,1016.1
1982051512,25.1,0,3.8,226.3,33.5,1013.8
1982051518,19.8,0,2.6,271,47,1013
1982051600,13.6,0,0.1,7.7,78,1014
1982051606,15.8,0,0.3,335.4,69,1014.3
1982051612,25,0,2.9,233.6,34,1011
1982051618,18.8,0,0.7,4,48.5,1010.4
1982051700,12.5,0,0,0,74.5,1010.5
1982051706,17.2,0,0.7,330.5,65.5,1010.2
1982051712,26,0,3.6,115.8,37,1007.3
1982051718,18.7,0,1,19.7,66.5,1007.4
1982051800,15.7,0,0,0,83.5,1008.6
1982051806,18,0,1.5,35,81,1011
1982051812,21,0,5.3,113.7,63,1011
1982051818,15.6,0,4.3,62.5,77.5,1012.6
1982051900,14.7,0,0.7,31.8,82,1013.8
1982051906,15.4,0,0.5,23.2,84,1012.5
1982051912,20.8,0,1.6,102.6,66.5,1008.8
1982051918,17.1,0,2.1,162.2,84,1006.8
1982052000,15.4,0,2.5,340,79.5,1004.4
1982052006,16.8,0,5.8,336.7,54,1005.2
1982052012,18.9,0,4.4,358.8,52,1006.8
1982052018,13.4,0,2.2,24.9,77.5,1009.7
1982052100,11.5,0,0,0,85.5,1011.8
1982052106,15.6,0,0.7,29.5,82,1011.7
1982052112,22.5,0,4.4,94.4,43,1010.8
1982052118,16.9,0,0.9,45,68.5,1012
1982052200,12.1,0,0.1,348.6,92,1013.6
1982052206,16.6,0,0.9,55,80.5,1014.2
1982052212,20.9,0,4.6,106.7,54,1013.6
1982052218,16.5,0,1.6,94.4,60.5,1013.2
1982052300,11.7,0,0.8,240,89,1014
1982052306,16.3,0,1.5,193.5,78.5,1014.1
1982052312,25.4,0,4,76.6,52,1012.4
1982052318,23.4,0,1,288.2,52.5,1011.5
1982052400,17.9,0,0,0,79.5,1013.4
1982052406,21.2,0,1.2,58.4,77.5,1015.5
1982052412,29.7,0,4.4,160,38,1015.7
1982052418,20.8,0,0.6,13.4,67,1016.2
1982052500,16.9,0,0,0,78.5,1017.9
1982052506,22,0,2.7,212.1,73.5,1020
1982052512,26.6,0,4.4,200,56.5,1018.7
1982052518,22.2,0,1.8,187.9,61.5,1018.4
1982052600,18,0,0.3,25,88,1018.5
1982052606,21.9,0,1.9,9.9,78,1018.3
1982052612,27.4,0,4.5,217.1,52.5,1017.4
1982052618,22.6,0,1.8,292.5,70,1015.4
1982052700,19.1,0,0,0,88.5,1016.3
1982052706,22.6,0,0.8,335.4,80.5,1015.2
1982052712,29.7,0,4.4,211.8,49,1012.4
1982052718,24.3,0,1.8,295,67.5,1012.2
1982052800,20.3,0,1.2,281.8,82.5,1012.2
1982052806,23.6,0,0.8,246.1,68.5,1011.7
1982052812,28.7,0,4,82.1,50,1010.4
1982052818,21.7,0,1.5,3.6,81,1010.1
1982052900,20.4,0,0.3,346.9,87,1010.9
1982052906,23.8,0,1.2,27.9,80,1011.3
1982052912,26.3,0,3.5,111.6,61,1010.5
1982052918,22.4,0,1.6,86.6,82.5,1010
1982053000,18.3,5.6,1.6,353.2,91.5,1010.3
1982053006,18.1,1.4,1.5,333.2,95,1010.7
1982053012,18.1,0,2.6,343.3,86.5,1010.9
1982053018,17,0,2.8,350,89,1010.9
1982053100,15.9,5.3,2.6,343.3,93,1010.8
1982053106,15.6,12.1,1.7,340,94.5,1008.2
1982053112,16.1,3,2.7,326.6,90.5,1004.6
1982053118,14.8,2.7,2.9,320,94.5,1003
1982060100,14.1,0,2.2,336.7,91,1003
1982060106,14.4,0,1.9,327.6,87.5,1003.5
1982060112,16.1,0,2.4,45.1,75,1002.8
1982060118,14.4,0,1.5,16.7,85,1003.3
1982060200,14.4,0,0.1,356.7,90,1004.2
1982060206,16.5,0,0.7,62.1,88.5,1004.7
1982060212,19.8,0,4,110,72,1004
1982060218,17.8,0,1.3,104.4,85.5,1003.3
1982060300,16.4,0.2,0,0,92.5,1002.5
1982060306,17.8,0.2,0.5,347.9,92,1003.5
1982060312,23.4,0,3.8,111.6,61,1004
1982060318,19.7,0,0.7,19.5,77.5,1005
1982060400,16.1,0,0.9,336.2,88.5,1006.4
1982060406,23.8,0,3.1,319.1,44,1007.8
1982060412,30.5,0,1.8,45.3,33.5,1007
1982060418,22.9,0,1.3,0.9,47,1009.2
1982060500,17.5,0,0.3,336.2,70,1012.2
1982060506,21.4,0,0.6,0,69.5,1012.6
1982060512,25.4,0,4.4,53.3,56.5,1012.4
1982060518,19.1,0,2.2,25.9,80,1013.5
1982060600,16.5,0,1.8,242.5,90.5,1014.3
1982060606,18.6,0,1.4,91.6,87,1013.7
1982060612,23.8,0,3.2,87,67,1010.8
1982060618,20.9,0,0.9,357.4,81,1009.1
1982060700,19.5,0,0.2,356.7,83.5,1008.8
1982060706,23.5,0,0.9,53.8,74.5,1008.7
1982060712,29.5,0,2.3,71.6,42.5,1007
1982060718,23.2,0,0.8,0,63.5,1006.9
1982060800,18.2,0,0.2,350,70.5,1009.4
1982060806,21.5,0,0.7,29.5,68,1011.1
1982060812,26.9,0,3.5,90,42,1010.5
1982060818,20.9,0,2.4,27.2,68,1012.3
1982060900,17.4,0,0.9,262.6,67.5,1013.4
1982060906,20.6,0,1.6,9.9,69.5,1014.9
1982060912,26.3,0,3.6,103.6,47.5,1013.9
1982060918,20.7,0,1.7,70,67.5,1012.9
1982061000,17.1,0,0.7,330.6,88,1013.1
1982061006,21.3,0,0.8,288.2,74.5,1012.1
1982061012,30.1,0,2.9,93.4,37.5,1010.1
1982061018,24.8,0,0.5,23.9,50.5,1009.5
1982061100,20.4,0,0,0,71,1010.5
1982061106,24.7,0,0.6,3.3,65.5,1010.7
1982061112,30.4,0,3.1,91.1,41.5,1009.1
1982061118,25.2,0,0.7,340.5,58,1008.7
1982061200,21.1,0,0.2,358,75.5,1009.7
1982061206,25.1,0,0.5,35,64,1009.8
1982061212,31.5,0,2.7,172.3,41.5,1007
1982061218,25.2,0,1.1,32,62.5,1005.8
1982061300,21.2,0,0,0,65.5,1005.7
1982061306,20.4,0.4,2.5,108.8,82,1004.6
1982061312,18.8,3.5,3.2,76.4,85,1001.6
1982061318,17.7,1.7,2.6,346.5,91,998.1
1982061400,17.1,1,4,323.3,88.5,998.2
1982061406,19,0.6,4.9,332.3,77,1002.6
1982061412,23.9,0,4.3,343.3,52,1005.6
1982061418,19,0,1,348.4,51.5,1008
1982061500,13.6,0,0.2,350,83,1010.1
1982061506,20.6,0,0.7,29.5,70.5,1009.6
1982061512,28,0,3.3,114.3,50,1008.2
1982061518,23.2,0,0.6,16.7,64,1008.7
1982061600,19.7,0,0.4,350,81.5,1009
1982061606,22.8,0,1,87.9,74.5,1009.3
1982061612,28.5,0,4.2,113.7,49.5,1007.2
1982061618,23.4,0,0.9,80,54,1005.9
1982061700,18.5,0,0.3,11.2,84,1005.8
1982061706,21.1,0,0.9,38.4,77.5,1004.9
1982061712,26.1,0,3.5,68.1,49.5,1003.5
1982061718,20.9,0,2.5,330,56.5,1004
1982061800,17,0,0.7,325.9,70.5,1005.8
1982061806,21.1,0,2,357.3,73.5,1007.8
1982061812,24.3,0,5.2,23.2,61,1006.5
1982061818,20.5,0,1,31.6,76.5,1007.3
1982061900,18.6,0,0.1,353.6,83.5,1008.4
1982061906,22,0,0.7,45,77,1008.9
1982061912,26,0,4.4,100,51,1008.2
1982061918,22.2,0,3,76.4,72,1007.9
1982062000,20,0,0.6,44.2,88,1008.3
1982062006,22.6,0,0.8,29.7,80,1008.8
1982062012,26.3,0,3.5,90.4,62,1007.2
1982062018,21.6,0.1,1.9,18.9,82,1007.7
1982062100,18.7,0,0.2,1.3,88.5,1008.9
1982062106,20.5,0,1.8,25,83.5,1009.1
1982062112,24.6,0,4.7,40.1,64.5,1008.2
1982062118,21.2,0,1.9,5,77,1007.8
1982062200,18.3,0,1.2,305.4,82.5,1007.6
1982062206,20.3,0,1.5,6.8,78,1006.2
1982062212,22.8,0,2.8,24.3,68.5,1005.5
1982062218,21,0,0.8,3.3,71,1003.9
1982062300,20.3,0,0.4,335.5,82.5,1003.8
1982062306,21.8,0,1.8,343.4,78,1002.9
1982062312,24.2,0,3.4,3.3,67.5,1001.5
1982062318,21.5,0,0.8,356.7,70,1001
1982062400,18.6,0,0,0,86.5,1002.8
1982062406,21.2,0,0.8,346.6,81.5,1003.1
1982062412,24.9,0,4.1,13.6,64,1004
1982062418,21.5,0,2.6,342.4,71,1005.1
1982062500,19.8,0,0.9,326.6,79,1007.3
1982062506,20.4,0,2.4,336.7,73.5,1010
1982062512,21,0,3.9,3.4,69.5,1012
1982062518,19.4,0,2.8,343.3,69.5,1013.6
1982062600,17.4,0,2.7,320,79.5,1015
1982062606,20.5,0,3.4,336.7,72,1015.8
1982062612,22.5,0.7,4.4,340,60.5,1014.4
1982062618,18.4,0.3,1.6,325.3,85,1014.9
1982062700,17.2,0,0.7,325,83.5,1014.7
1982062706,18.5,0,1.7,339.8,75,1014.5
1982062712,21.8,0,3.5,29.9,59.5,1013
1982062718,19.5,0,1.3,6.6,68.5,1011.7
1982062800,17.4,0,0.1,0,80.5,1010.7
1982062806,19.8,0,0.6,26.6,76.5,1011.3
1982062812,26.7,0,3.6,93.4,54.5,1010.2
1982062818,21.9,0,1.4,63.4,74.5,1011.5
1982062900,19.4,0,0,0,86,1012.4
1982062906,21.5,0,1.5,28.7,82,1013.2
1982062912,25.1,0,3.9,50,46.5,1012.3
1982062918,20.3,0,2,0,54,1012.3
1982063000,14.1,0,0,0,74,1012.6
1982063006,20.5,0,0.4,25.5,64,1011.4
1982063012,27.6,0,3.6,103.4,41,1009.1
1982063018,21.3,0,0.7,26.6,52,1008.1
1982070100,15.2,0,0,0,79.5,1007.6
1982070106,20.2,0,0.3,29.5,73.5,1007.8
1982070112,25.1,0,3.2,110,50,1007.1
1982070118,21.6,0,1.1,75.7,65,1006.5
1982070200,16.9,0,0,0,88,1007.8
1982070206,20.2,0,0.4,25.2,83.5,1008.1
1982070212,25.1,0,3.3,62.3,58.5,1007.9
1982070218,21.1,0,1.9,23.2,74,1008.9
1982070300,19.4,0,0,0,82,1010.2
1982070306,21.6,0,1.4,12.8,77,1010.8
1982070312,24.4,0,3.1,26.6,60,1010.5
1982070318,21.4,0,1.6,21.9,67.5,1010
1982070400,18.1,0,0.2,350,82.5,1010.8
1982070406,21.7,0,1.5,33.2,76,1011.4
1982070412,26.3,0,3.9,40,53.5,1011.3
1982070418,22,0,1.1,11.2,68,1011.2
1982070500,18,0,0,0,87,1012.7
1982070506,22.1,0,0.9,29.5,76,1012.5
1982070512,26.4,0,2.6,96.6,64.5,1011
1982070518,23.3,0,0.8,66.5,76.5,1009.7
1982070600,21,0,0,0,89,1009.1
1982070606,24.7,0,0.8,55,83.5,1008.4
1982070612,26.9,0,2.6,100.2,63.5,1007.6
1982070618,24,0,0.8,75.7,75,1006.7
1982070700,22.2,0,0,0,87,1006.3
1982070706,25.6,0,0.9,24.1,80.5,1005.9
1982070712,27.1,0.4,2.8,100,67.5,1005.4
1982070718,24,0,0.6,20.5,83,1005.7
1982070800,21.9,0,0.5,345.5,90,1006.7
1982070806,25.5,0,0.5,348,78.5,1007.6
1982070812,30.3,0,3.3,104.7,51,1006.6
1982070818,25.5,0,0.8,229.7,69,1007.1
1982070900,21.1,0,0.4,310.4,86,1008.4
1982070906,25.3,0,0.9,115,79,1008.9
1982070912,31.8,0.4,3.5,100.2,58,1007.3
1982070918,25.4,0,1,0,70,1006.5
1982071000,22.4,0,0,0,83,1007.3
1982071006,26.5,0,1.5,115,78.5,1007.1
1982071012,28,0.5,4.4,145.3,76,1005.1
1982071018,24.8,0,3.2,148.8,87.5,1003.2
1982071100,23.5,0.4,3,152.3,92,1001.2
1982071106,25.1,0.2,2.1,119.6,92.5,997.8
1982071112,31.4,0,4.3,184.4,61.5,996.1
1982071118,29.3,0,2.2,275,66,998.2
1982071200,22.6,0,0.5,0,73.5,1003.1
1982071206,26,0,1.2,125,77,1005.4
1982071212,32.9,0,3.4,143.1,39.5,1004.2
1982071218,25.6,0,1,16.2,66.5,1004.9
1982071300,23.4,0,0.7,307.2,78.5,1004.8
1982071306,24.5,0.2,0.8,268.2,78.5,1004.9
1982071312,27.9,0,2,138.8,61.5,1004.3
1982071318,23.2,0.6,1.8,234.2,74.5,1003.8
1982071400,21,0.2,0.4,327.4,84.5,1002.7
1982071406,21,28,0.7,289.8,94.5,1000.5
1982071412,22.4,6.8,2.8,340,94.5,998.9
1982071418,21.9,0,2.2,326.6,84.5,1001.3
1982071500,21.6,0,2.1,330,85,1003.2
1982071506,22.3,0,2.1,336.7,85.5,1005.1
1982071512,23.8,0,0.9,353.2,81.5,1005.4
1982071518,22.7,0,1,46,84.5,1005.2
1982071600,22.1,3.8,0.9,92.4,95,1003.2
1982071606,23.4,0.6,0.4,348.2,95,999.3
1982071612,28.5,0,2.8,160.6,75.5,997.9
1982071618,24,0,1.9,355.1,86.5,999.4
1982071700,20.5,0,0.2,345.5,91,1002.6
1982071706,22,0,0.4,35,93,1004.8
1982071712,28.2,0,3.6,83.6,65.5,1005
1982071718,24.8,0,0.8,49.4,69.5,1005.7
1982071800,20.7,0,0.3,325,81.5,1006.9
1982071806,21.4,0,0.3,355,84.5,1007.9
1982071812,27.7,0,1.9,119.9,54.5,1007.5
1982071818,24.2,0,1.1,186.8,60.5,1007.7
1982071900,20.7,0,0.6,335.9,80.5,1009.2
1982071906,25.5,0,2.5,308,74,1009.2
1982071912,29.8,0,3.7,93.4,50.5,1008.8
1982071918,25,0,0.7,25.8,69,1008.8
1982072000,22.5,0,0.7,10,81,1009.3
1982072006,23,0,0.9,256.9,84,1009.2
1982072012,28.2,0,2.7,83.6,62,1007.9
1982072018,23.2,0,1.5,34,79.5,1005.9
1982072100,21.3,0,0.1,353.6,89.5,1006.3
1982072106,25.1,0,1.2,70.1,83,1006.6
1982072112,29.1,1.6,3.2,103.4,55,1007.2
1982072118,22.2,0,1.4,312.1,83.5,1008
1982072200,19.9,0,0.4,304.1,90.5,1008.2
1982072206,22.1,0,0.6,247.2,90.5,1008.7
1982072212,25.8,0,2.8,96.8,80.5,1007.5
1982072218,23.8,0,1.4,80.3,82,1007
1982072300,22.2,0,0.1,0,90,1006.3
1982072306,21.7,7.8,0.7,166.7,91,1006.1
1982072312,21.4,15.7,2.3,80,95,1004
1982072318,21.4,9.9,4.5,73.3,96,1002.1
1982072400,22,1.9,3.5,52.7,97,999.2
1982072406,22.5,1.2,3.4,336.7,95,998.8
1982072412,24,0.2,3.4,340,88,999.8
1982072418,22.6,0,1.8,340,90.5,1001
1982072500,21.9,0.1,1.5,340,94.5,1001.9
1982072506,23.2,0,0.6,3.2,94.5,1002.7
1982072512,25.5,0.6,2.5,93.4,81,1002.8
1982072518,23,41.4,1.7,60,89.5,1003.6
1982072600,22.3,17.7,0.6,330.6,92,1003.9
1982072606,23.5,0,1,97.9,91.5,1004.4
1982072612,30.5,0,3.2,153.7,77.5,1004.1
1982072618,26.1,0,1.5,30.3,71.5,1004.5
1982072700,21.6,0,0.1,16.2,92.5,1006.7
1982072706,24.2,0,1.7,70,90,1008.7
1982072712,27.5,0,3.5,65.6,76,1008.2
1982072718,24.8,0,1.7,3.3,90,1008.6
1982072800,23.7,0,0.9,0,91.5,1010.6
1982072806,23,0,1,0,90,1011.2
1982072812,25.5,0,2.3,120.9,74.5,1012.2
1982072818,23.8,0,1.6,72.4,82,1012.1
1982072900,22.4,4.7,1.1,339,88,1012.8
1982072906,22,43.8,1.4,109.8,91,1012.7
1982072912,22,5.3,1.7,83.1,93,1013.3
1982072918,22,0,1,16.7,90,1012.9
1982073000,21,0,0.4,345.5,93.5,1012.9
1982073006,22.9,0,0.8,251.5,82.5,1012.6
1982073012,28.3,0,2.7,90.4,72.5,1011
1982073018,24.2,0,1.6,59.3,82.5,1010.9
1982073100,22.4,0,0.9,323,90.5,1010.9
1982073106,23.5,0,1.1,330.6,90.5,1010.9
1982073112,24.4,0,3,37.1,83.5,1009.7
1982073118,22.5,2.9,1.4,341.6,85.5,1009.4
1982080100,21.2,0,1,326.4,89.5,1009
1982080106,23.6,0,3.3,340,82,1008.4
1982080112,26.9,0,4.8,340,64,1006
1982080118,23.7,0,4.2,340,72,1004.6
1982080200,21.2,0,2.1,320,82,1003.1
1982080206,23.8,0,1.1,39,75,1004.4
1982080212,27,0,3.6,106.7,66.5,1005.4
1982080218,23.6,0,1.1,60.6,82.5,1006.9
1982080300,21,0,0.9,251.8,87,1006.6
1982080306,24.4,0,1.3,225.1,81,1007.2
1982080312,30.9,0,2.8,101.6,55.5,1006.7
1982080318,26.1,0,1.2,10.2,81.5,1006.9
1982080400,24,0,0.2,350,88,1007.7
1982080406,27.9,0,1.3,252.2,78.5,1007.8
1982080412,32.3,0,4.1,101.2,60.5,1006.6
1982080418,26.7,0,1.4,48.1,75.5,1005.7
1982080500,23.1,0,0.3,332.1,87.5,1005.7
1982080506,26.4,0,0.1,10,82.5,1005.8
1982080512,31,0,3.7,193.6,64,1005.2
1982080518,28.4,0,1.9,166.6,78.5,1004.6
1982080600,26.5,0,1.5,173.4,84.5,1004.7
1982080606,29,0,3.1,184.4,75.5,1005.7
1982080612,33.7,0,4.1,196.7,53,1005.1
1982080618,29.4,0,1,224.8,71.5,1005.9
1982080700,26.5,0,0.4,278,84.5,1007.6
1982080706,28.7,0,1.1,67.6,79.5,1008.5
1982080712,33,0,2.5,124.7,58.5,1007.8
1982080718,29.5,0,0.8,36.6,70,1008.1
1982080800,26.6,0,0.5,305,86.5,1008.7
1982080806,28.8,0,1,232.8,83,1010
1982080812,34,0,2.5,93.3,58.5,1009
1982080818,29.6,0,1.1,230,69,1009.8
1982080900,26.2,0,0.4,330.5,85,1010.6
1982080906,29.5,0,1.1,340.5,78.5,1010.4
1982080912,32,0,3.1,25,62,1009.8
1982080918,28.6,0,1.1,316.8,76.5,1009.8
1982081000,25.4,0,0.2,330.6,90,1010.8
1982081006,27.6,0,0.8,241.3,81,1010.8
1982081012,33.6,0,3.1,101.5,51.5,1009.4
1982081018,28.1,0,1.4,34.4,72,1009.1
1982081100,26.3,0,0.4,322.2,84.5,1009.7
1982081106,28.4,0,1.1,220.2,81,1010
1982081112,31.7,0,4.1,83.2,58.5,1009.5
1982081118,27.8,0,1.6,57.6,74.5,1010.3
1982081200,25.7,0,1.5,12.4,85,1011.5
1982081206,26.2,3.2,2.2,16.9,81.5,1012.2
1982081212,29.5,0,3.9,63.4,70.5,1012.2
1982081218,26.7,0,1.8,38.2,77,1012.7
1982081300,26.3,0,1.3,3.4,86.5,1013.1
1982081306,24.5,2.9,2.4,55.3,89.5,1013.5
1982081312,26,5.9,3.1,66.7,88.5,1013.5
1982081318,25.4,15.4,1.5,40.1,92.5,1013.3
1982081400,25.6,12.4,4,100,90,1013.4
1982081406,25.3,55.7,3.7,126.1,90,1013.7
1982081412,25.5,131.7,2.9,173.6,93,1012.5
1982081418,25.6,17.4,2.5,153.4,96,1012.2
1982081500,25.5,0,1.4,155.7,94,1011.7
1982081506,26.8,6.8,2.8,180,89,1011.4
1982081512,29.9,0,4.9,180,68,1009.5
1982081518,27.6,0,2,200,77.5,1009.2
1982081600,26,0,0.1,355.2,80.5,1009.9
1982081606,27.5,0,0.3,16.2,81,1010.3
1982081612,31.8,0,2.3,287.1,61.5,1008.8
1982081618,26.8,0,0.9,8.7,81,1009.4
1982081700,25.1,0,0.1,6.6,90.5,1010.3
1982081706,25.9,0,0.8,106.3,90,1010.5
1982081712,28.7,0,2,86.8,74,1010.1
1982081718,25.6,0,1.5,111.6,80,1010.4
1982081800,24.6,0,0.2,8.6,88,1010.3
1982081806,26.8,0,0.6,23.9,84.5,1010.1
1982081812,31.2,0,3.5,83.1,65,1008.2
1982081818,26.9,0,0.9,25.7,85.5,1008.6
1982081900,25,0,0.2,10,91.5,1009.3
1982081906,27.6,0,0.7,0,86,1009.6
1982081912,31.2,0.4,2.5,95.5,59,1008.9
1982081918,27.4,0,0.8,323.1,78,1008.4
1982082000,25.5,0,0.2,335.4,86.5,1009.3
1982082006,27.6,0,0.6,49.2,79.5,1009.8
1982082012,31.5,0,4.1,204.9,53.5,1008.8
1982082018,27.5,0,2.7,181.9,71.5,1008.2
1982082100,25.2,0.5,0.6,26.2,87,1007.5
1982082106,25.5,7.5,2.6,72,90.5,1005.5
1982082112,24.6,2.6,2.6,86.7,86,1005.8
1982082118,21.3,0.3,1.5,336.6,88,1007.5
1982082200,20.5,0.6,0.6,323,91,1009
1982082206,21.3,0,0.9,300.2,87,1009.3
1982082212,21.9,3.4,1,320,85.5,1009.9
1982082218,21.2,6,0.6,313.9,88.5,1010.7
1982082300,21.2,3,0.9,300.2,90,1010.5
1982082306,21,13.1,2.3,326.4,89,1010.3
1982082312,22,0.6,2.7,333.4,84.5,1011.2
1982082318,21.1,0,2.7,340,81.5,1012.3
1982082400,20.9,0,2.1,320,84.5,1012.2
1982082406,21.8,0,2.8,333.4,85,1012.8
1982082412,23.2,0,2.9,340,71.5,1013.5
1982082418,22.4,0,2,340,75.5,1013.6
1982082500,22.2,0,1.5,333.4,81.5,1012.9
1982082506,22.5,0.3,2.8,340,84.5,1012.7
1982082512,23.9,0.1,3.3,340,89,1011.1
1982082518,23.7,0,2.7,340,88,1009.7
1982082600,23.9,0,2.3,326.6,87.5,1007.8
1982082606,25.5,0,2.2,336.7,81,1006.4
1982082612,26.3,0.5,2.2,326.6,79.5,1004.2
1982082618,25.3,0.2,4.7,333.4,83,1001.8
1982082700,24.8,4.7,5.2,340,85,997.1
1982082706,24.2,22.3,7.4,340,87,990.3
1982082712,24,26.8,4.4,281.5,89,984.8
1982082718,24.3,0.4,3.5,234.8,74,987.6
1982082800,24,0,4.1,203.3,76.5,992.7
1982082806,25.7,0,4.4,206.6,63,995.5
1982082812,29.2,0,5,204.9,45,997.2
1982082818,25.1,0,2.2,186.8,61,999.8
1982082900,22.5,0,1.1,209.5,66,1001.7
1982082906,24,0,1.6,190.3,68.5,1003.5
1982082912,29.5,0,3.8,238.8,47,1004.5
1982082918,24.5,0,0.9,245,59.5,1005.9
1982083000,20,0,0.3,330.6,86,1008.1
1982083006,23.3,0,1.1,297,76,1009.7
1982083012,30.6,0,2.3,15,41.5,1008.1
1982083018,24.5,0,1.5,46.9,68.5,1009.4
1982083100,19.8,0,0.4,299,85,1010.7
1982083106,23.3,0,0.8,27.8,81.5,1011.7
1982083112,28.4,0,3.7,73.4,63.5,1011.5
1982083118,23.7,0,0.6,25,77.5,1012.4
1982090100,19.9,0,0,0,88.5,1013.3
1982090106,22.3,0,0.8,11.9,86.5,1013.5
1982090112,26.9,0,4.7,24.9,54,1012.8
1982090118,22.6,0,2.4,333.2,70.5,1013.4
1982090200,20.1,0,0.9,340,83.5,1013.8
1982090206,22.8,0,2.7,330,77.5,1014.2
1982090212,25.9,0,4,13.6,62.5,1012.8
1982090218,22.1,0,2.4,325.3,71,1012.8
1982090300,20.6,0,1.9,305,82,1012.7
1982090306,22.6,0,3.3,320,70.5,1013
1982090312,23.9,0.9,5.3,340,70,1012.8
1982090318,21,0,3.7,340,63.5,1013.2
1982090400,20.4,0,4,346.6,70.5,1013.8
1982090406,21.5,0,4.7,346.6,61,1014.4
1982090412,22.1,0,4.9,343.3,50.5,1014.2
1982090418,19.2,0,3,340,54,1013.7
1982090500,16.8,0,0.9,275.6,70.5,1013.4
1982090506,19.6,0,1.5,4.4,80,1013.3
1982090512,24,0,3.7,16.7,59.5,1012.1
1982090518,20.9,0,1,329.5,71,1011.9
1982090600,18.2,0,0.1,348.7,83.5,1011.4
1982090606,20.8,0,0.6,303,83.5,1011.7
1982090612,27.1,0,2.7,114.5,55,1010.7
1982090618,22.9,0,0.9,70.2,66,1011
1982090700,19.8,0,0.8,303.6,69.5,1012.6
1982090706,21.7,0,1.4,319.5,65,1014
1982090712,27.7,0,3,60.5,40.5,1013.3
1982090718,21.9,0,0.9,67.4,67,1014.8
1982090800,17.9,0,0.4,295,87,1015.9
1982090806,20.4,0,0.2,348.2,83,1016.1
1982090812,24,0,1.1,343.4,59,1016.1
1982090818,21.4,0,0.4,275.1,77,1016.3
1982090900,19.7,0.2,0.8,80,87,1016.3
1982090906,20.1,0,0.6,265.7,89,1015.5
1982090912,22.1,0.3,0.8,100,70.5,1015.2
1982090918,19.5,0,0.4,292.5,85,1014.6
1982091000,16,0,0,0,89.5,1013.8
1982091006,19.2,0,1.4,220.4,85,1013.3
1982091012,26,0,3.5,34.5,45,1011
1982091018,20.7,0,0.7,340.5,71,1011.5
1982091100,17.2,0,0.9,325,88,1011.6
1982091106,19.8,0,2.2,349.6,75,1011.2
1982091112,24.9,0,4.4,353.2,50.5,1010.3
1982091118,20.1,0,3,326.6,62,1011.3
1982091200,17.6,0,3.7,320,70,1011
1982091206,20.4,0,5.2,330,72.5,1010.4
1982091212,24.6,0,6.1,340,45,1009
1982091218,19,0,1.3,267.2,59.5,1009
1982091300,14.5,0,0.2,6.5,85,1010.3
1982091306,18,0,0.5,56.9,83,1012.7
1982091312,26.6,0,2.8,94.3,44,1011.5
1982091318,21,0,0.8,21.7,66,1013.4
1982091400,16.3,0,0.3,279.5,88,1015.2
1982091406,19.8,0,1.5,356.8,82,1017.2
1982091412,24.6,0,5.1,6.9,58.5,1017.9
1982091418,20.6,0,1.9,323.3,71.5,1018.9
1982091500,17.2,0,0.1,4.3,85,1019.7
1982091506,20.6,0,1.2,20.8,83,1020.1
1982091512,24.9,0,4.7,20,54,1019.5
1982091518,20.5,0,1.8,340,72,1020.2
1982091600,16.9,0,0.2,3.3,87.5,1020.7
1982091606,19.8,0,0.7,353.4,86,1021.2
1982091612,24.5,0,4.3,24.9,57.5,1020.5
1982091618,20.1,0,1.5,285,72.5,1021
1982091700,16.5,0,0.6,207.1,87.5,1021.6
1982091706,19.6,0,1.1,11.3,84,1022
1982091712,24,0,2.8,16.7,56.5,1020.7
1982091718,20,0,1.4,336.1,66,1020.1
1982091800,18.5,0,0.6,231.2,80.5,1019.2
1982091806,20.7,0,1.1,325,82,1017.4
1982091812,24,0,3.1,13.6,67,1016.2
1982091818,21.3,9.1,1.4,353.4,85,1015
1982091900,19.7,25.9,2.2,8.1,91,1013.1
1982091906,18.7,7,3.6,340,90.5,1011.3
1982091912,20.9,1.4,2.2,343.4,91,1008.7
1982091918,20.4,0,1.1,335.5,89.5,1009.2
1982092000,19.8,0,0,0,89,1008.9
1982092006,20.2,1.5,0.3,335.4,89,1007.9
1982092012,24.6,0,1.7,243.2,74,1006.4
1982092018,21.5,0,0.8,271.3,80,1006
1982092100,18,0,1.1,350.8,86.5,1007.7
1982092106,19.8,0,1.5,330,74.5,1010.9
1982092112,23.3,0,2.3,16,52,1011.2
1982092118,19.1,0,0.8,9.8,72.5,1011.3
1982092200,15.4,0,0.3,330.6,89,1012.5
1982092206,18,0,1.1,19.5,86.5,1013.8
1982092212,22.7,0,4.3,46.7,50.5,1013.5
1982092218,19.3,0,1.4,346.6,62.5,1014.7
1982092300,18.4,0,1.7,340,66.5,1014.8
1982092306,20,0,3.4,353.1,62,1015.1
1982092312,21.5,0,5.9,346.4,56,1014.9
1982092318,18.8,0,3.6,340,57,1015.7
1982092400,18.7,0,4,340,67.5,1015.4
1982092406,20.6,0,5.2,346.6,61.5,1016.2
1982092412,21.8,0,6.4,343.3,56,1015.2
1982092418,20,0,6,340,64,1012.8
1982092500,18.9,6.9,5.8,333.4,78,1007.2
1982092506,17.7,10.1,5.7,310.1,88,1005
1982092512,20.8,0.1,3.5,294.9,65.5,1005.2
1982092518,20.2,0,0.4,326.2,68,1007.4
1982092600,18.2,0,0.5,280.3,74.5,1009.2
1982092606,19.1,0,1.1,169,68.5,1010.6
1982092612,28.3,0,3,193.4,29.5,1009
1982092618,21.5,0,0.5,354.1,60,1009.7
1982092700,18.4,0,1.7,325,79.5,1010.8
1982092706,17.2,0,2.5,282.4,56,1014.8
1982092712,22.1,0,2.8,235,43.5,1014.3
1982092718,17,0,1.7,332.6,46.5,1015.5
1982092800,14.8,0,1.8,272.7,62,1017.7
1982092806,17.4,0,2.6,321.1,60,1020
1982092812,23.7,0,3,148.3,42.5,1018
1982092818,18,0,0.8,237.5,63.5,1018
1982092900,15.1,0,0.4,4,80,1019
1982092906,17.7,0,0.7,304.1,63,1019.1
1982092912,22.6,0,1.7,230.1,41.5,1017.3
1982092918,18.6,0,0.8,289.8,62,1017
1982093000,16.3,0,0.4,292.5,73,1017.2
1982093006,16.6,0.5,1.1,271.3,84.5,1017.5
1982093012,20.8,0,1.2,110.6,59,1015.8
1982093018,18.1,1.7,0.1,11.4,74.5,1016
1982100100,16.3,1.6,0.5,318.8,90,1016.1
1982100106,18.4,0,0.9,348.6,86.5,1017.2
1982100112,21.8,0,2.5,6.8,65.5,1017
1982100118,18.9,0,1.3,305,83.5,1017.3
1982100200,17.1,0.2,0.7,314.9,91,1017.4
1982100206,18,0.3,0.5,28.9,92.5,1017.2
1982100212,20.1,2.3,1.5,140,84,1015.5
1982100218,17.8,0.1,0.4,341,83,1015.1
1982100300,14.6,0,0.4,314.9,89,1016
1982100306,17.4,0,0.4,318.3,87.5,1017.5
1982100312,24.1,0,2.6,66.7,58.5,1016.5
1982100318,19,0,0.6,336.7,79,1017.7
1982100400,14.7,0,0.1,350,90,1018.3
1982100406,17.5,0,0.6,29.3,89,1019.6
1982100412,22.4,0,2.8,66.7,62.5,1018.7
1982100418,18,0,0.5,349.7,79,1019
1982100500,15.8,0,0.2,350,90.5,1018.8
1982100506,16.7,0,0.5,20.1,90.5,1018.5
1982100512,22,0,2,40.1,67,1017.4
1982100518,18.7,0,1.2,325.9,77,1017.8
1982100600,15.5,0,0.1,10,87.5,1018.2
1982100606,17.6,0,0.6,343,86.5,1018.1
1982100612,24,0,2.9,86.8,55.5,1015.8
1982100618,18.4,0,0.7,27.6,77.5,1015.5
1982100700,14.1,0,0.3,295,89,1015.1
1982100706,16.6,0,0.5,297.9,88,1014.3
1982100712,24.3,0,2.8,101.1,46.5,1012.2
1982100718,18.1,0,0.5,290.9,77.5,1012.1
1982100800,13.2,0,0.5,258.6,91,1012
1982100806,16.1,0,1.6,297.7,82.5,1012.7
1982100812,21.7,0,4.9,0,50.5,1013.1
1982100818,18.3,0,4.8,350,67,1015.6
1982100900,15.9,0,4.6,340,71,1017.2
1982100906,18.1,0,4.6,340,67,1019.2
1982100912,21.2,0,4.7,353.4,50.5,1020.5
1982100918,16.8,0,2.6,333.2,69,1022.4
1982101000,14.3,0,0.6,354.3,83,1023.2
1982101006,17.2,0,2.2,326.4,74.5,1023.9
1982101012,21.2,0,3.8,42.3,50.5,1023.2
1982101018,15.9,0,1.4,355.2,68,1023
1982101100,11.8,0,0.1,350,88,1022.5
1982101106,14.5,0,0.2,11.4,86,1022.4
1982101112,23.9,0,2.3,114.9,49,1020.3
1982101118,17.8,0,0.2,7.7,69,1020.4
1982101200,13.7,0,0.3,292.5,87,1021.2
1982101206,16.5,0,0.8,277.4,78.5,1022.1
1982101212,26,0,2,128.4,41,1020.7
1982101218,18.1,0,0.2,350,61,1021.8
1982101300,11.9,0,0.1,8.6,85,1023
1982101306,15.2,0,0.2,350,80.5,1024
1982101312,25.4,0,2.8,108.5,40.5,1022.5
1982101318,17.9,0,0.4,2.7,74,1022.5
1982101400,12,0,0.1,348.6,88.5,1022.3
1982101406,15.1,0,0.1,10,85.5,1022.2
1982101412,24.4,0,2.1,73.6,47,1019.7
1982101418,19.1,0,0.2,8.6,73,1018.9
1982101500,14.7,0,0.1,0,88,1018.6
1982101506,17.3,0,0.3,10,87.5,1017.5
1982101512,22.3,0,2,41.5,59,1015.8
1982101518,17.4,0,0.4,332.2,79.5,1016.3
1982101600,14.7,0,0.8,309.2,87,1016.9
1982101606,16.3,8.1,2.8,328.6,87.5,1019
1982101612,15.8,0.8,3.6,343.3,85.5,1021
1982101618,14.6,0.2,2.7,346.6,77.5,1022.6
1982101700,13.6,0,1.5,305.7,77.5,1022.3
1982101706,14.4,0,1,236.8,83,1021.8
1982101712,18,0,2.8,40.1,50.5,1019.7
1982101718,13.3,0,0.2,0,71,1019.1
1982101800,9.3,0,0.2,350,88.5,1018.9
1982101806,12.4,0,0.2,330.6,87,1017.6
1982101812,21.4,0,3,100.2,55,1014.5
1982101818,15.7,0,0.6,196.8,73.5,1012.9
1982101900,12,0,0.2,352.3,92,1009.8
1982101906,14.1,0.1,1,271.1,92,1006.8
1982101912,19,0.7,2.7,191.2,78,1002
1982101918,14.3,0,2,302.9,81.5,1001.4
1982102000,14.2,0,3.8,273.3,68,1003.7
1982102006,14.9,0,2.8,298.5,66,1008.7
1982102012,20.9,0,2.1,172.5,36.5,1007.8
1982102018,15.1,0,1.3,300.2,52,1008.4
1982102100,11.9,0,2.5,329.9,71,1010.3
1982102106,15.3,0,1.9,271.1,67.5,1011.8
1982102112,21.7,0,2.2,342.2,35.5,1011.4
1982102118,14.4,0,0.6,316.8,61.5,1013.2
1982102200,10.2,0,0.5,248.9,86.5,1015.5
1982102206,13.1,0,0.4,235.1,78.5,1018.1
1982102212,21.8,0,2.4,114.9,38.5,1018
1982102218,14.4,0,0.4,336.7,63,1020
1982102300,9.5,0,0.1,0,87.5,1020.7
1982102306,12.5,0,1.1,335.7,79.5,1022
1982102312,21.2,0,2.8,312.8,31.5,1019.2
1982102318,12.5,0,3.2,346.4,41,1018.9
1982102400,8.1,0,4.7,315.1,43.5,1018.2
1982102406,7.6,0,6.3,290,44.5,1017.3
1982102412,9.9,0,5.2,283.4,24,1016.9
1982102418,5.7,0,1.3,290.9,38.5,1019.1
1982102500,3,0,3,305,42.5,1019.8
1982102506,4.3,0,2,342.4,36.5,1020.7
1982102512,12.8,0,1.2,3.4,21,1019
1982102518,6.7,0,0,0,46.5,1019.7
1982102600,6,0,0.6,346.6,64,1020.8
1982102606,12.1,0,1.6,28.2,63.5,1022
1982102612,17.9,0,2.5,325.1,59.5,1021.7
1982102618,11.4,0,0,0,72.5,1023.2
1982102700,6.9,0,0,0,89.5,1024
1982102706,10.2,0,0,0,86,1024.5
1982102712,20,0,1.5,159.4,43.5,1022.2
1982102718,13.9,0,0,0,65.5,1022.4
1982102800,9.8,0,0,0,86,1022.5
1982102806,11.7,0,0,0,85,1023
1982102812,21.2,0,1.3,187.5,43,1020.5
1982102818,13.9,0,0,0,67,1020.7
1982102900,9.2,0,0,0,84,1020.9
1982102906,12.4,0,0.1,0,85.5,1021.3
1982102912,21.1,0,2,107.7,54,1019.5
1982102918,15.3,0,0.1,10,81.5,1020.5
1982103000,11.5,0,0,0,91.5,1020.9
1982103006,14.1,0,2.2,70,91.5,1020.2
1982103012,21.6,0,1.8,113.7,56.5,1018.1
1982103018,16.4,0,0.1,11.4,80.5,1017.8
1982103100,13.4,0,0.1,353.6,91.5,1017.1
1982103106,15.6,0,0,0,91.5,1015.7
1982103112,22.9,2.1,1.9,265.6,62,1012.3
1982103118,17.5,0.7,1.1,28.5,82.5,1013.1
1982110100,15,0,2.7,29.9,61.5,1015.3
1982110106,13.4,0,3.4,16.9,52,1018.3
1982110112,17,0,4.4,336.7,30,1019.5
1982110118,12.1,0,2.3,356.7,27,1023.3
1982110200,8.1,0,3.2,356.9,40.5,1025.9
1982110206,9,0,1.5,6.8,42.5,1029
1982110212,15.8,0,2.2,112.4,28.5,1029.4
1982110218,9.4,0,0.4,297.6,60.5,1030.5
1982110300,4.8,0,0.2,333.4,83,1031.2
1982110306,7.8,0,0.2,342.1,81.5,1031.4
1982110312,18.4,0,2,197.3,50.5,1028.5
1982110318,11.7,0,0.8,318.6,66,1027.1
1982110400,7.4,0,0.5,335.9,84.5,1026.2
1982110406,9.8,0,1.2,90,82,1024.8
1982110412,15.3,0,0.3,344.8,63,1022
1982110418,13.1,1.7,0.5,25,83.5,1021
1982110500,12.6,10.2,0.6,348.7,92,1019.7
1982110506,13.6,1.3,1,350,91.5,1019.9
1982110512,16.8,0,3.3,20,75,1021.6
1982110518,15.9,0,3.2,35,78,1024.4
1982110600,13.9,0,2.4,10,82,1025.4
1982110606,15.1,0,1.2,353.6,80.5,1026
1982110612,19.3,0,1.8,66.5,64.5,1024.1
1982110618,15.5,0,0.3,349.8,79.5,1024.1
1982110700,13.6,0,0,0,88,1023.3
1982110706,14.9,0,0.1,353.6,89,1021.8
1982110712,20.9,0,1,155.2,64.5,1020.5
1982110718,16.3,0,0,0,79.5,1021.3
1982110800,12.6,0,0,0,88,1022.4
1982110806,14.7,0,0.2,3.3,88.5,1022.7
1982110812,19.3,0,1.5,83.2,66,1021
1982110818,15.9,0,0.4,17.3,78.5,1020.8
1982110900,12.8,0,0,0,91.5,1019.2
1982110906,13.8,0,0.1,350,92.5,1016.6
1982110912,19.6,0,0.8,100.1,71,1012.6
1982110918,17.9,0,0.1,353.6,83.5,1009.4
1982111000,16.2,11.3,1.1,33.8,90.5,1006.6
1982111006,15.5,0,0.8,320.7,91,1006.8
1982111012,15.7,0,4.6,240,56,1005.8
1982111018,11.4,0,2.4,245.5,54,1007.2
1982111100,10.2,0,3.8,250,60,1007.1
1982111106,10.9,0,5.6,250,55,1007.4
1982111112,13.7,0,5.7,250,44.5,1005.6
1982111118,11.5,0,3.3,266.6,52,1006.7
1982111200,9.2,0,0.6,326.1,58,1010.2
1982111206,10.8,0,0.5,318.1,72.5,1013.9
1982111212,16.3,0,2.1,310.6,44.5,1015.5
1982111218,10.5,0,0.7,177.5,70,1019
1982111300,7.9,0,0.4,335.5,87.5,1020.8
1982111306,10.1,0,0.6,265.4,84.5,1021.1
1982111312,18.4,0,1.8,40.6,47,1019.6
1982111318,12,0,0.4,348.7,56.5,1020.6
1982111400,8,0,0.5,298,68,1021.3
1982111406,9.4,0,0.3,133.2,76.5,1021.8
1982111412,18.7,0,2.7,148.5,38,1021.1
1982111418,13.3,0,1.1,345.9,79.5,1021
1982111500,11.9,0,0.7,308.8,89,1019.5
1982111506,12.9,1.1,0.5,299,94,1018
1982111512,17.5,0,0.6,133.5,78,1015.7
1982111518,13.8,0,1.5,308.4,74.5,1016.4
1982111600,11.4,0,3.3,16.7,58.5,1018.4
1982111606,9.4,0,1.8,350.5,57,1021.6
1982111612,13.9,0,1.9,13.4,50,1020.2
1982111618,11.8,0,0.5,350,65,1020.1
1982111700,9.6,0,0.8,340,72.5,1020.1
1982111706,9.2,0,4,6.6,52.5,1022.4
1982111712,15.2,0,3.2,3.3,32,1023.1
1982111718,9.2,0,0.9,188.9,53,1024.7
1982111800,4.5,0,0.8,271.3,76.5,1025.2
1982111806,8.3,0,2.3,357.1,74,1026.1
1982111812,14.8,0,2,148.7,37,1024.4
1982111818,8.4,0,0,0,59,1023.2
1982111900,5.5,0,0.1,0,79.5,1022.3
1982111906,6.8,0,0.7,287.5,81.5,1020.8
1982111912,12.7,0.3,1.2,160,67,1018.6
1982111918,9.4,0,2,329.6,68,1018.9
1982112000,6,0,1.6,13.4,73,1021
1982112006,7.2,0,1,287.5,59,1022.2
1982112012,14.1,0,1.4,80,43.5,1020.8
1982112018,8.8,0,0.5,4.6,69,1021.4
1982112100,5.7,0,1.2,311.3,65,1021.8
1982112106,7.4,0,1.8,3.4,65,1023.3
1982112112,12.2,0,1.5,62.5,43,1022.8
1982112118,9.4,0,0.5,347,48,1022.2
1982112200,8.3,0,0.4,285.8,73.5,1020.2
1982112206,8.5,0.4,0.3,11.9,74,1016.7
1982112212,9.1,6.7,3.5,11.7,88,1010.8
1982112218,8.3,0.1,2.8,340,60.5,1014.6
1982112300,4.8,0,2.1,15,52,1018.1
1982112306,3.9,0,3.4,6.9,50.5,1019.8
1982112312,8.9,0,4.4,343.3,35.5,1017.9
1982112318,4,0,0.8,323.1,54,1017.7
1982112400,2.7,0,0.7,266.5,75,1016.8
1982112406,4.7,0,4.4,340,75.5,1018.7
1982112412,5.9,0,4.7,326.6,32,1021.1
1982112418,2,0,2.7,333.4,36.5,1024.4
1982112500,-1.2,0,4.2,356.6,41.5,1026.4
1982112506,0.2,0,4.8,350,35,1028.1
1982112512,5.4,0,3.3,336.7,20.5,1027.9
1982112518,2.9,0,3.5,346.6,27.5,1028.9
1982112600,0.9,0,1.6,7.7,36,1029.7
1982112606,2.5,0,1.4,357.6,38.5,1030.7
1982112612,8.9,0,1.5,61,38,1029
1982112618,4.5,0,1.2,353.9,48,1029.9
1982112700,1,0,0.5,25,58,1031.7
1982112706,4,0,1.2,350,66,1032.6
1982112712,11.9,0,4,20,50.5,1031.8
1982112718,7.9,0,2.3,346.4,70,1033
1982112800,8.2,1.8,2.1,331.9,90.5,1032.9
1982112806,9.6,2.4,2.9,189.4,91,1032.1
1982112812,12.3,0,4.9,90,57,1030.1
1982112818,11.6,0,2,60,73.5,1026.4
1982112900,10,4.6,0.9,270.2,90.5,1020
1982112906,12.6,13.8,1.6,254.6,93,1013.2
1982112912,15.8,16.3,3.8,186.8,90.5,1006.8
1982112918,16.2,12.7,1.9,240.7,90.5,999.9
1982113000,12.1,0.1,2.9,346.4,71,1001.8
1982113006,11,0,4.3,296.6,59,1006.2
1982113012,13.3,0,3.8,267.2,38,1008.8
1982113018,7.5,0,1.6,322.7,53.5,1012.7
1982120100,4.6,0,1,303.6,69,1014.3
1982120106,7.3,0,3,243.1,69,1014.8
1982120112,13.2,0,4.2,286.7,33.5,1015.8
1982120118,7.1,0,1.1,289.3,47,1017.8
1982120200,2.3,0,0.4,4.3,76,1019.9
1982120206,2.4,0,1,290.9,83,1020.2
1982120212,12.7,0,3.2,185.8,46.5,1016.8
1982120218,9.6,0,2.5,284.1,56,1016.3
1982120300,5.5,0,2.9,8.1,67,1019.7
1982120306,4.7,0,1.8,313.4,69.5,1022.2
1982120312,10.9,0,2,100.3,46,1020.7
1982120318,6.4,0,1.3,290.4,60.5,1021.5
1982120400,2.2,0,0.4,267.1,84.5,1022.4
1982120406,3.2,0,1.2,271.4,86,1023.7
1982120412,13.1,0,1.4,105.1,39,1020.7
1982120418,9.7,0,0.9,315.6,52,1019.2
1982120500,8.8,2.4,3.8,311.9,75,1016.3
1982120506,5.8,0.9,4.8,340,55,1018.2
1982120512,2.9,0,5.3,326.6,36,1021.8
1982120518,-1.9,0,5.9,326.6,34,1026
1982120600,-5.1,0,2.3,353.4,38.5,1028.1
1982120606,-4.5,0,2.2,14.7,40.5,1029.7
1982120612,2.7,0,2.8,356.6,34,1028.8
1982120618,-1.3,0,1.4,27.9,37,1030.2
1982120700,-3.4,0,1.2,352.4,40.5,1029.8
1982120706,0.1,0,4.1,341,33.5,1030.2
1982120712,6.3,0,3.9,340,31.5,1028.9
1982120718,2.2,0,1.7,346.8,45,1030.3
1982120800,0.2,0,2,341.1,62.5,1030.5
1982120806,2.2,0,2.7,298.7,60,1030.7
1982120812,8.1,0,4,343.3,38,1028.9
1982120818,3.6,0,1.9,333.4,51,1029.9
1982120900,2.2,0,0.5,269.7,65,1029.9
1982120906,2.8,0,0.7,229.7,70,1028.2
1982120912,9.9,0,2.6,336.7,42,1024.7
1982120918,5.2,0,1.6,346.6,47.5,1024.3
1982121000,2.4,0,1.9,333,63,1024
1982121006,2.2,0,1.1,228.8,69.5,1023.2
1982121012,11.2,0,1.7,146.9,41.5,1019.8
1982121018,9.4,0,0.4,354.9,57,1016.6
1982121100,7.4,1.5,0.9,124.3,91,1011.4
1982121106,9.6,0,2.3,270.5,82.5,1008.7
1982121112,9.1,0.3,4.6,333.4,52.5,1010.9
1982121118,3.9,0,1.7,340,45.5,1015.7
1982121200,0.9,0,5.2,320,44,1018
1982121206,-1.2,0,4.7,320,45,1020.8
1982121212,0.6,0,5.4,323.3,33.5,1022.2
1982121218,-2.3,0,3.2,336.7,31,1025.5
1982121300,-3.9,0,3.4,346.6,43,1027.1
1982121306,-2.3,0,3.9,343.4,48,1028.2
1982121312,2.3,0,4.2,333.4,37.5,1028
1982121318,-0.7,0,1.7,336.6,42.5,1029.2
1982121400,-3,0,2.5,356.6,50,1030.7
1982121406,-1.3,0,2.8,321,54.5,1030.5
1982121412,4.3,0,4.7,330,35.5,1028.8
1982121418,1,0,1.8,340,37.5,1030.1
1982121500,-0.2,0,3.5,340,44.5,1030.8
1982121506,1.2,0,4.1,336.7,44.5,1030.7
1982121512,6.3,0,3,336.7,35,1028.3
1982121518,2.3,0,0.3,356.7,47,1028.7
1982121600,1.4,0,0.3,348.7,62.5,1027.3
1982121606,2.8,0,0,0,66,1024.9
1982121612,8.6,0,2.7,225.4,43.5,1020.9
1982121618,5.7,0,1.1,295.4,57,1018.5
1982121700,4.2,0,0.8,353.4,62.5,1016.5
1982121706,3,0,3.7,343.4,62.5,1017.2
1982121712,3.4,0,5,309.4,32,1017.5
1982121718,-1.1,0,4.5,325.3,40.5,1021.3
1982121800,-3.3,0,5.3,330,45.5,1024.6
1982121806,-2.8,0,4.7,326.6,45.5,1026.5
1982121812,2.2,0,4.8,336.7,25,1026.9
1982121818,-1.1,0,2.2,332.3,31.5,1028.6
1982121900,-2.6,0,2.7,353.2,39,1030.4
1982121906,-1,0,2.1,350,50,1030.1
1982121912,7.6,0,2.9,326.3,39.5,1027.9
1982121918,2.9,0,1,288,52,1028.2
1982122000,-1.3,0,0.9,0.3,75.5,1028.1
1982122006,0.5,0,0.4,10,83.5,1028.6
1982122012,10.5,0,2.3,298,38,1026.2
1982122018,3.5,0,0.4,299,56,1026.8
1982122100,-1.2,0,0.4,333.2,84,1026.8
1982122106,-0.6,0,0.6,266,89,1025.1
1982122112,9.9,0,1.9,228,55,1021.6
1982122118,7.9,0,0.9,310.5,57.5,1020.4
1982122200,4.6,0,0.4,332.1,82,1018.5
1982122206,3.1,0,1.1,3.3,92,1014.7
1982122212,12.5,0.7,6.3,252.9,56,1008
1982122218,5.9,0,4,270,49,1011.4
1982122300,3,0,1.3,214.4,50,1014.1
1982122306,3.9,0,3,256.5,51.5,1015.5
1982122312,7.8,0,4.7,253.3,37,1016.1
1982122318,3.2,0,0.7,342.4,47,1019.7
1982122400,-1.4,0,0.1,0,72.5,1022.9
1982122406,-0.4,0,0.3,342,80,1023.5
1982122412,10.7,0,2.3,262.4,54.5,1020.7
1982122418,7.1,0,2.7,8.1,65,1021.3
1982122500,1.9,0,3.2,2.9,46,1024.3
1982122506,1.8,0,3.5,353.4,51.5,1025.4
1982122512,6.8,0,3.2,16.7,31,1023
1982122518,2.3,0,1.1,3.3,33.5,1020.9
1982122600,2,0,3.2,11.9,36,1018.3
1982122606,2.7,0,2.7,25.5,43.5,1016
1982122612,6.1,0,2.9,304.2,38,1014.1
1982122618,0.7,0,1.6,340,56.5,1013.8
1982122700,-3.2,0,0.7,275.2,77,1014.8
1982122706,-1.8,0,0.7,45,86.5,1015
1982122712,6.4,0,3.5,334.5,43.5,1014.2
1982122718,2.1,0,2.3,324.8,40.5,1018.1
1982122800,-1.7,0,0.5,324.9,55.5,1021
1982122806,-1.2,0,0.4,297.9,77,1022.2
1982122812,7.7,0,2.5,235,36,1021
1982122818,2.5,0,0.4,22.5,48.5,1020.7
1982122900,-1.9,0,0.2,348.6,80.5,1020.1
1982122906,-0.3,0,0.5,353.6,89.5,1019.5
1982122912,11.6,0,2.9,246.7,46,1016.8
1982122918,5.4,0,0.8,287,56.5,1017.4
1982123000,2.7,0,3.2,0,61.5,1019
1982123006,2.3,0,3.6,340,39.5,1020.5
1982123012,7.9,0,3.4,343,27,1020.3
1982123018,2.7,0,1.6,343.4,40.5,1021.2
1982123100,-0.2,0,2.3,345.1,48,1021.8
1982123106,0,0,0.6,307,58.5,1023.4
1982123112,7.7,0,1.3,84.8,38.5,1021.1
1982123118,4.4,0,0.8,309.7,49.5,1021.2
1983010100,-0.5,0,0.2,330.5,51.5,1021.4
1983010106,-0.5,0,1,354,54,1021.8
1983010112,8.1,0,3.7,10.2,55,1020.6
1983010118,5.2,0,2.3,340,71,1021.2
1983010200,4.8,0,2.2,343.3,81,1020.7
1983010206,6.1,0,3.4,350,76.5,1020
1983010212,9,0,3.7,333.2,53.5,1018.5
1983010218,4.4,0,3.5,339.6,45,1021.6
1983010300,1,0,2.3,21.3,51.5,1024.4
1983010306,1.7,0,1.5,317.2,61,1027.6
1983010312,9.3,0,2.8,353.1,37,1028.6
1983010318,2.8,0,1.1,287.6,49.5,1030.9
1983010400,-1.4,0,0.2,7.7,72,1031.6
1983010406,0.4,0,0.3,319.6,82,1031.3
1983010412,11.6,0,2.3,152.4,50,1028
1983010418,9.3,0,0.2,355.2,69.5,1026.8
1983010500,6.7,1.5,0.1,348.6,87,1024.6
1983010506,5.1,2.3,1,352.4,86.5,1022.8
1983010512,4.2,6.3,2.3,349.8,88,1021.8
1983010518,5.1,3.4,0.9,335.9,90.5,1021.5
1983010600,6.1,0,1.9,353.4,78,1022
1983010606,5.6,0,0.1,356.7,81.5,1023.8
1983010612,11.4,0,2,21.6,54.5,1023.3
1983010618,6.8,0,1.1,344.1,72,1024.4
1983010700,3.8,0,0.7,19.5,89.5,1023.4
1983010706,5.3,0.1,0.6,340.5,91,1021.3
1983010712,13.2,0,1.7,256.5,73,1017.3
1983010718,8.9,0,3.3,303.9,60,1016.9
1983010800,5.5,0,3.3,294.9,50.5,1017.3
1983010806,0.1,0,4.3,333.4,47.5,1022.8
1983010812,-1.8,0,4.8,320,37.5,1024.2
1983010818,-4.2,0,3.4,340,34.5,1026.8
1983010900,-7,0,3.3,349.8,40.5,1028.8
1983010906,-6.8,0,3.7,350,37,1029.9
1983010912,-1.9,0,4.9,320,24,1028
1983010918,-4.1,0,4.3,330,25,1029.3
1983011000,-4.8,0,4.9,340,38,1029.2
1983011006,-5.5,0,3.2,6.8,33.5,1030.9
1983011012,-0.2,0,3.3,343.3,25,1030.4
1983011018,-3.3,0,4,343,27,1031.4
1983011100,-4.4,0,4.9,356.6,32.5,1032.2
1983011106,-2.2,0,2.9,9.4,30,1030.8
1983011112,2.8,0,4.1,346.6,20,1028.7
1983011118,0.7,0,0.2,356.7,41,1027.2
1983011200,-0.9,0,1,327.8,50.5,1026.1
1983011206,0.1,0,1.1,318.7,60,1024.3
1983011212,4.8,0,3,343.4,33,1021.3
1983011218,1.5,0,4.7,336.6,28.5,1020.7
1983011300,-1,0,4.3,336.6,35,1021
1983011306,-0.7,0,0.5,348.7,58.5,1021.5
1983011312,4.4,0,4.7,326.6,39.5,1021.3
1983011318,-0.1,0,2.2,350.4,38,1024.6
1983011400,-2.3,0,1.3,346.9,47,1026
1983011406,-0.8,0,2.8,356.7,41,1027
1983011412,5.8,0,2.8,331.9,36.5,1025.8
1983011418,0.9,0,0.5,344.8,45,1027.1
1983011500,-1.9,0,0.9,344.8,65,1029.1
1983011506,-1.3,0,0.1,355.2,77.5,1030.2
1983011512,7,0,0.7,280,35.5,1028.8
1983011518,3,0,1,6.6,45.5,1028.3
1983011600,-2,0,0.5,302.5,70,1028.3
1983011606,2.4,0,3.4,340,52,1029.7
1983011612,8.5,0,2.2,15.1,38,1029.4
1983011618,3.1,0,0.3,342.8,49,1030.2
1983011700,-0.6,0,0.8,328.1,73,1029.8
1983011706,1.5,0,0.5,283.5,70,1028.4
1983011712,7.5,0,1.3,356.3,49.5,1024.8
1983011718,3.7,1,2.2,0,79,1022.7
1983011800,2.2,6.6,1.6,0,91,1019.9
1983011806,3.1,1.2,2,3.4,86,1019.6
1983011812,6.1,0,3.7,336.6,61,1020.4
1983011818,2.3,0,1.8,13.4,67,1022.5
1983011900,0.4,0,4.9,350,54.5,1022.7
1983011906,-0.3,0,6.3,340,50,1023.4
1983011912,1.1,0,5.3,326.6,37,1024.3
1983011918,-2.6,0,4.2,346.8,38,1027.2
1983012000,-5.4,0,4.1,336.7,37,1029.3
1983012006,-5.5,0,5.2,336.7,44.5,1030.7
1983012012,-1.6,0,5.1,336.7,33,1029.8
1983012018,-4.2,0,4.4,350.2,32.5,1031.2
1983012100,-5.7,0,6.5,333.1,30,1031.2
1983012106,-5,0,3.3,3.3,39,1031.2
1983012112,-0.4,0,6.1,333.2,28.5,1029.8
1983012118,-4.2,0,6.2,330,29.5,1030.9
1983012200,-6.9,0,3.3,25.5,41.5,1031.9
1983012206,-6.5,0,4.9,3.4,46,1033.4
1983012212,-0.9,0,4.1,340,25,1032.9
1983012218,-3.7,0,1.1,353.4,26.5,1033.8
1983012300,-5,0,1.7,6.6,33,1033.2
1983012306,-2,0,4.7,340,37,1031.2
1983012312,5,0,3.8,333.4,31.5,1028.1
1983012318,2.3,0,3,333.2,40,1027.4
1983012400,1.2,0,2.8,328.6,46,1027.6
1983012406,1.9,0,3.2,7.9,51,1028.2
1983012412,7.7,0,2,18.4,39.5,1027.3
1983012418,1.5,0,0,0,58.5,1027.9
1983012500,-2.4,0,0.3,350.2,76,1027.4
1983012506,-0.1,0,0.3,353.6,75,1025.9
1983012512,10,0,3.2,346.3,27.5,1023.6
1983012518,6,0,2.8,349.8,32.5,1024.1
1983012600,2.3,0,2.5,20,45,1025.6
1983012606,2.9,0,1,311,55,1026.8
1983012612,10.7,0,2.8,20,29,1025.2
1983012618,3.7,0,0.7,341.6,36.5,1025.6
1983012700,-1.3,0,0.3,312.1,57.5,1026.6
1983012706,0.4,0,0.2,326.4,69,1025.8
1983012712,11,0,1,7.6,30.5,1023.2
1983012718,7.7,0,1,337.1,26,1022.7
1983012800,5.2,0,1.4,350,34,1021.8
1983012806,5.1,0,1.2,350.3,53,1021.2
1983012812,12.8,0,3.7,340,25.5,1020
1983012818,5.9,0,0.8,297.3,28,1019
1983012900,0.9,0,0.1,350,49,1018.3
1983012906,1.5,0,0,0,65,1017.8
1983012912,14,0,2.4,206.5,30,1015.2
1983012918,10.6,0,0.2,348.6,48.5,1014.7
1983013000,7,0,0,0,77.5,1011.6
1983013006,5.9,0.8,2.2,3.4,84.5,1009.9
1983013012,4.5,0.9,3.5,356.7,82,1017.3
1983013018,2.5,0,2.2,0,77.5,1022.9
1983013100,-0.8,0,0.4,353.6,87,1025.1
1983013106,0.9,0,0.2,348.6,87.5,1026.6
1983013112,9.1,0,2.7,148.8,51.5,1024.7
1983013118,3.8,0,0.5,11,69,1023.1
1983020100,-0.4,0,0.2,330.5,89,1022.2
1983020106,0.9,0,0.4,269.5,87.5,1019
1983020112,6.4,3,0.7,356.6,80.5,1015
1983020118,6.9,2.8,2.2,349.8,91,1012.8
1983020200,6.1,2.5,2.9,340,91,1009.2
1983020206,4.7,6.8,4.1,340,87,1009
1983020212,5.1,2.5,3.8,346.6,84.5,1011.1
1983020218,3.6,0,2.6,340,80,1014.7
1983020300,2.3,0.4,3.2,340,82,1016.5
1983020306,3.2,0,3,326.1,71,1018.7
1983020312,7.5,0,2.2,47.6,42,1018.5
1983020318,2.6,0,0.1,11.3,64,1019.7
1983020400,-1.2,0,0,0,87,1020.2
1983020406,0.1,0,0.4,310.4,85,1020.3
1983020412,9.9,0,2.3,270.7,38,1017.5
1983020418,5,0,2.1,329.3,38,1017
1983020500,2.3,0,3,325,52,1018.1
1983020506,3.3,0,2.5,253.1,53.5,1018.8
1983020512,9.5,0,2.9,291.6,36.5,1017.3
1983020518,5,0,0.7,312.1,48.5,1016.8
1983020600,0.8,0,0,0,79.5,1016.8
1983020606,3,0,0.9,330.5,83.5,1016.5
1983020612,11.9,0,6,266.7,32.5,1013.7
1983020618,7.4,0,5.2,288.9,28.5,1013.3
1983020700,1.5,0,4.9,305,43,1017.2
1983020706,1.2,0,4.4,326.6,48,1018.4
1983020712,5.2,0,5.4,325.3,35.5,1017
1983020718,0.8,0,2.3,331.3,39,1017.5
1983020800,-3,0,0,0,60.5,1018.5
1983020806,-0.9,0,2,319.8,70,1017.2
1983020812,5.1,0,6,282.2,39.5,1012.9
1983020818,0.9,0,4.4,328.8,42,1014.4
1983020900,-1.8,0,0.4,350,56,1018.1
1983020906,-2,0,0,0,75.5,1018.9
1983020912,2.7,0.7,2.6,240,66,1012.6
1983020918,-0.5,0.3,3.5,343.3,72.5,1014.4
1983021000,-2.8,0,2.9,332.1,58.5,1020.8
1983021006,-2.9,0,1.5,324.8,51,1023.9
1983021012,2.4,0,3.2,256.6,27.5,1022.8
1983021018,-0.3,0,0.9,299,44.5,1023.5
1983021100,-3.5,0,0,0,74,1023.9
1983021106,-1.9,0,1.5,25.7,78.5,1022.4
1983021112,3.8,0,4.4,358.5,47,1020.3
1983021118,-1.9,0,3.1,353.2,35.5,1021.8
1983021200,-5.4,0,0.6,353.4,44.5,1022.8
1983021206,-4.4,0,4.8,336.7,48,1024.4
1983021212,-0.8,0,4.7,336.7,25,1025.4
1983021218,-4.2,0,2,332.3,26,1026.2
1983021300,-6.4,0,2.8,340,41.5,1028.6
1983021306,-6.5,0,3.8,328.8,39.5,1031.1
1983021312,-1.1,0,4.3,325.3,27.5,1030.7
1983021318,-3.2,0,1.4,336.7,31,1031.8
1983021400,-7,0,1.1,302.8,50,1032.2
1983021406,-5.4,0,0.6,224.2,59.5,1031.7
1983021412,4.8,0,2.9,191.9,29.5,1026.9
1983021418,2.6,0,0.7,330.6,54.5,1022.2
1983021500,4,0.1,3.6,311.9,64,1016.6
1983021506,3.5,0,2,340,50.5,1018.2
1983021512,9.3,0,2.5,60,35.5,1019.4
1983021518,3.8,0,0.2,356.7,47,1020.1
1983021600,-0.2,0,1.9,319.4,58,1021.6
1983021606,2.8,0,1.2,0,48.5,1021.6
1983021612,7.1,0,4,66.7,49,1018.8
1983021618,6,0,1.5,18.2,53.5,1017
1983021700,4.2,0,1.3,348.7,66,1014.8
1983021706,3.9,0,0.6,312.1,75.5,1011.6
1983021712,11.7,0,1.4,129.7,42.5,1008.3
1983021718,6.4,0,2.7,333,64,1007
1983021800,-0.4,0.2,5.5,306.2,57.5,1007.8
1983021806,-2.1,0,4.6,314.5,46,1008.8
1983021812,-2.2,0,6.7,305,50,1008.7
1983021818,-3.8,0,6.2,298.5,44,1010.8
1983021900,-4.3,0,5.9,312.3,42.5,1012.4
1983021906,-3.3,0,2.4,233.1,44,1016.4
1983021912,1.9,0,4.7,315.1,27,1017.7
1983021918,-1.8,0,1.5,346.6,29,1021.2
1983022000,-4.1,0,1.1,340,39.5,1024.1
1983022006,-4.1,0,1.1,333.4,44.5,1025.6
1983022012,-1,0,4.8,328.8,36.5,1024.1
1983022018,-4.4,0,4.3,323.8,35.5,1027.2
1983022100,-6.5,0,4.3,343.3,46.5,1029.6
1983022106,-4.7,0,3.7,325.7,48,1030.9
1983022112,4.3,0,3,332.3,26,1030.7
1983022118,-0.1,0,1.1,270,29.5,1031.8
1983022200,-4.6,0,0.8,289.3,53,1032.6
1983022206,-1.9,0,0.5,316.8,52.5,1033.1
1983022212,8.5,0,2.3,125.8,30,1031.1
1983022218,3.5,0,0.7,6.6,37.5,1030.6
1983022300,-1.9,0,0.3,305,49,1030.4
1983022306,-0.1,0,0.4,305,57,1029.7
1983022312,3.7,0,0.5,339.4,56.5,1027.2
1983022318,2,3.9,0.6,319.9,93.5,1025.4
1983022400,1.8,0.2,0.6,333.7,85,1021.6
1983022406,3.7,0,1.3,343.3,54,1021.2
1983022412,10.6,0,2.3,132.6,30,1018.3
1983022418,5.5,0,2,26.9,43.5,1019.7
1983022500,1.1,0,3,4.4,44.5,1020.6
1983022506,1.2,0,1.9,353.7,46,1023.7
1983022512,8.1,0,3.2,51.8,38,1023.5
1983022518,3.4,0,1.3,339.8,57,1025.4
1983022600,-3.6,0,0.3,348.6,80.5,1027
1983022606,-0.6,0,1.4,17.9,61,1028.6
1983022612,8.9,0,2.6,39.4,29,1028.1
1983022618,4.1,0,0.7,11.2,56,1029.6
1983022700,-1.6,0,0,0,84.5,1030.3
1983022706,0.4,0,0.1,20.6,84,1030.8
1983022712,12,0,2,133.2,24.5,1029.2
1983022718,6.2,0,0.2,11.4,49.5,1028.9
1983022800,0.2,0,0.6,318.7,72,1029.2
1983022806,2.7,0,0.3,332.1,66.5,1029.7
1983022812,12.7,0,3.3,111.5,23.5,1028.2
1983022818,6.1,0,0.4,11.4,42.5,1028.6
1983030100,1,0,0,0,74.5,1028.5
1983030106,4,0,0,0,79.5,1026.4
1983030112,7.7,7.6,0.4,6.6,89.5,1022.9
1983030118,7.6,4.1,0.6,10,87.5,1021.2
1983030200,7.5,2.7,1.3,335.7,89,1015.8
1983030206,7.7,6.3,1,320.8,90.5,1011
1983030212,11.2,0.2,2.5,35,83.5,1010
1983030218,9.5,0,2.2,331.3,66,1012.6
1983030300,6.3,0,2.3,321.4,60.5,1017.9
1983030306,6.3,0,3.7,336.7,60,1021
1983030312,10,0,3.3,340,44.5,1020.5
1983030318,7.2,0,2,0,47,1021.2
1983030400,5.2,0,1.1,1.3,57.5,1021.3
1983030406,6,0,0.9,7.9,60.5,1020.4
1983030412,9.9,0,3,14.3,37.5,1018.5
1983030418,4.7,0,2.9,8.1,63,1018.1
1983030500,1.1,0,3,346.6,60.5,1017.7
1983030506,1.5,0,2.5,350.2,58,1018.9
1983030512,8.7,0,2.5,150,31.5,1016.8
1983030518,4.9,0,1.7,329.7,40,1015.7
1983030600,3.1,0,4.1,340,42,1016
1983030606,3.5,0,2,330,52.5,1017.5
1983030612,10.2,0,2.4,225,33,1016.5
1983030618,6.6,0,1.4,350,29,1016.8
1983030700,0.8,0,0.1,353.6,53.5,1018.8
1983030706,2,0,2.2,3.2,58.5,1018.8
1983030712,7,0,5.3,0,29,1020.1
1983030718,1.6,0,4.2,6.9,72.5,1025.7
1983030800,-0.7,0,3.3,336.7,71.5,1029.2
1983030806,1.9,0,2.2,356.6,62.5,1030.7
1983030812,6.3,0,3.1,58.8,46.5,1030.8
1983030818,2.5,0,0.9,10,62.5,1031.1
1983030900,-0.8,0,0.1,348.6,82.5,1031.2
1983030906,1.7,0,0.2,347.6,84,1029.3
1983030912,10.4,0,3.6,151.9,44.5,1025.6
1983030918,7.6,0,1.1,316.1,58,1023
1983031000,5.1,0,0,0,77,1020.5
1983031006,7.3,0,0.6,11,74.5,1018.7
1983031012,13.8,0,2.7,322.8,44.5,1016.3
1983031018,10.1,0,3.1,340,36,1016.8
1983031100,5.6,0,0.7,350.2,50.5,1018.6
1983031106,7.1,0,1.3,10.2,66,1020.4
1983031112,13.1,0,3.9,122.9,34.5,1019.3
1983031118,8.3,0,1.1,227.8,55.5,1019.3
1983031200,4.7,0,0.4,305,80.5,1018.8
1983031206,7.9,0,0.6,55,77,1017.4
1983031212,13.7,0,4.2,113.2,49.5,1014.2
1983031218,9.2,0,4.2,17.3,74.5,1013.8
1983031300,5.9,0,4.3,0,80.5,1013.4
1983031306,5.4,0,3.3,353.4,81,1012.2
1983031312,5,0,3.6,0,76,1011.4
1983031318,2.1,0.1,4.1,343.3,77,1014.5
1983031400,0.1,0,3.9,346.6,69.5,1019.4
1983031406,2.7,0,1.9,333.5,70.5,1022.2
1983031412,8.9,0,2.3,155,35,1021.9
1983031418,4.4,0,0.7,340.3,41.5,1023.3
1983031500,-0.3,0,0.2,353.6,73,1024.6
1983031506,3.2,0,0.4,250,71.5,1025.5
1983031512,11.6,0,3.3,143.3,29,1023.7
1983031518,8.3,0,0.7,56.9,51.5,1023.4
1983031600,3.8,0,0.3,333.4,81,1022.8
1983031606,6,0,0.3,11.4,82.5,1019.4
1983031612,13.7,0,2.9,124.5,52,1014.4
1983031618,9.5,0,1.1,185.5,77,1009.5
1983031700,7.1,0,3.4,256.9,74.5,1003.6
1983031706,6.1,0,5.2,270,44.5,1002
1983031712,8.5,0,5.9,288.5,43.5,1003.3
1983031718,3.2,0,5.9,340,44.5,1009.5
1983031800,0.8,0,4.2,332.3,47.5,1015.8
1983031806,2.7,0,3,336.7,45.5,1018.4
1983031812,11.6,0,4.8,320.3,27.5,1018.7
1983031818,7.6,0,1,344.8,36,1021
1983031900,1,0,0.3,25.5,67.5,1023.8
1983031906,4.8,0,0.3,3.3,65,1024.7
1983031912,15.1,0,4.1,153.1,29.5,1024.1
1983031918,9.6,0,1.2,265.7,55,1023.3
1983032000,3.1,0,0.2,320.7,78,1022.7
1983032006,5.7,0,0.4,315.6,77,1022.5
1983032012,13.9,0,2.8,153.1,65,1019.8
1983032018,11.3,2.6,0.8,156.9,86.5,1018.1
1983032100,10.2,14.8,0.9,306.5,90,1017.1
1983032106,11.2,12.5,0.3,348.8,90,1017.3
1983032112,16.6,0,2,160,67.5,1015.6
1983032118,12.4,0,1.3,306.9,68,1016.4
1983032200,8.4,0,1.2,310.4,86.5,1017.6
1983032206,9.7,0,0.6,49,89.5,1018.2
1983032212,16.7,0,3,132.3,45.5,1015.8
1983032218,12,0,0.9,170.8,75.5,1014.3
1983032300,10.5,0,0.2,350,88,1012.4
1983032306,10.3,19.7,3.6,6.6,86.5,1010.1
1983032312,9.4,5.3,4.9,20,83,1007.8
1983032318,8,3.5,4.7,3.3,85.5,1008
1983032400,6.8,0.1,3.7,350,80.5,1010.3
1983032406,7.1,1.2,4.2,6.6,71.5,1013.5
1983032412,9.8,0,4.4,20,56,1014.3
1983032418,7.5,0,3.3,10,65,1016.6
1983032500,5.1,0,2,344.4,72,1018.4
1983032506,6.3,0,3,6.6,68,1020.2
1983032512,10.1,0,5.6,70,45.5,1019.9
1983032518,6.3,0,2.1,18.2,58,1021.4
1983032600,3.4,0,0.6,316.8,80.5,1022.6
1983032606,6.1,0,1.5,25,79,1022.3
1983032612,9.9,0,4.8,66.7,51.5,1021.8
1983032618,7.2,0,1.3,11.2,54,1023
1983032700,3.8,0,0.2,0,74,1023.2
1983032706,6.5,0,0.5,16.2,77,1023.3
1983032712,13,0,3.5,73,40,1021.6
1983032718,8.4,0,0.9,360,60.5,1022
1983032800,4.5,0,0.2,348.7,84.5,1024.2
1983032806,7,0,1.9,39,83,1025.4
1983032812,12,0,5.4,63.4,45.5,1025.5
1983032818,8.8,0,2.3,24.3,60.5,1025.6
1983032900,7,0,2.4,0,74,1025.6
1983032906,8.7,0,3.6,19.7,72.5,1025.2
1983032912,11.6,0,5.6,46.8,49,1023.7
1983032918,9,0,3.5,20,55.5,1023.7
1983033000,8.1,0,2.7,340,61,1023.2
1983033006,9.7,0,4.1,19.8,60,1023
1983033012,12,0,5.1,50,45.5,1022.7
1983033018,8.9,0,2.7,16.7,55.5,1021.8
1983033100,7.6,0,2.2,3.3,61.5,1020.3
1983033106,9.2,0,3.3,20,64.5,1018.5
1983033112,10.3,0,4.2,24.9,61.5,1016.3
1983033118,8.2,4.6,2.6,346.4,83.5,1014.3
1983040100,6.4,18.6,3.2,356.7,88,1012
1983040106,6.5,2.6,4,340,84,1009.4
1983040112,10.7,0.1,2.7,29.1,62.5,1007.6
1983040118,8.4,0,1.5,29.6,66.5,1008.2
1983040200,4.1,0,0,0,83.5,1009.2
1983040206,7.2,0,1.3,321.4,89.5,1007.8
1983040212,16.5,0,5.8,280.2,32.5,1005.2
1983040218,9.1,0,2.7,300,20.5,1009.2
1983040300,2.7,0,0.9,346.6,30.5,1015.8
1983040306,4.8,0,0.6,21.8,42,1017.3
1983040312,13.8,0,5,180,25,1012.2
1983040318,8.9,6.6,1.6,0,73.5,1008.5
1983040400,9.5,0,3,349.8,67,1008.2
1983040406,7.8,0,3.3,350,42.5,1015
1983040412,14.1,0,3,147.3,28,1015.9
1983040418,10.8,0,1.1,224.7,38,1016.2
1983040500,5.4,0,0.2,348.7,65,1017.4
1983040506,9.1,0,0.5,28.7,68.5,1017.5
1983040512,20.6,0,4.6,189.9,26,1015.6
1983040518,14.4,0,1.2,45.6,32,1016.5
1983040600,8.1,0,0,0,67,1017.7
1983040606,12.1,0,0.6,20.6,60,1017
1983040612,23.4,0,5.3,200,21,1015.8
1983040618,17.1,0,2,229.3,33,1016.5
1983040700,13.1,0,0.4,334.8,52.5,1016.3
1983040706,14.3,0,0.3,350,78,1016
1983040712,15.7,3.1,0.6,220.8,81.5,1014.3
1983040718,13.6,0,1.1,82.4,86,1013.2
1983040800,10.2,0,0,0,92,1014
1983040806,13.2,0,0.9,10,75,1016
1983040812,17.3,0,4.2,63.4,49,1016.1
1983040818,11.5,0,1,3.3,77,1017.3
1983040900,8.5,0,0.7,324.9,87,1018.8
1983040906,10.8,0,0.5,42.9,87.5,1017.5
1983040912,15.7,0.8,0.6,350.6,69.5,1015.5
1983040918,13.9,7,1.5,45.1,86,1012.8
1983041000,14.2,9.5,2.2,76.8,90.5,1009.4
1983041006,14.2,15,2.2,16.7,90,1006
1983041012,13.8,0,2.7,3.3,80.5,1005.7
1983041018,12.5,0,0.3,6.6,79,1007.9
1983041100,9.4,0,0,0,87.5,1008.6
1983041106,10.6,0,1.6,352.4,89,1010.4
1983041112,12.8,0,2.8,16.7,74,1010.8
1983041118,10.6,0,1.5,3.3,73,1011.4
1983041200,9,0,0.2,0,77.5,1012.4
1983041206,11.8,0,0.5,18.4,76.5,1013.4
1983041212,17.8,0,2.5,130.4,56.5,1014.7
1983041218,12.4,0,0.8,64.4,76.5,1016.5
1983041300,10.7,0,0.3,356.7,86.5,1017.3
1983041306,12.3,0,1.4,12.6,81.5,1018.3
1983041312,15.7,0,2.9,66.7,48.5,1018
1983041318,13.5,0,0.4,11.2,58.5,1018.4
1983041400,12.7,0,0.1,353.6,74.5,1016.6
1983041406,13.3,5.6,1,272.1,89,1013.5
1983041412,15.9,12.4,2.1,160,87.5,1009.5
1983041418,16.5,7,3.1,186.3,88,1006.5
1983041500,16.5,0,1.8,213.9,84,1006.2
1983041506,17.7,0,2.1,90,86,1005
1983041512,20.6,0,2.9,107.1,64,1005.1
1983041518,15,0,2.3,339.1,53,1008
1983041600,9.2,0,2.2,346.6,37.5,1012.8
1983041606,9.4,0,1.5,356.6,51,1015.3
1983041612,14.2,0,1.5,71,40.5,1015.8
1983041618,11.5,0,0.3,10,54.5,1016.2
1983041700,7.1,0,0,0,80.5,1018.3
1983041706,11.5,0,0.3,11.4,64,1021
1983041712,18.7,0,3,146.6,34,1021.8
1983041718,13.1,0,0.4,27.5,49,1022.8
1983041800,6.7,0,0,0,84,1024.6
1983041806,10.9,0,0.3,28.7,75.5,1025.4
1983041812,19.4,0,3.9,143.3,44.5,1022
1983041818,15.7,0.2,0.6,16.1,71.5,1019.6
1983041900,13.5,16,0,0,88,1015.8
1983041906,13.3,1.5,0.5,3.3,89,1011.8
1983041912,15.1,0,0.4,73.9,80.5,1011.4
1983041918,13.8,0,0.2,333.4,87.5,1012.5
1983042000,11.6,0,0.9,348.3,90,1013.4
1983042006,13.8,0,4.4,20,58,1016.6
1983042012,15.9,0,5.7,63.4,34.5,1018.8
1983042018,11.5,0,0.8,43.5,53,1019.6
1983042100,6.6,0,0,0,80,1019.8
1983042106,10.5,0,0.3,8.6,71.5,1017.8
1983042112,15.8,0,2,138.4,53.5,1014.5
1983042118,13.7,11,1.3,166.1,82,1009.8
1983042200,14.1,8.4,1.3,360,89,1002.9
1983042206,15.7,0,3.1,274.5,71,1001.8
1983042212,21.2,0,4.8,263.4,32,1003.2
1983042218,16.7,0,3,233.1,47,1007.2
1983042300,12.1,0,1.4,350,29,1012.5
1983042306,12.7,0,0.6,290.6,36,1015.9
1983042312,21.6,0,3.5,163.4,28.5,1014
1983042318,15.6,0,1.3,27.1,49.5,1014.3
1983042400,10.5,0,0.2,11.3,72,1016.3
1983042406,14.9,0,0.3,3.8,69,1017.8
1983042412,25.7,0,3,153,30.5,1016.2
1983042418,19.3,0,0.8,335.4,40,1017.1
1983042500,12.6,0,0.2,11.3,68.5,1018.4
1983042506,17.4,0,0.3,11.4,66,1020.5
1983042512,24.9,0,2.9,76.2,45,1019.7
1983042518,19.5,0,0.6,35,67.5,1019.2
1983042600,17.5,0,0.8,118.5,75.5,1019.5
1983042606,19.4,0,3.6,190,70.5,1016.8
1983042612,20.8,1.3,6.1,193.4,83,1011.7
1983042618,22.3,0,5.9,235.3,71,1006.8
1983042700,20,0,5.6,242.3,44,1009.7
1983042706,21.5,0,3.7,207.7,46,1010.5
1983042712,27.8,0,3.9,206.2,31,1014.2
1983042718,20.1,0,0.6,23.1,48,1015
1983042800,16.1,19.3,0.6,20.8,82,1013.8
1983042806,16.1,11.7,0.1,11.4,90,1010.7
1983042812,24.2,0.8,5.4,226.8,65,1006.1
1983042818,21.2,0,2,301.6,67,1008.1
1983042900,19.3,4.9,2.2,292.5,83,1006.4
1983042906,19.2,0,4.6,271.4,73.5,1003.2
1983042912,18.5,0,7.4,270,26.5,1005.8
1983042918,11.4,0,2.9,298.5,35,1013
1983043000,7.8,0,2,324.2,39,1019.2
1983043006,11.7,0,0.9,317.6,39.5,1019.7
1983043012,19.1,0,3.8,228.4,27,1016.5
1983043018,15.3,0,1.7,286.9,31.5,1016.9
1983050100,12.6,0,0.3,321.2,64,1018.2
1983050106,12.1,0.3,0.2,312.1,76.5,1018.3
1983050112,14.3,0,1,298.1,57.5,1016.6
1983050118,12.9,0,1,323,59.5,1016.5
1983050200,11.2,0,3.7,356.6,57.5,1018.6
1983050206,15.1,0,2.4,13.4,52,1022.6
1983050212,22.7,0,3.4,151.7,34.5,1021.5
1983050218,15.4,0,0.5,26.9,47.5,1022.2
1983050300,10.6,0,0,0,76.5,1023.3
1983050306,15.4,0,0.9,266.3,74,1024.4
1983050312,24,0,3,148.5,32,1022.7
1983050318,16.9,0,0.9,28.1,59,1021.6
1983050400,11.2,0,0.3,330.5,78,1021.3
1983050406,16.5,0,0.7,199.6,71,1021.5
1983050412,25.5,0,3.5,141.8,34.5,1019.4
1983050418,18.5,0,0.7,71.3,61,1018.2
1983050500,13.8,0,0,0,87.5,1017.4
1983050506,15,0,1,54.9,90.5,1016.3
1983050512,16.1,0.2,2.7,43.4,68,1016.8
1983050518,13.3,0,1.7,3.3,66,1016.8
1983050600,11.4,0.2,0.7,349.8,87,1015
1983050606,11.4,6.1,0.8,317.6,93.5,1010.5
1983050612,13,12.7,0.5,33.6,92.5,1003.3
1983050618,12.6,3,1.3,61.8,93,998.9
1983050700,10.6,0.1,1,59.6,93,1001.9
1983050706,13.2,0.1,0.6,194.6,93,1003.8
1983050712,22.9,0,6.1,256.6,42,1001.6
1983050718,17.4,0,2.7,273.4,37.5,1004.9
1983050800,15.2,0,3.5,253.3,31,1008
1983050806,17.9,0,4.2,270,30.5,1009.3
1983050812,24.5,0,5.1,317.4,21,1009.3
1983050818,18,0,1.8,351.1,35.5,1012
1983050900,9.6,0,0.1,333.4,69.5,1014.2
1983050906,15,0,0.8,170,64,1015
1983050912,21.5,0,3.6,135.1,31.5,1014.2
1983050918,16.1,0,1,70,50.5,1014.3
1983051000,10.5,0,0,0,82.5,1014.5
1983051006,15.9,0,0.1,11.4,74.5,1014.7
1983051012,24.2,0,2.8,125,45.5,1013.5
1983051018,18.2,0,0.3,27.9,60.5,1013.6
1983051100,13.7,0,0,0,86,1013.8
1983051106,19,0,0.4,8.6,78.5,1014.1
1983051112,26.8,0,2.4,118.5,46,1013.2
1983051118,19.6,0,0.7,62.7,62.5,1013.2
1983051200,13.8,0,0,0,90.5,1013.7
1983051206,18.8,0,0.3,11.4,79.5,1012.9
1983051212,25.4,0,2.8,110,47.5,1011.5
1983051218,19.9,0,0.3,45,50.5,1009.9
1983051300,16.1,0,0.3,341,78,1008.8
1983051306,20.3,0,0.2,55,71,1007.2
1983051312,30.1,0,3.7,60,36.5,1005.2
1983051318,23.9,0,1.7,346.8,43.5,1004.8
1983051400,18,0,3.1,352.2,52.5,1007.8
1983051406,17,0,4.2,51.4,69.5,1011.8
1983051412,20.1,0,5.9,90,50.5,1014.4
1983051418,14.1,0,0.9,37.2,64.5,1016.4
1983051500,8.8,0,0.1,348.7,83,1015.8
1983051506,14.8,0,0.6,18.4,74.5,1015.1
1983051512,20.2,0,4.8,66.6,46,1012.2
1983051518,15.7,0.2,2.3,35,61,1012.8
1983051600,12.2,7.2,2.3,6.6,88.5,1011.3
1983051606,12.2,9,4.1,7.7,93,1007.6
1983051612,13.1,0.9,3.9,25,86.5,1008
1983051618,12.2,0,1,350,78,1010.2
1983051700,9,0,0,0,92,1010.6
1983051706,12.9,0,2.3,336.6,67.5,1011.1
1983051712,18.9,0,5.4,20.8,34.5,1013.2
1983051718,11.7,0,2,26.6,72,1017.9
1983051800,7.8,0,0.3,7.7,91.5,1019.2
1983051806,12.6,0,0.7,28.7,85,1019.2
1983051812,22.6,0,3.5,149.8,56,1016
1983051818,18.5,0,1.1,280,48.5,1014.2
1983051900,13,0,0,0,68.5,1013.6
1983051906,17.6,0,3,232.7,65.5,1012.3
1983051912,20.8,0,1.9,206.2,69,1011.4
1983051918,18.3,0.1,0.9,304.1,80,1010.2
1983052000,15.5,0,0,0,91.5,1009.6
1983052006,17.8,0,0,0,90.5,1010
1983052012,23.9,0,4.1,170,63.5,1008.9
1983052018,21.3,0,1.3,292.5,68,1008.7
1983052100,18.6,0,0,0,88.5,1010.5
1983052106,20.1,0.1,1,23.2,87.5,1011.3
1983052112,25.7,0,1.9,132.2,70,1011.2
1983052118,21.3,0,0.4,11.2,79,1010.8
1983052200,17.4,0,0,0,93,1012.9
1983052206,16.1,0,0.2,8.6,93,1014.2
1983052212,19.7,0,1.7,145,74.5,1014
1983052218,16.1,0,2,60,87,1014.3
1983052300,15.3,0,0.3,0,93.5,1014.8
1983052306,15.8,0,1.3,24.3,89,1014.8
1983052312,16.6,3,1,23.2,89,1013.7
1983052318,15.5,0,0.5,6.6,88.5,1012.4
1983052400,14.2,0,0,0,89,1012.5
1983052406,17.5,0,2.1,26.6,70,1012.9
1983052412,21.5,0,3.5,24.9,44,1013.2
1983052418,16.2,0,3,20,50,1014.7
1983052500,12.4,0,2.8,20,79.5,1017
1983052506,14,0,4.6,20,73.5,1018.9
1983052512,16.3,0,4.9,45.1,61,1019.2
1983052518,13.6,0,2.2,6.9,76,1020.2
1983052600,13.2,0,0,0,82.5,1021
1983052606,15.1,0,0.4,11.4,75,1020.7
1983052612,20,0,4,140,58.5,1017.8
1983052618,17.1,0,0.7,27.5,74.5,1015.8
1983052700,13.9,0,0,0,92,1014.7
1983052706,17.1,0,0.5,355.2,85,1013.2
1983052712,20.3,2,2.2,223.8,63,1010.6
1983052718,18,9.2,1.5,190,92,1008.7
1983052800,16.9,1.1,0.8,342.1,94,1007.9
1983052806,17.3,0.8,0.3,8.6,94,1007.2
1983052812,23.1,0,2.6,131.4,79.5,1005.3
1983052818,19.6,0,0.8,29.5,84,1004.2
1983052900,17,0,0,0,94,1005
1983052906,20.9,0,0.5,28.7,91.5,1004.8
1983052912,24.6,0,2.7,83.5,68.5,1003.4
1983052918,19.3,0,1.4,42.3,86,1003.2
1983053000,16.6,0,0,0,94,1004
1983053006,18.7,0,0.2,8.6,91.5,1003.5
1983053012,23.9,0,0.8,102.6,73,1002.5
1983053018,22.1,0,0.1,8.6,78.5,1001.5
1983053100,17.8,0,0,0,92.5,1002.3
1983053106,22.1,0,0,0,83,1002.7
1983053112,30.1,0,2.2,115,52,1001.7
1983053118,27.1,0,0.7,346.8,48,1001.6
1983060100,24.5,0,1.7,3.3,51.5,1002.5
1983060106,22.9,0,0.6,32.4,65.5,1005.8
1983060112,27.2,0,2.8,46.7,45.5,1006.3
1983060118,19.6,0,0.5,0,75.5,1007.3
1983060200,14.8,0,0,0,91.5,1007.8
1983060206,19.9,0,0.1,8.6,78,1007.2
1983060212,28.3,0,2.5,122.9,44.5,1005.5
1983060218,22.1,0,0.7,23.9,66.5,1004.5
1983060300,17.3,0,0.9,16.2,77,1007.1
1983060306,16.9,0,3.3,24.9,79,1009
1983060312,19.2,0,3.5,29.9,71,1009.5
1983060318,17.1,0,3.1,35,78.5,1008.1
1983060400,16.4,0,2.2,20,85.5,1009.3
1983060406,18.3,0,3.9,24.9,74.5,1010.8
1983060412,20.8,0,4.3,50,57,1009.9
1983060418,16.6,0,1,11.2,71,1009.9
1983060500,12.8,0,0,0,91.5,1010.2
1983060506,17.7,0,0.2,350,80,1008.7
1983060512,23.6,0,3,163.3,56.5,1005.9
1983060518,19.9,0,0.5,8.6,78,1004.3
1983060600,17.9,0,0,0,89.5,1003.5
1983060606,20.2,0,0.7,7.7,70,1004
1983060612,26.7,0,1.4,343.2,42,1003.7
1983060618,21.5,0,0.1,8.6,50,1004.6
1983060700,17.5,0,1.4,4.3,44,1007.4
1983060706,19.5,0,0.1,3.3,52.5,1009.8
1983060712,26.3,0,2.5,166.8,29.5,1010.6
1983060718,20,0,0.6,290.6,39.5,1010.1
1983060800,15.3,0,0,0,67.5,1010
1983060806,18.9,0,0.2,348.7,69,1009.4
1983060812,28,0,2.9,250,36.5,1007.6
1983060818,23,0,3.3,273.4,43.5,1007.8
1983060900,18,0,1.1,338.1,63,1009.4
1983060906,20.5,0,0.6,322.4,67,1011.3
1983060912,27.1,0,3,152.1,36,1010.7
1983060918,21.2,0,0.5,25.2,53,1010.8
1983061000,15.7,0,0,0,82.5,1009.9
1983061006,21.6,0,1.4,100,70.5,1010.2
1983061012,23.6,0,4.6,110,55,1010.6
1983061018,18,0,2.3,40.1,76,1013.2
1983061100,14.2,0,0.2,0,86,1016.4
1983061106,16.4,0,0.6,30.6,81.5,1017.6
1983061112,19.9,0,2.2,115,63,1016.3
1983061118,17.7,0,0.6,23.2,73,1014.7
1983061200,16.1,0,0.1,350,85.5,1013.2
1983061206,16.3,11.6,1.7,33.8,96,1010.5
1983061212,17.1,17.1,4.6,136.8,93.5,1005.2
1983061218,17.3,2.4,2.8,58.8,94,998.8
1983061300,17.2,0,1,3.3,91.5,998.8
1983061306,20.1,0,2.3,333.1,76,1003.2
1983061312,26.8,0,4.1,312.3,49.5,1005.3
1983061318,23.2,0,0.8,329.3,45,1006.9
1983061400,17.3,0,0,0,74.5,1009.4
1983061406,22.4,0,0.5,331.2,63.5,1010.8
1983061412,29.7,0,1.7,102,48.5,1009.8
1983061418,25.3,0,0.6,341.6,55,1009.8
1983061500,20.3,0,0,0,80,1011
1983061506,22.2,0,0.3,332.1,79,1011
1983061512,22.8,0,1.1,70.5,79.5,1010.3
1983061518,18.8,0.1,1.4,47.6,91.5,1011.3
1983061600,16.1,1.7,2.2,20,91.5,1009
1983061606,16.6,1.8,3.9,10,90,1006.5
1983061612,18.9,1.5,3.3,3.3,81.5,1007.3
1983061618,16.6,0,1.6,349.8,77,1007.4
1983061700,13.8,0,0,0,94,1008.5
1983061706,15.2,0,0,0,94,1010.8
1983061712,21.4,0,2.4,135.1,71.5,1009.5
1983061718,18.3,0,0.7,27.5,82.5,1009.1
1983061800,16.2,0,0,0,94,1008.9
1983061806,17,0,0,0,95.5,1009.9
1983061812,22,0,0.7,87.8,76,1010.1
1983061818,19.4,0,0.3,80,80,1009.8
1983061900,16.6,0,0,0,92,1011.4
1983061906,20,0,0.5,11.4,86,1011.5
1983061912,26.7,0,3.5,130.1,61,1011.3
1983061918,23.6,0,1.7,117,73,1010.8
1983062000,20.5,25.3,1.8,82.8,93,1008.8
1983062006,20.4,12,0.1,353.6,94,1006.6
1983062012,19.5,25.7,1.9,344.8,95.5,1006.2
1983062018,18.4,4.7,2.1,0,92.5,1006.2
1983062100,18,0,1.9,0,91.5,1007.1
1983062106,18.6,0,1.9,0,87,1009.2
1983062112,23.1,0,2.5,45,67,1009.5
1983062118,20.1,0,0.7,207.2,78,1009
1983062200,16.3,0,0,0,91.5,1009.9
1983062206,18.2,0,0.2,11.3,93,1011.8
1983062212,21.4,0,1,100.7,79,1012.2
1983062218,20.1,0,0.2,8.6,86.5,1012
1983062300,18.2,0,0,0,91.5,1011.8
1983062306,20.2,0,0,0,93,1011
1983062312,22.1,0,0.9,120,82.5,1009.8
1983062318,20.6,0,0,0,92.5,1007.8
1983062400,19.6,0,1.2,4.4,87.5,1010.5
1983062406,22.4,0,0.9,53.8,84.5,1009.1
1983062412,26.7,0,2.9,156.6,67,1009
1983062418,22,0,2.2,88.8,79.5,1010
1983062500,19.9,0,0.7,18.9,88,1011.8
1983062506,20,0,1.1,22.6,85.5,1012.3
1983062512,21.1,0,2.4,53.3,77.5,1012.1
1983062518,19.3,0,0.9,23.2,85,1010.7
1983062600,18.8,0,0,0,88.5,1009.3
1983062606,20.6,0,0.4,31.4,83.5,1007.7
1983062612,23.7,0,1.3,57.8,67.5,1005.5
1983062618,21.2,0,0.2,3.3,82.5,1004.1
1983062700,18.5,0,0,0,92,1004.1
1983062706,21.1,0,0,0,88.5,1003
1983062712,27.1,0,2.3,140,57,1002.3
1983062718,22.5,0,1.1,29.5,73,1003.6
1983062800,19.6,0.8,0.5,14.7,92,1005.2
1983062806,20.7,0,1,20.2,89.5,1006.6
1983062812,24.3,0,2.4,48.1,69,1007.3
1983062818,21,0,1.5,40.7,79,1007.8
1983062900,19.8,0,0.2,3.3,88.5,1009.9
1983062906,21.7,0,0.9,37.2,82.5,1010.5
1983062912,25.3,0,3,140,65,1010.3
1983062918,21.9,4.4,1.1,70,80.5,1010.2
1983063000,20.2,0,0,0,93.5,1011
1983063006,22.8,0,0.4,354.1,90.5,1011
1983063012,28.4,0,3.5,135.7,68.5,1009.1
1983063018,25.8,0,1,295,66.5,1008.2
1983070100,21.3,0,0,0,81.5,1008.7
1983070106,24.2,0,0.3,8.6,78.5,1008.6
1983070112,28,0,3.5,135.1,62.5,1007.6
1983070118,24.4,0,1.4,70.1,72.5,1006.9
1983070200,22.4,0.3,1.9,63.4,89,1005.6
1983070206,21.9,28.9,3.4,96.8,93,1002
1983070212,23,14.5,1.5,108.4,94.5,995.4
1983070218,24.5,0,3.1,180,88,992.6
1983070300,23.7,0,3.4,200,74.5,992.3
1983070306,25.6,0,2.9,235,66,994.2
1983070312,30.1,0,4.9,243.2,47.5,996
1983070318,26.2,0,4.2,230,64,996.5
1983070400,23.5,0,2.3,47.6,79,997.5
1983070406,26.6,0,1.8,163.4,82.5,998.5
1983070412,29.1,0,2.4,161,66.5,998.6
1983070418,24.1,0.2,0.6,39.3,86.5,998.2
1983070500,23.1,0.6,0,0,93.5,997.7
1983070506,25.2,0,0.6,353.7,85.5,996.9
1983070512,28.6,0,2.5,127.2,58.5,996.3
1983070518,22.2,0.1,0.7,61.2,81.5,998
1983070600,20.3,0,0.9,26.2,91,999.1
1983070606,20.2,0,0.9,40.7,87.5,999.5
1983070612,20.9,0,2.2,45.1,76,1000.2
1983070618,19.2,0.7,1.2,18.2,76,1001.1
1983070700,17.1,3,0,0,92.5,1001.8
1983070706,18,0.4,0.1,7.7,93,1003
1983070712,19.8,0,2.5,43.4,79,1003.6
1983070718,18.5,0,1.3,10,75,1005.2
1983070800,17,0.1,0.3,0,85,1005.8
1983070806,18.5,0,2,356.7,82.5,1006.2
1983070812,21.4,0,2.2,51.1,72,1006
1983070818,19.4,0,1.2,26.2,79.5,1006.7
1983070900,18.1,0,0,0,88,1008.3
1983070906,21.1,0,0.8,303.2,84.5,1009.2
1983070912,25.4,0,2.8,130.1,64.5,1008.6
1983070918,21.9,0,1.4,55,82,1009.3
1983071000,19.8,0,0,0,91.5,1010.2
1983071006,19.9,0,0.7,28.1,91.5,1010.9
1983071012,21.1,0,0.5,35,84,1011.2
1983071018,20.5,0,0.6,20.8,81,1010.5
1983071100,19.5,0,0,0,83.5,1010.8
1983071106,21.1,0,2.4,32.9,77.5,1011
1983071112,24,0,4.2,66.7,53.5,1011.1
1983071118,20.2,0,1.2,19.7,76.5,1011.1
1983071200,16.8,0,0.2,346.9,91,1011.8
1983071206,20.3,0,0,0,84,1011.8
1983071212,25.6,0,3,140,54,1010.6
1983071218,21.1,0,1,70,72.5,1010.2
1983071300,16.9,0,0,0,91,1010.8
1983071306,19.2,0,0,0,91,1010.8
1983071312,24.4,0,1.4,124.4,71.5,1010.5
1983071318,22.4,0,1,63.2,81,1010.3
1983071400,20.3,0,0,0,92,1010.5
1983071406,21.1,0,0.3,11.4,93,1008.7
1983071412,23.9,1,1.8,136.3,83.5,1007.1
1983071418,22.1,15.4,1.3,72,94,1004.7
1983071500,22.2,48.9,0.2,348.7,95,1002.1
1983071506,22.9,1.4,0,0,95,1003
1983071512,26.8,0,0.9,95.8,86.5,1003.2
1983071518,24.6,0,0.4,25,87.5,1003.9
1983071600,23.1,0,0.4,20.5,91,1005.6
1983071606,23.5,0,0.3,26.9,89,1006.6
1983071612,25.2,0,1,97.9,83,1007.6
1983071618,22.5,1.7,1.1,321.4,90,1008.9
1983071700,20,4.9,0.2,356.7,94.5,1009.2
1983071706,22.1,0,0,0,90.5,1007.6
1983071712,26.9,0,1,26.6,72.5,1006.9
1983071718,23.6,0,0.7,324.9,73.5,1007.9
1983071800,19.9,0,0.1,11.4,91,1009.2
1983071806,24.8,0,1,330.6,77,1009.8
1983071812,31.1,0,1.5,128.1,55.5,1009.8
1983071818,28.4,0,1.2,341.1,57.5,1009.7
1983071900,24.5,0,0.8,0,69,1009.8
1983071906,26.5,0,0.4,0,75.5,1009.6
1983071912,28.4,0.4,1.9,265.6,56,1008.1
1983071918,21.6,3.9,1.5,236.4,88,1007
1983072000,24.2,0.4,2.3,240,89.5,1002.2
1983072006,26.3,0.6,1.5,200.3,86,999.3
1983072012,28.6,0,2.9,230,67,999.4
1983072018,24.7,0.2,0.6,330.6,90,1000.2
1983072100,22.2,0,1,350.2,80.5,1002.2
1983072106,22.5,0.3,0.8,344.4,80.5,1003.8
1983072112,22.6,0.8,1.2,215,85.5,1004.2
1983072118,20.7,2,0,0,93,1005
1983072200,20.6,46.1,0,0,95,1004
1983072206,22,16.6,0.6,40.7,95.5,1004.2
1983072212,24.4,11.7,2.9,5,94.5,1002.3
1983072218,22.6,0,0.1,0,93.5,1005.4
1983072300,21.2,0,0,0,94,1006.5
1983072306,22.9,1.3,0.3,348.6,94,1006.9
1983072312,22.4,13.3,0.7,350.3,92,1008.1
1983072318,22.2,0.8,0.7,347.4,93.5,1007.3
1983072400,23.7,0,1.5,284.3,94,1007.1
1983072406,26.6,0,2.7,206.3,87,1007.2
1983072412,31,0,3.8,225.1,62.5,1008
1983072418,27.4,0,2.6,209.9,85,1008
1983072500,26.8,0,3.1,220.1,82,1007.7
1983072506,29.1,0,4.7,243.4,73.5,1008.6
1983072512,32.9,0,5.4,230,58,1008.9
1983072518,28.9,0,2.2,207.1,74,1009.8
1983072600,27.7,0,3,243.4,81,1010.3
1983072606,29.8,0,3.1,238.8,72.5,1010.8
1983072612,34.6,0,3.8,236.6,52.5,1010.2
1983072618,30.6,0,0.8,342.8,70.5,1010
1983072700,27.6,0,4.7,253.3,77.5,1010.4
1983072706,29.2,0,3.3,263.4,73.5,1011.1
1983072712,34.2,0,3.2,240,53,1009
1983072718,29.8,0,2,257.5,72.5,1008.3
1983072800,25.7,0,0,0,89.5,1008.7
1983072806,27.9,0,0.4,353.7,81,1009.3
1983072812,33.2,0,4.1,240,54,1007.3
1983072818,28.8,0,1.7,270.5,71,1006.5
1983072900,26.5,0,0.4,9.4,87.5,1007.3
1983072906,29.6,0,2.5,243.2,77.5,1007.3
1983072912,32.3,0,2.9,305,57,1006.8
1983072918,28.1,0,0.6,0,78.5,1007.4
1983073000,25.4,0,0,0,91,1007.8
1983073006,28.8,0,0.6,350,82.5,1008.2
1983073012,34.3,0,4.4,242.3,55.5,1007.2
1983073018,29.4,0,2.3,230,74,1007.7
1983073100,27.3,0,0.8,265.2,83.5,1008.8
1983073106,29.8,0,1.6,305,78.5,1008.3
1983073112,34.9,0,3.8,240,57,1007.2
1983073118,30.4,0,2,259.4,74.5,1007.1
1983080100,26.8,0,0,0,88,1008.4
1983080106,29.6,0,0.2,350,85,1009.1
1983080112,31.4,0.9,2.3,201.4,62.5,1008.4
1983080118,25.4,0,0.5,332.3,83,1009.9
1983080200,23.8,0,0,0,91.5,1010.6
1983080206,30.6,0,0.4,26.9,86.5,1010.6
1983080212,35.9,0,2.5,260,54,1008.3
1983080218,30.5,0,0.4,0,71.5,1008.1
1983080300,27.4,0,0,0,86,1009.5
1983080306,30.5,0,1.3,312.9,79.5,1010.2
1983080312,36.6,0,3.7,311.9,46.5,1008.9
1983080318,32.5,0,0.2,356.7,59.5,1009
1983080400,27.8,0,0.4,333.4,76.5,1010.6
1983080406,30.5,0,1.3,350,72.5,1011
1983080412,35.8,0,2.7,80,46,1009.8
1983080418,31,0,0.7,44.2,57,1010.4
1983080500,25.9,0,0,0,85.5,1011.3
1983080506,29.5,0,0.4,23.2,80.5,1011.8
1983080512,34.7,0,3.8,130.1,53,1010.8
1983080518,28.6,0,1.3,42.8,79.5,1010.6
1983080600,26,0,0,0,87.5,1010.8
1983080606,28.2,0,0.3,0,85.5,1011
1983080612,34.7,0,3.4,121.8,51.5,1010.8
1983080618,27.8,0,0.6,25,71,1011
1983080700,25,0,0,0,89.5,1012.2
1983080706,28.5,0,0.7,16.1,82.5,1011.7
1983080712,35.8,0,3.9,173.1,50.5,1010.7
1983080718,30.1,0,1.8,297.7,63.5,1011.6
1983080800,25.9,0,0,0,83,1013
1983080806,28.1,0.1,0.6,11.4,85,1013.8
1983080812,29.5,9.1,2,209.1,82.5,1013
1983080818,27.2,0,0.6,17.2,80.5,1012.8
1983080900,25,0,0,0,91.5,1013.9
1983080906,26.7,0,0.8,27.5,88,1014.3
1983080912,29.8,0,3.3,146.4,71.5,1013.2
1983080918,27.5,0,0.7,45.1,81.5,1012.5
1983081000,25.4,0,0,0,93,1013.3
1983081006,27.5,0,0.3,8.6,86,1012.8
1983081012,30.4,0,3.1,131.4,72.5,1011.2
1983081018,25,0.9,0.5,350,90.5,1012.2
1983081100,24.4,0,0,0,92,1013.7
1983081106,25.9,0.1,0.8,17.3,89.5,1014.2
1983081112,29.1,0,4,50.3,67.5,1013.3
1983081118,25.9,0,0.5,6.6,73.5,1012.5
1983081200,23.8,0,0,0,87,1013.2
1983081206,25,0,0.1,3.3,85.5,1013
1983081212,28.7,0,3.1,60,73,1011.7
1983081218,26.1,0,1.2,35,82,1010.5
1983081300,25,0,1.2,3.3,87,1010.7
1983081306,26.5,0,2.5,16.7,86.5,1010.2
1983081312,29.1,0,5.2,45.1,71.5,1008.8
1983081318,27,0,3.4,24.9,79,1008.8
1983081400,26,0,3.8,20,83,1008.5
1983081406,26.5,0,4.9,20,83,1008.2
1983081412,28.5,0,5.7,20,70,1007.2
1983081418,26,0,4.4,20,75.5,1006.3
1983081500,24.6,0,3.3,20,78,1005.3
1983081506,26.4,0,4.7,20,72,1003
1983081512,28.1,0,7,20,62.5,1001.4
1983081518,25.2,0,8.3,20,71.5,999.7
1983081600,24.9,0,8.5,20,79.5,997
1983081606,24.5,0,6.2,10,89.5,997
1983081612,27.2,0,6.8,20,74.5,995.7
1983081618,25.9,0,2.5,13.6,79.5,996.3
1983081700,24.3,0,0,0,87,996.8
1983081706,26.9,0,0.3,8.6,84,997.8
1983081712,29.4,2,2.2,156.6,67,998.8
1983081718,25.4,0.1,0.3,335.4,90.5,1002.1
1983081800,24.5,0,0.5,3.3,90,1003.7
1983081806,26.5,0,2.9,20,71,1006.1
1983081812,30.9,0,3.5,20,44.5,1007.2
1983081818,24.4,0,1.4,353.2,52,1009.3
1983081900,21.2,0,1.7,343.4,67.5,1010.3
1983081906,24.4,0,2.5,13.4,62.5,1010.6
1983081912,28.1,0,3.8,43.4,51.5,1009.4
1983081918,22.7,0,0.8,7.9,64,1009.2
1983082000,19.6,0,0.4,353.4,83,1009.1
1983082006,23,0,2,20.9,77.5,1009
1983082012,26.5,0,4,40.1,56.5,1007.8
1983082018,22.9,0,1.6,18.2,66,1007.7
1983082100,21.8,0,0.3,353.4,79,1007.7
1983082106,23.6,0,2,6.6,76,1007.7
1983082112,26.7,0,2.9,20,56,1007.4
1983082118,22.8,0,0.5,3.4,75,1007.8
1983082200,20.1,0,0,0,83.5,1008.7
1983082206,22.2,0,1.9,13.4,84,1009
1983082212,25.1,0,3.2,40.1,67,1008.8
1983082218,22.7,0,1.5,24.9,75,1009.4
1983082300,22,0,1.3,20,80.5,1008.9
1983082306,23.8,0,2.7,29.9,78.5,1008.1
1983082312,24.8,0.9,4.1,43.4,71.5,1005.6
1983082318,22.8,13,2.8,49.5,90.5,1005
1983082400,22.2,27.4,3.1,78.8,93.5,1001.4
1983082406,22.1,15.9,2.2,6.9,94.5,998.4
1983082412,24.1,0,1,13.4,85,999.4
1983082418,22.3,0.3,0.4,350.2,93,1002.5
1983082500,21.8,0,1,343.4,92.5,1005.5
1983082506,23.6,0,2,13.6,84,1007.2
1983082512,26,0,3.7,50.3,70.5,1007.2
1983082518,23.4,0.4,2.2,20,88,1008.4
1983082600,22.4,4.5,1.6,12.8,93,1009
1983082606,23,1.8,2,27.7,93.5,1008.6
1983082612,24.4,0.3,3.2,20,93,1007.8
1983082618,24.9,0,3.9,38.2,90.5,1007.6
1983082700,25.1,0.2,2.7,63.4,92.5,1007.2
1983082706,25.7,0.2,3.4,56.6,91.5,1006
1983082712,25.2,41,4.1,106.7,94,1004.1
1983082718,25.4,13.2,4.1,130.1,94.5,1003.7
1983082800,25.2,11.7,2.2,153.2,94,1004
1983082806,25.6,33.7,1.4,25.5,94,1002.4
1983082812,29.2,0.1,0.5,290.6,80,1004.6
1983082818,26.7,0.7,1,160,89,1006.8
1983082900,25,9,1,295,93,1006.1
1983082906,26.5,0,0.5,312.1,84,1007.4
1983082912,32.4,0,2,263.5,52.5,1008.9
1983082918,27.5,0,0.9,271.3,69,1010.1
1983083000,24,0,0.2,353.6,89,1012.2
1983083006,25.6,0,0.9,115,85.5,1013.2
1983083012,29.7,0,2.3,187.7,71.5,1013.6
1983083018,26.7,0,0.9,280,82,1013.4
1983083100,23.6,0,0.7,350.5,87.5,1015
1983083106,25.8,0,0.7,280,83.5,1015.2
1983083112,30.7,0,2.5,132.4,61,1013.4
1983083118,26.4,0,0.2,3.3,83.5,1012.8
1983090100,24.4,0,0,0,91.5,1012.6
1983090106,26.3,0,0.8,224.9,85,1012.7
1983090112,30.5,0,3.4,140,59,1011.4
1983090118,26,0,1.3,185,76.5,1011.7
1983090200,24.6,7.2,0.5,10.2,91.5,1010.6
1983090206,26.6,0.3,1,330.6,92,1009.5
1983090212,32.6,0,4,187.7,56.5,1008.8
1983090218,28.4,0,3.2,194.7,73,1009.6
1983090300,26.7,0,2.1,190.4,83.5,1010.5
1983090306,27.2,0,2.4,188.6,88,1011.4
1983090312,29.6,0,3.3,203.2,69.5,1011.5
1983090318,26.9,1.3,1.4,45,85,1012.4
1983090400,22.6,0.2,0.4,322,91.5,1014.8
1983090406,22.7,1.2,0.2,0.8,92,1015.3
1983090412,22.7,20.4,1,317.9,91,1015.8
1983090418,22.4,0,1.2,301.7,93.5,1015.2
1983090500,22.1,3.4,0.6,341.6,93,1014
1983090506,22.3,21.5,0.3,357.1,94,1013.4
1983090512,24.3,0.2,2.2,178,86.5,1011.7
1983090518,23.7,7.9,0.5,5,93.5,1011.8
1983090600,21.4,0,0.3,356.7,93.5,1013
1983090606,23.2,0,0.3,0,94,1014.8
1983090612,28,0,3.4,78.7,69.5,1013.7
1983090618,24.3,0,1,350,85,1014.2
1983090700,21.6,0,0,0,91,1014.6
1983090706,23.8,0,0.6,335.5,90.5,1015
1983090712,27.8,0,2.2,116.1,65,1013.2
1983090718,24,0,0.9,8.6,82.5,1012.8
1983090800,20.6,0,0.3,344.8,90,1013.7
1983090806,22.6,0,1.4,15.2,84,1013.7
1983090812,25.6,0,3.5,45.1,65.5,1013.2
1983090818,22.3,0,1.7,352.2,79,1014.2
1983090900,20.4,0,1,336.2,87,1013.8
1983090906,21.6,0,2,349.5,85,1013.7
1983090912,22.3,3.5,2.4,45,78,1011.2
1983090918,20.5,1.8,1.7,4.4,90,1009.6
1983091000,20.6,8.4,1.1,349.8,94,1007.8
1983091006,21.1,5.5,2.3,16.7,92,1007.5
1983091012,22.5,0,2.1,343.3,88,1007.2
1983091018,21.6,2,1.1,301.1,90.5,1008
1983091100,20.8,16.1,0.4,333.2,95.5,1006.9
1983091106,21.1,16.8,0.6,317.1,95,1005.4
1983091112,21.6,28.4,0.6,291.3,94,1003.7
1983091118,20.9,1.6,0.6,327.4,96,1003.3
1983091200,19.9,0,0.1,353.6,95.5,1005.5
1983091206,21.5,0,0.5,0.8,95.5,1008
1983091212,25.2,0,2.7,67.6,73,1009.6
1983091218,21,0,1.1,353.4,83,1012.6
1983091300,18.2,0,0.3,340.3,93,1013.8
1983091306,21.1,0,0.9,55,90.5,1015.2
1983091312,27.8,0,1.8,106.8,60.5,1013.3
1983091318,23.7,0,1.2,141.1,77.5,1012.9
1983091400,21.1,0,0.3,324.9,91.5,1011.7
1983091406,21.9,0,1.2,298,90.5,1011
1983091412,26,0,1.3,186,74.5,1009.6
1983091418,23.2,0,0.3,350.3,82,1009.1
1983091500,19.6,0,0,0,94,1009.2
1983091506,21.7,0,0.1,353.6,90.5,1009.8
1983091512,28.1,0,2.3,136.9,58,1008
1983091518,23,0,0.7,0,77,1009.2
1983091600,17.9,0,0.5,314.4,89.5,1010.7
1983091606,21.5,0,1.2,338.7,84.5,1011.5
1983091612,27.7,0,1.6,241,53.5,1011
1983091618,23.7,0,1.7,34.2,71,1011.8
1983091700,21,0,0.5,330.6,84.5,1012.5
1983091706,22.2,0,1.9,252.1,87.5,1013.2
1983091712,25,0,4.8,48.4,66.5,1013.4
1983091718,21.2,0,1.6,0,78,1013.4
1983091800,18.3,0,0.2,355,89,1014.3
1983091806,20.5,0,1.6,11.2,84.5,1014.7
1983091812,25.2,0,4.1,40.1,64,1014.2
1983091818,21.6,0,2.5,10,77.5,1015.7
1983091900,18.8,0,0.6,330.6,91.5,1015.7
1983091906,21.4,0,2.3,3.3,88.5,1015.1
1983091912,24.7,0,3.5,24.9,77.5,1014.3
1983091918,23.1,23.7,2.3,56.9,90,1014.1
1983092000,23,21,1,143,92.5,1012.8
1983092006,23.9,0.7,1,0,92.5,1012.8
1983092012,25.1,0,2,7.7,82,1012.2
1983092018,23,0,1.1,350,88,1012.5
1983092100,22.1,1.1,1.1,348.7,90,1012.3
1983092106,21.5,20.1,2,329.8,94,1011.2
1983092112,20.8,13.2,2.5,0,90.5,1010.2
1983092118,20.3,0,2,353.4,79,1010.9
1983092200,19.4,0.4,2.2,343.3,92,1012.3
1983092206,21.4,0,2.8,343.4,84.5,1013.3
1983092212,24.7,0,3.1,13.4,67,1014.2
1983092218,20.7,0,2.5,350,80,1014.8
1983092300,18.7,0,1.2,329.3,89,1015.3
1983092306,20.2,0,1,335.9,90.5,1015
1983092312,24.3,0,1.5,35,75,1013
1983092318,22.1,0,0.8,347.8,82.5,1011.5
1983092400,20.6,0.3,0,0,92.5,1009
1983092406,21.2,0.7,0,0,95,1007.8
1983092412,23.5,0.8,0.3,345.5,90.5,1007.4
1983092418,21.4,0,1.1,322.3,87.5,1007.2
1983092500,17.9,0,0.3,353.6,93.5,1008.5
1983092506,21.4,0,2,349.8,84.5,1011.2
1983092512,24.4,0,4.8,50,60.5,1013.3
1983092518,19.8,0,1.6,1.4,72.5,1014.2
1983092600,17.1,0,0.7,353.3,87.5,1015.4
1983092606,20.1,0,2.4,11.2,80.5,1016.4
1983092612,24.2,0,4.6,35,62,1015.9
1983092618,21.6,0,3.7,20,75.5,1016.3
1983092700,21.7,0,3.4,20,76,1015.5
1983092706,20.1,5,2.8,32.8,75.5,1015
1983092712,18.7,20.7,2.8,24.3,93,1013.1
1983092718,17.8,24,4.9,32.9,92,1011.8
1983092800,18.2,34.3,4.5,20,91.5,1007.4
1983092806,17.1,19.4,5.5,20,89,1005.5
1983092812,18.6,0.3,4.5,20,80.5,1006.8
1983092818,16.9,0,3.1,343.3,76.5,1012.8
1983092900,14.4,0,2.5,340,77,1014.7
1983092906,17.2,0,1.4,6.6,77.5,1017.2
1983092912,20.2,0,2.4,18.2,54.5,1017.8
1983092918,16.7,0,0.5,341.1,78.5,1018.4
1983093000,15.1,0,0.2,348.6,89.5,1018.2
1983093006,18.3,0,0.6,80,87,1018.4
1983093012,26,0,1.8,257.1,49.5,1015.8
1983093018,19.5,0,0.2,356.7,69,1016.7
1983100100,15.5,0,1.1,319,90.5,1017.8
1983100106,18.6,0,0.5,348.8,83.5,1018.8
1983100112,25.8,0,2.1,115.5,42.5,1018.2
1983100118,19.1,0,0.1,8.6,73.5,1017.8
1983100200,13.7,0,0.5,332.1,90,1017.3
1983100206,16.1,0,0.2,15.7,85.5,1016.8
1983100212,24.9,0,2.2,239.9,61.5,1016.5
1983100218,20.9,0,0.1,348.6,80,1016
1983100300,16.8,0,0.1,356.7,92,1016.9
1983100306,19.5,0,0.2,340.5,92.5,1016.5
1983100312,27.8,0,3.3,152.5,52.5,1014.3
1983100318,22.4,0,1,315,80.5,1014.6
1983100400,18.7,0,0.2,3.3,92.5,1015.8
1983100406,19,0.4,0.2,348.6,92.5,1016.1
1983100412,22.4,0,1,260.7,86.5,1014
1983100418,20.5,0,0.2,333.4,83.5,1012.9
1983100500,19.4,0,2.2,346.8,82.5,1012.1
1983100506,21.7,0,2.4,359.5,63.5,1014.5
1983100512,23,0,4.2,50.3,45.5,1014.3
1983100518,16.5,0,2,319,66.5,1016.8
1983100600,11.9,0,0.9,266.1,78.5,1018.2
1983100606,14.1,0,1.2,323.2,71,1018.6
1983100612,22.2,0,2.2,139.2,44.5,1015.6
1983100618,15.9,0,1.5,335.2,40,1015.3
1983100700,11.8,0,1.3,350,65.5,1017
1983100706,15.1,0,1.2,13.6,76,1018.8
1983100712,20.2,0,4.6,70,54.5,1018.9
1983100718,17.9,2.6,5.1,70,67,1018.2
1983100800,15.8,24.6,5,63.4,88,1015.8
1983100806,16.2,15.9,3,63.4,93.5,1012.6
1983100812,17.7,2.1,1.3,342.3,93.5,1010.4
1983100818,17.5,1.4,0.7,298.4,93,1010.5
1983100900,17.1,0,0.3,346.4,92.5,1012.4
1983100906,17.7,0.6,0.6,353.2,92.5,1016.2
1983100912,21.1,0,1,13.9,75.5,1017.6
1983100918,17.7,0,0.1,10,85,1019.3
1983101000,15.3,0,0.3,330.5,92,1019.7
1983101006,17.7,0,0.7,42.4,91,1020
1983101012,22.7,0,2.9,70,64,1017.1
1983101018,17.1,0,0,0,81,1015.5
1983101100,14.9,0,2,329.8,90,1015.2
1983101106,18,0,1.6,356.7,78.5,1017.5
1983101112,18.2,1.7,2.5,20,86,1019.6
1983101118,16.3,0,1.8,10,82.5,1020.9
1983101200,15.7,0,0.8,344.4,84.5,1020.8
1983101206,16.9,0,1.3,326.4,89.5,1021
1983101212,18.9,0,2.1,100.2,73,1019.2
1983101218,17.8,0,1,244.2,81.5,1018.2
1983101300,16,0,0,0,91,1016
1983101306,16.7,0,0.9,0,92,1015
1983101312,17,0,3,356.6,67.5,1014.5
1983101318,14.3,0,1.9,336.6,73,1016.2
1983101400,13.2,0,1.1,339.1,77.5,1018.4
1983101406,15,0,0.9,0,79,1020.8
1983101412,21.2,0,3,20,55.5,1020.6
1983101418,16.9,0,0.9,10,73,1020.7
1983101500,14.6,0,0.2,20.6,87,1020.2
1983101506,17.1,0,0.8,3.4,85.5,1019
1983101512,21.9,0,0.8,13.9,58.5,1015.8
1983101518,17.8,0,0.4,330.6,81,1015.1
1983101600,13.4,0,0.3,353.6,92.5,1015.1
1983101606,16.2,0,1.9,335.2,84.5,1015.1
1983101612,22.8,0,2.2,67.2,36,1013.7
1983101618,16.9,0,0,0,69.5,1013.5
1983101700,13.1,0,0.4,331.9,88.5,1014
1983101706,16.2,0,1.1,350,70.5,1015.4
1983101712,21.3,0,2.5,16.7,50.5,1015.7
1983101718,17.2,0,3,20,77.5,1018.2
1983101800,15.5,0,1.9,0,80,1020.2
1983101806,15.9,0,1.7,13.4,73,1022.2
1983101812,17.5,0,2,29.6,71,1021.9
1983101818,15.1,0.4,1,20.9,81,1021.6
1983101900,14.3,1.9,0.3,335.9,90.5,1021.1
1983101906,15.5,0,0.6,350.5,92.5,1018.9
1983101912,20.4,0,1.5,93.1,50,1016.1
1983101918,16.9,0,0.4,333.4,70,1015.3
1983102000,15.6,0,1.2,350,83,1015.7
1983102006,17.5,0,2.2,356.6,74,1018.2
1983102012,19.7,0.3,2.8,21.6,65.5,1017.4
1983102018,16.7,0,1.4,340.5,72,1018.8
1983102100,13.6,0,0.7,284.3,83.5,1018.3
1983102106,15.7,0,0,0,84.5,1018.5
1983102112,22,0,2.5,213.8,53.5,1016.5
1983102118,17,0,0,0,76,1016.3
1983102200,13.8,0,1.7,356.7,78.5,1017
1983102206,15.4,0,2.2,350,59.5,1018.5
1983102212,22.5,0,2.4,346.6,34.5,1016.8
1983102218,14.9,0,1.2,324.8,49,1016.8
1983102300,10.5,0,3.6,350.2,43,1018.3
1983102306,10.3,0,2.3,356.7,52.5,1019.5
1983102312,16.4,0,2.6,328.1,34.5,1018.5
1983102318,10.2,0,3,328.8,39,1019.2
1983102400,6.6,0,2.3,346.6,46,1021.8
1983102406,7.9,0,1,357.2,49,1023.1
1983102412,14.8,0,2.8,342.4,29,1022.1
1983102418,8.5,0,1.1,319.5,48,1023.8
1983102500,4.2,0,0.1,348.7,69,1025.6
1983102506,7.3,0,0.7,260,70,1027.4
1983102512,16.2,0,2.3,76.8,46.5,1026.8
1983102518,13,0,0.9,324.1,67.5,1025.8
1983102600,11.2,0,0.2,330.5,78.5,1024.6
1983102606,11.4,6.8,0.6,277,87.5,1022.3
1983102612,11.3,21.2,2.3,352.8,94.5,1018.8
1983102618,9.5,0,2.5,3.4,89,1018.8
1983102700,9.1,0,2.1,340,76.5,1021.4
1983102706,12.5,0,1.5,357,69,1023.5
1983102712,19.2,0,2,328.3,40.5,1022
1983102718,11.9,0,0.3,348.7,71,1023
1983102800,8.6,0,1.4,350,76,1023.3
1983102806,10.6,0,1,326.3,69.5,1023.8
1983102812,18.4,0,0.9,66.6,36.5,1021.7
1983102818,13.8,0,0.9,333.1,52.5,1021.3
1983102900,11.3,0,1.5,346.9,70,1021.8
1983102906,13.5,0,2.8,350.2,72.5,1023.3
1983102912,17.5,0,3.4,20.9,56.5,1023.8
1983102918,11.7,0,2,315.3,81,1026.2
1983103000,9,0,0,0,89,1026.4
1983103006,11.3,0,0.3,0,85,1026.9
1983103012,18.2,0,2.2,113.7,56,1024.9
1983103018,12.4,0,0.2,348.6,79,1024.3
1983103100,8.4,0,0,0,91.5,1023.4
1983103106,10.9,0,0.3,20.6,90.5,1022.5
1983103112,19.2,0,1.6,16.3,37,1020.5
1983103118,11.8,0,0.2,3.3,66,1020.5
1983110100,8.8,0,0.3,330.5,85,1019
1983110106,11.1,0,1,353.4,74.5,1018.8
1983110112,18.4,0,2.1,321.4,36.5,1017.6
1983110118,10.9,0,0.2,356.7,57.5,1019.3
1983110200,6.1,0,0.1,353.6,83,1021
1983110206,9,0,0.4,350,84.5,1021.8
1983110212,19,0,2.2,104.1,39.5,1019.6
1983110218,12.2,0,0,0,67,1019.8
1983110300,8.3,0,0,0,84.5,1020.7
1983110306,10.8,0,0,0,83.5,1021.3
1983110312,19,0,0.7,147.3,45,1020.2
1983110318,13.4,0,0.6,325.7,59.5,1020.8
1983110400,11.3,0,0.1,0,78.5,1021.6
1983110406,11.9,0,0,0,82,1022.3
1983110412,15.4,0.5,0,0,80,1021.4
1983110418,13.8,0,0.4,333.4,84.5,1021.6
1983110500,11.9,0,0,0,91,1021.5
1983110506,13.2,0,0.3,3.3,89,1021
1983110512,18.8,0,1.9,26.7,59.5,1018.9
1983110518,13.7,0,0.2,3.3,82.5,1018.8
1983110600,9.7,0,0,0,93,1018.2
1983110606,12.1,0,1.1,348.7,79.5,1017.9
1983110612,17.9,0,3.3,22.6,46.5,1016.5
1983110618,12.6,0,1.6,340,73,1018.1
1983110700,11.9,0,2.2,343.3,74.5,1018.5
1983110706,13,0,2.2,3.3,71.5,1020.2
1983110712,14.5,0,3.5,16.7,52.5,1020.8
1983110718,11.4,0,2.6,350,59.5,1022.3
1983110800,10.2,0,0.8,309.4,69.5,1023.1
1983110806,12.2,0,2.6,350,71.5,1022.7
1983110812,14.7,0,2.8,37.1,54.5,1022.5
1983110818,10.3,0,1.1,350,73,1023.1
1983110900,7.8,0,1.2,4.3,89.5,1023.9
1983110906,9.6,0,0.5,0,83.5,1024.8
1983110912,15.9,0,2.5,35,47.5,1022.8
1983110918,11.5,0,0.2,348.7,69.5,1021.6
1983111000,7.7,0,0,0,85.5,1018.8
1983111006,8.5,0,0.4,332.3,88.5,1016.3
1983111012,16.2,0,2.1,287.5,51.5,1012.8
1983111018,11.6,0,0.8,357.6,76,1011.8
1983111100,8.5,0,0.5,344.4,86,1011.1
1983111106,10.6,0,3.2,340,64,1012.2
1983111112,16.2,0,2.7,349.8,41,1010.3
1983111118,10.8,0,1.2,335.2,64.5,1010.3
1983111200,10.4,0,2.3,318.7,61,1010.1
1983111206,9.8,0,3.2,304.7,55,1010.8
1983111212,12.1,0,4.4,326.4,42,1011.1
1983111218,6.8,0,4,340,54.5,1013.8
1983111300,4.9,0,4,323.3,51.5,1015.8
1983111306,5.5,0,2.6,325,50.5,1018.1
1983111312,11,0,3,336.7,38.5,1018.3
1983111318,5.9,0,2.5,353.2,52.5,1020.8
1983111400,3.2,0,1.9,0,64,1022.7
1983111406,4.9,0,1.8,258.8,77.5,1023.2
1983111412,13.4,0,1.5,41.9,41.5,1021
1983111418,6.2,0,0.4,1.3,51.5,1020.5
1983111500,1.2,0,0.5,284.3,74.5,1020.1
1983111506,4.2,0,0.1,348.6,83,1019.6
1983111512,14.4,0,3.3,250,42,1016.3
1983111518,9.1,0,1.2,288.7,64,1015.9
1983111600,8.2,0,0.6,332.1,77,1013.5
1983111606,11,0,1.7,297.7,73.5,1012.2
1983111612,14.9,0,7.3,243.4,42,1008.2
1983111618,6.3,0,5.3,313.4,55,1010.6
1983111700,0.2,0,1.4,346.4,64,1013.7
1983111706,1.1,0,2.4,342.7,72.5,1014.8
1983111712,4.3,0,6.3,270,41.5,1013.2
1983111718,0.4,0,4.7,286.2,45.5,1015.2
1983111800,1.3,0,2.1,121.8,54.5,1016.7
1983111806,5.7,0,3.7,256.5,56.5,1019.1
1983111812,11.1,0,4.9,263.6,41,1018.9
1983111818,7.3,0,1.4,318.7,57.5,1022
1983111900,4,0,1.2,355,78,1022
1983111906,8.6,0,3,326.4,57,1024.6
1983111912,14.4,0,2.8,320,37.5,1024
1983111918,9.3,0,1.5,346.6,50,1026.1
1983112000,4.8,0,0.2,358.5,71,1027.1
1983112006,6.3,0,1.5,309.7,80,1028.2
1983112012,16.1,0,1.7,100,34,1025.5
1983112018,8.7,0,0.2,335.9,59,1025.6
1983112100,3.7,0,0.5,310.4,83.5,1025.2
1983112106,6.1,0,1.1,303.8,85.5,1025.1
1983112112,16.4,0,1.8,336.6,34.5,1022.8
1983112118,9.5,0,0.2,333.4,51.5,1022.3
1983112200,5.7,0,0.2,333.4,58.5,1023.3
1983112206,10,0,2.6,343.3,65.5,1024.6
1983112212,12.2,1,3.5,43.5,75,1025.2
1983112218,11.4,0,1.3,6.6,66.5,1025.8
1983112300,9,0,0.5,356.3,74,1024.9
1983112306,8.7,0,0.5,2.7,82.5,1022.9
1983112312,12.8,0,1.6,319.8,51.5,1019.2
1983112318,9.1,0,1.3,333.2,66.5,1019
1983112400,7.6,0,1.1,333.4,77,1017.8
1983112406,9.4,0,1.8,294.7,73,1017.2
1983112412,13,0,2.8,288.2,46,1014.8
1983112418,7.9,0,3.3,320,47,1015.6
1983112500,3.5,0,4.6,294.9,47.5,1018.2
1983112506,2.5,0,2.3,329.9,42,1021.8
1983112512,6.2,0,4.6,284.7,29,1022
1983112518,1.5,0,0.4,318.7,43.5,1022.5
1983112600,2.6,0,2.5,306.5,62.5,1021.8
1983112606,0.6,0,4.4,305,46,1024.9
1983112612,3.8,0,5.3,297.7,26,1024.3
1983112618,0.1,0,3.1,336.7,34.5,1027.8
1983112700,-2.4,0,1.3,346.8,42,1030.5
1983112706,-0.5,0,1.1,343.4,44,1032.3
1983112712,8.7,0,2,357.1,29,1031.7
1983112718,2.8,0,1.8,301.9,36,1032.8
1983112800,-1.2,0,0.3,274.3,58,1034.2
1983112806,2,0,0.7,296.6,56,1034.7
1983112812,12.6,0,1.7,121.7,45,1033.1
1983112818,6.2,0,0,0,73.5,1032.7
1983112900,1,0,0,0,92,1032.1
1983112906,3.2,0,0,0,92,1030.6
1983112912,15.1,0,2,194.7,40,1026
1983112918,8,0,0.7,302.3,58.5,1024
1983113000,8.1,0,2.7,263,66,1018.5
1983113006,9.9,0,5.9,253.4,54,1014.6
1983113012,7.1,0,5.5,296.6,45,1015.3
1983113018,2.4,0,5,302.9,48,1018.8
1983120100,0.5,0,4,308.9,41.5,1020.1
1983120106,2.2,0,3.7,343.4,43,1021.1
1983120112,8.5,0,4.9,305.5,33,1020.3
1983120118,6,0,3.6,330,44.5,1020.3
1983120200,5.4,0,4,340,53.5,1019.7
1983120206,7.2,0,2,326.3,60,1019
1983120212,13.6,0,3.7,240,39.5,1015.2
1983120218,7.7,0,0.9,327.8,52.5,1015.2
1983120300,2,0,0.2,348.6,82.5,1016.5
1983120306,3,0,0.1,350,90.5,1017.8
1983120312,11.8,0,3.4,336.7,39,1017.2
1983120318,5.5,0,1.5,343.3,39,1020.7
1983120400,1.9,0,0.4,305,53,1021.7
1983120406,2.6,0,1.2,284.7,59.5,1022.5
1983120412,10.3,0,2.9,326.6,30.5,1020.2
1983120418,6.9,0,3.8,296.6,31.5,1019.9
1983120500,4.8,0,1.7,311.9,51,1020.1
1983120506,4.4,0,0.1,355.2,73,1019.5
1983120512,13.3,0,4.2,275,36.5,1017.4
1983120518,8.2,0,2.8,350.2,36,1019.7
1983120600,2.6,0,1.1,346.8,44.5,1022.2
1983120606,1.8,0,0.8,14.6,70,1023.2
1983120612,11.1,0,1.7,55.3,41,1022.2
1983120618,4.2,0,1,300.7,55.5,1023.7
1983120700,-0.1,0,0.5,302.3,68.5,1024.2
1983120706,3,0,0.4,341,66,1023.3
1983120712,9.5,0,3.2,315.7,45.5,1021.7
1983120718,5.4,0,1.8,329.8,56,1022.5
1983120800,3.2,0,2.4,333.4,64.5,1023.5
1983120806,3.7,0,0.5,357,72.5,1024.5
1983120812,12.6,0,1.1,92.9,39.5,1022.3
1983120818,5.3,0,0.3,348.7,60.5,1023.2
1983120900,1.4,0,0.6,319.8,81.5,1022.9
1983120906,3.6,0,0.3,350,88.5,1023.2
1983120912,13.2,0,1.7,257.8,33,1022
1983120918,6.1,0,0.1,350,57,1022.6
1983121000,1.2,0,0,0,88,1021.9
1983121006,4.2,0,1.1,27.6,91,1019.7
1983121012,12.7,0.6,3.5,190.2,69.5,1015.6
1983121018,8.8,0.7,1.2,303.1,89.5,1011.9
1983121100,8.2,0,3.5,263.8,60,1010.9
1983121106,5.1,0,4,273.3,52,1014.7
1983121112,5.3,0,8.1,270,40,1015
1983121118,2.5,0,4.1,296.6,39,1019.8
1983121200,1.1,0,4.9,270,52,1021.8
1983121206,3.2,0,1.5,294.7,55.5,1023.7
1983121212,9.6,0,2.3,200.5,42,1022.7
1983121218,2.8,0,0.1,350,60.5,1023
1983121300,-0.3,0,0,0,84,1023.3
1983121306,2.1,0,0.2,11.4,87.5,1021.5
1983121312,10.8,0,3.6,200,49.5,1017.8
1983121318,9.6,0,1.1,311.7,62,1018
1983121400,6.2,0,1,314.4,76.5,1019.6
1983121406,6.7,0,3.3,323.3,36.5,1022.8
1983121412,8.3,0,3.7,270,26,1022.5
1983121418,3.1,0,2.3,333.4,32.5,1022.5
1983121500,0.5,0,3,330,30,1022.2
1983121506,-0.2,0,4.2,297.7,42.5,1022.5
1983121512,5.2,0,4.4,299.9,46.5,1020.5
1983121518,1.5,0,1.4,316.3,57,1021.3
1983121600,-0.5,0,2.1,321.8,62,1021.7
1983121606,-0.4,0,3.4,316.8,55.5,1022.7
1983121612,4.6,0,3.7,305,31.5,1021.3
1983121618,-0.4,0,3.2,299.6,31.5,1022.7
1983121700,-3.6,0,1.2,350,43,1022.6
1983121706,-1.2,0,3.8,323.8,56.5,1022
1983121712,1.1,0,5.7,283.4,38.5,1021.3
1983121718,-3.3,0,2.7,323.3,37,1023.9
1983121800,-6.1,0,3.4,353.2,47,1025.1
1983121806,-3.9,0,1.7,320.7,49,1024.4
1983121812,3.9,0,4.3,308.2,27.5,1021.8
1983121818,0.7,0,2.1,336.7,36,1021.8
1983121900,-0.2,0,1.1,338.6,58.5,1020.9
1983121906,0.5,0,1.1,325,78,1020.5
1983121912,7.8,0,4.2,294.9,39,1019.7
1983121918,2.5,0,1.9,340,45,1021.2
1983122000,-0.9,0,2.3,327.2,54.5,1023.3
1983122006,-0.2,0,0.6,270.3,59,1026.8
1983122012,9.3,0,1.7,347.5,38,1026.5
1983122018,2.4,0,0.6,335.2,57,1028.4
1983122100,-2.5,0,0,0,78.5,1029.3
1983122106,-0.9,0,0,0,85,1027.8
1983122112,11.7,0,1.8,216.7,47.5,1023.5
1983122118,7,0,0.2,7.7,65.5,1021.5
1983122200,5.6,0,1.1,353.4,79,1018.4
1983122206,4.8,0.3,2.8,336.7,80,1017.1
1983122212,9.1,0,3.6,302.8,50.5,1014.2
1983122218,3.7,0,3.9,305,62,1016.3
1983122300,-1.5,0,5.1,290,51,1019
1983122306,-4.8,0,4,294.9,41.5,1022.7
1983122312,-0.3,0,3.6,305,28,1022.5
1983122318,-4,0,1.8,336.6,30,1024.5
1983122400,-7.4,0,0.8,341.1,42,1024.7
1983122406,-6.3,0,0,0,51,1023.6
1983122412,1.1,0,5.1,276.1,46,1020.5
1983122418,-3.7,0,4.4,296.6,50.5,1023.5
1983122500,-5.9,0,5.9,270,44,1025.3
1983122506,-6.3,0,4.1,322.3,45,1026.6
1983122512,-0.6,0,3.7,308.4,29,1024.9
1983122518,-4.2,0,3,290,30,1025.7
1983122600,-6.4,0,2.8,353.4,31.5,1026.1
1983122606,-4.5,0,1,323.1,37.5,1026.2
1983122612,4.6,0,1.1,333.2,34.5,1023.6
1983122618,-1.6,0,0,0,44.5,1023.2
1983122700,-6,0,0,0,72,1022.9
1983122706,-1.9,0,1.6,336.7,74,1023.5
1983122712,3.1,0,4.1,313.4,32.5,1023.4
1983122718,-1,0,2.7,315.1,37.5,1024.7
1983122800,-2.9,0,4.1,305,51.5,1025.2
1983122806,-2.5,0,3.5,263.4,53.5,1025.5
1983122812,0.9,0,5.5,286.7,36.5,1025.4
1983122818,-2.2,0,4.3,290,40,1026.7
1983122900,-5.7,0,2.4,336.7,53.5,1027.8
1983122906,-5.3,0,1.5,327.2,62,1028
1983122912,0.9,0,2.8,321.1,37.5,1024.5
1983122918,-2.5,0,0.6,350.2,39.5,1022.8
1983123000,-4.2,0,0.5,353.4,47.5,1020.8
1983123006,-2.1,0,1.8,343.3,56.5,1018.8
1983123012,0.4,0,4.4,299.9,62.5,1016.8
1983123018,-2.4,0.2,4.9,318.4,85.5,1018
1983123100,-3,0.1,3.9,313.4,85.5,1018.4
1983123106,-2.4,0,3.5,316.8,67,1020.8
1983123112,3.4,0,3.7,288.2,33.5,1020.9
1983123118,0,0,3.3,313.3,42.5,1022.7
1984010100,-0.9,0,4.9,311.5,55,1022.8
1984010106,-0.3,0,3,352,61,1024.5
1984010112,6.8,0,4.1,295,46.5,1022.7
1984010118,1.5,0,1.7,336.8,62,1023.2
1984010200,-3.6,0,0.4,330.6,89,1023.5
1984010206,-2.5,0,0.4,330.6,89,1023.9
1984010212,7.8,0,1.8,236.8,46,1021.9
1984010218,2.9,0,0,0,57.5,1020.2
1984010300,1.2,0,0,0,76,1016.8
1984010306,4.5,0,1.1,281.4,69.5,1014.1
1984010312,4.7,0,5.8,299.9,53.5,1015.6
1984010318,0.6,0,6.1,312.3,57.5,1020.8
1984010400,-1.7,0,5.7,305,62,1022.6
1984010406,-1.6,0,4.9,323.3,63.5,1023.3
1984010412,2.2,0,4.7,294.9,42,1021.8
1984010418,-2.8,0,3.7,336,50,1023.3
1984010500,-5.9,0,4.5,323.3,55.5,1024.5
1984010506,-4.8,0,4.6,316.8,47.5,1026.2
1984010512,0.2,0,3.7,325,32,1027.2
1984010518,-3.6,0,1.9,329.8,35,1029.2
1984010600,-6.4,0,1.1,273.3,50.5,1028.4
1984010606,-5.2,0,1.2,277.6,60,1026.9
1984010612,2.2,0,3,308.4,34,1023.5
1984010618,-1.3,0,3.2,330,28.5,1023.6
1984010700,-4.6,0,1.6,0,42,1024.2
1984010706,-2.7,0,2.5,349.8,49.5,1022.8
1984010712,4.4,0,4.3,294.9,39.5,1020.1
1984010718,1.1,0,3.7,289.7,56,1019.8
1984010800,-1.6,0,1.4,315.7,70,1019.5
1984010806,-0.2,0,2.7,331.4,72.5,1018.2
1984010812,5.2,0,3.8,313.4,36.5,1015.6
1984010818,0.5,0,2.1,321.8,50.5,1015.7
1984010900,-1.7,0,1.2,335.6,69,1015.1
1984010906,-0.9,0,0.4,301.8,82.5,1015.3
1984010912,6.8,0,3.2,235.3,50.5,1014.2
1984010918,1.2,0,0.3,350,55.5,1015.2
1984011000,-2.5,0,1.1,261.4,79.5,1015.9
1984011006,-0.6,0,0.7,0,88.5,1014.3
1984011012,11,0,3.7,252.3,40.5,1010.3
1984011018,5.4,0,2.5,340,41.5,1012.8
1984011100,0.3,0,4.9,302.9,40,1016.8
1984011106,-1.5,0,3.3,340,43.5,1020
1984011112,4.6,0,1.6,340,29.5,1020.5
1984011118,-0.7,0,0,0,29,1022.3
1984011200,-6,0,0,0,49,1022.7
1984011206,-4.2,0,0.3,353.4,58,1021.5
1984011212,6.3,0,1.6,68.1,26,1019.6
1984011218,2,0,0.1,348.6,41.5,1018.8
1984011300,-2.5,0,0.1,355.2,60,1018.3
1984011306,-1.7,0,0.4,350,82.5,1017.3
1984011312,6.4,0,2.2,350,42,1015.1
1984011318,0.2,0,0.8,298.4,43.5,1015.3
1984011400,-5.1,0,0.7,258.6,67,1016.6
1984011406,-3.5,0,1.1,214.5,71.5,1017.5
1984011412,7.7,0,1.6,161.2,41.5,1016.8
1984011418,4.9,0,0.7,255.8,49.5,1017.2
1984011500,5.2,0,1,155,63.5,1016.9
1984011506,4.8,0,3.4,321.8,61,1016.9
1984011512,1.2,0,4,294.9,35,1017.5
1984011518,-2.5,0,3.3,311.5,30,1020.8
1984011600,-6.9,0,3.5,321.8,37,1024.2
1984011606,-6.2,0,4.9,290,38.5,1025.8
1984011612,-2.3,0,4.5,302.9,27.5,1024.8
1984011618,-4.8,0,4.8,270,30.5,1023.8
1984011700,-6.4,0,3.3,280,49,1024.3
1984011706,-4.9,0,3.4,309.8,46.5,1025.8
1984011712,0.2,0,4.3,290,30,1024.4
1984011718,-3,0,2.6,315.1,25.5,1024.1
1984011800,-6.2,0,3.7,346.6,31,1024
1984011806,-5.8,0,1.9,356.7,36.5,1024.1
1984011812,-1.5,0,2.4,0,30,1021.7
1984011818,-2.3,0,1.5,319.5,29,1020.3
1984011900,-2.4,0,1.7,313.7,35,1019.2
1984011906,-1.8,0,4,0,42,1019.2
1984011912,3.8,0,3.9,340,38.5,1019.2
1984011918,-1,0,1.8,346.6,36,1021.3
1984012000,-3.8,0,0.8,327.4,40,1023.1
1984012006,-3.2,0,1.9,8.9,41.5,1023.4
1984012012,4,0,3.5,11.2,27,1021.6
1984012018,-0.4,0,1.6,356.7,29.5,1021.8
1984012100,-3.1,0,0.8,345.4,36.5,1021.2
1984012106,-2.9,0,1.1,356.7,41.5,1020.7
1984012112,3.9,0,2.8,356.6,28.5,1018.6
1984012118,0.7,0,2.4,343.3,28.5,1018.5
1984012200,-1.4,0,1.9,343.4,41,1018.6
1984012206,-1.7,0,2.8,343.3,62,1019.8
1984012212,-0.1,0,4.1,328.8,44.5,1020.7
1984012218,-3.8,0,1.9,333.4,34.5,1023.3
1984012300,-6,0,2.4,353.2,41,1024.6
1984012306,-4.2,0,1.5,8.8,45.5,1026.8
1984012312,3,0,3.3,328.8,38.5,1026.6
1984012318,-1.6,0,1.3,314.3,48,1027.8
1984012400,-3.5,0,2.4,0,55,1028.5
1984012406,-3.5,0,1.9,11.9,58.5,1028.8
1984012412,4.4,0,3,328.8,35.5,1026.7
1984012418,0.5,0,3.1,325.3,47,1026.1
1984012500,-2.9,0,5.3,311.5,41,1026.8
1984012506,-3.6,0,4.4,318.4,48,1027.6
1984012512,-0.2,0,6.2,297.7,42,1025.8
1984012518,-4.3,0,3.8,333.4,33.5,1026.1
1984012600,-6.8,0,5,330,41,1027.1
1984012606,-5.8,0,4,308.2,48,1028.2
1984012612,-1.3,0,5.8,305,34.5,1027.2
1984012618,-4.7,0,5.3,290,34.5,1028.2
1984012700,-6.6,0,4.4,333.2,38,1029.7
1984012706,-5.9,0,6.4,305,47,1029.3
1984012712,-1.8,0,5.1,320.3,36,1027.8
1984012718,-4.5,0,4.3,340,35,1028.1
1984012800,-6,0,4.6,326.6,43.5,1028.8
1984012806,-5,0,3.1,321.8,56.5,1029.1
1984012812,-0.7,0,5.4,323.3,39,1026.9
1984012818,-4.8,0,2.7,340,39.5,1027.6
1984012900,-7.6,0,2.4,356.7,49,1029.6
1984012906,-6.2,0,1.3,0,56,1030.6
1984012912,3.2,0,1.8,3.8,32,1030.1
1984012918,-0.2,0,2,335.9,27,1029.6
1984013000,-2.6,0,0.6,312.8,37.5,1030.3
1984013006,-1,0,0.7,11.3,41.5,1029.5
1984013012,5.5,0,1.4,51.2,34,1027.5
1984013018,3.3,0,0.9,353.2,57,1025.8
1984013100,1.4,0,0,0,56,1024.9
1984013106,1.8,0,2.1,346.8,43.5,1023
1984013112,6.9,0,3.1,353.4,44,1020.8
1984013118,1.2,0,1.5,352.6,62.5,1022.2
1984020100,-5.5,0,0.8,288.7,75,1023.2
1984020106,-4.5,0,0.7,235.9,71.5,1024.1
1984020112,7.2,0,2.4,141.1,32.5,1022.2
1984020118,3.1,0,2,216.7,34,1020.1
1984020200,1.7,0,2.8,320.8,61,1019
1984020206,-1.7,0,3.3,353.8,62,1021.7
1984020212,-0.9,0,4.6,302.9,34,1024.1
1984020218,-4.8,0,3.2,336.7,31,1024.2
1984020300,-8.8,0,6.1,310.1,43.5,1025.8
1984020306,-7.9,0,4,332.3,45.5,1027.6
1984020312,-0.7,0,4.5,336.7,29.5,1027.8
1984020318,-4.6,0,1.9,332.3,27.5,1028.3
1984020400,-4.1,0,2.8,333.4,45.5,1027.1
1984020406,-2.4,0,2.7,336.7,47.5,1026.6
1984020412,2.7,0,2.1,303.9,34,1024.7
1984020418,-0.6,0,0.4,295,44.5,1023.8
1984020500,-3.8,0,0.3,332.1,50.5,1023.2
1984020506,-3.1,0,0.6,307.8,62,1022
1984020512,4.5,0,3.4,336.6,46.5,1019.3
1984020518,0.8,0,5.1,330,43.5,1017.2
1984020600,-5,0,5.4,320,36.5,1019
1984020606,-7.3,0,6.2,326.6,39,1021.7
1984020612,-3.4,0,6.3,323.3,29,1020.2
1984020618,-7.2,0,4,310.1,31.5,1019.1
1984020700,-10.1,0,3.4,326.6,41,1020.2
1984020706,-9.3,0,5.2,336.7,42,1020.5
1984020712,-2.6,0,6.6,320,33,1018.2
1984020718,-4.5,0,3.6,333.4,32,1018.8
1984020800,-7.5,0,3.2,339.6,44.5,1019.8
1984020806,-5.9,0,5.6,330,43.5,1019.3
1984020812,-1,0,5.2,333.4,33.5,1018.8
1984020818,-3.2,0,1.9,333.2,39,1019.3
1984020900,-5.5,0,4,326.6,50,1020.6
1984020906,-5.7,0,5.4,326.6,51,1022.7
1984020912,1,0,3.5,333.4,33,1022.7
1984020918,-2.3,0,2.1,346.6,32,1024.9
1984021000,-6.2,0,0.6,310.5,45,1026.1
1984021006,-5.4,0,1,256.8,52,1028.5
1984021012,4.6,0,2,126.2,33,1027.6
1984021018,0.2,0,0.7,11.9,46,1027.9
1984021100,-3.9,0,0.2,348.6,60,1027.8
1984021106,-2.2,0,0.2,307,72,1027.2
1984021112,8.1,0,1.3,152.1,50,1025.1
1984021118,3.5,0,0.3,11.4,61,1024.1
1984021200,1.6,0,0.4,353.5,74,1023.8
1984021206,3.4,0,0.7,356.7,75,1021.7
1984021212,5.6,0,2.5,353.4,78,1020.6
1984021218,4.1,0,0.7,344.4,80,1020.2
1984021300,0.6,0,1.3,350,78.5,1020.8
1984021306,1.4,0,2.3,336.6,48.5,1022.2
1984021312,6.9,0,4.2,316.8,35,1021.2
1984021318,3.6,0,2.3,346,43.5,1021.2
1984021400,0.9,0,1.6,341,57,1021.8
1984021406,0.2,0,2.8,339.1,49.5,1023.5
1984021412,5.4,0,3.7,330,35.5,1021.8
1984021418,2.4,0,2.6,0,33,1020.7
1984021500,-1.5,0,2.9,356.6,44,1020.6
1984021506,-1.4,0,2.6,20.9,46,1021.1
1984021512,4.6,0,4.2,320,42.5,1019.2
1984021518,0.8,0,3,346.4,45,1019.6
1984021600,-3.8,0,1.6,336.6,48,1022.4
1984021606,-3,0,0.9,315.4,49.5,1022.8
1984021612,6.1,0,2.2,133.3,32.5,1020.3
1984021618,2.4,0,0.3,8.6,52,1017.8
1984021700,1.5,0,0.4,3.3,60,1016.9
1984021706,2.2,0,1.5,330.6,60.5,1015.4
1984021712,6.8,0,2.8,10.2,43,1013
1984021718,1.3,0,3.8,0,59,1015.9
1984021800,-1.3,0,2.3,349.8,58,1019.6
1984021806,0.2,0,4.1,343.3,60,1022.3
1984021812,7,0,5,320,28.5,1021.5
1984021818,3.1,0,2,3.9,38.5,1023.9
1984021900,-2.6,0,0.6,312.1,73.5,1026.4
1984021906,-1.6,0,0.4,23.9,73,1027.7
1984021912,8.4,0,3.4,143.3,50.5,1024.8
1984021918,4.7,0,1.7,245.6,56.5,1023
1984022000,-1,0,1.8,321.4,72.5,1022.3
1984022006,1,0,2.3,353.5,54.5,1022.7
1984022012,9.1,0,3.2,25.6,30.5,1020.5
1984022018,3.2,0,0.2,11.4,51.5,1021.2
1984022100,-1.8,0,0,0,76,1022.6
1984022106,0.2,0,0.1,348.6,81.5,1022.4
1984022112,10.9,0,2.3,135.9,52.5,1020
1984022118,6.3,0,0,0,68.5,1020.3
1984022200,1,0,0,0,90,1022.3
1984022206,4.7,0,2.3,52.7,80.5,1023.2
1984022212,5.8,2.2,2.8,51.8,82,1022.2
1984022218,5.8,2.7,1.8,50.3,95,1020.3
1984022300,5.6,3.7,2.2,332,95,1014.4
1984022306,5.6,2.4,2.2,0,92.5,1012.4
1984022312,7.3,0,2.4,353.4,81,1013.3
1984022318,5.7,0,1.8,3.4,79.5,1016.5
1984022400,3.9,0,1.7,10,85.5,1019.5
1984022406,4.8,0,2.4,21.6,82.5,1021.3
1984022412,6.7,1.9,2.8,16.7,82.5,1023.2
1984022418,5.3,1,1.7,13.4,82.5,1024.1
1984022500,6,0,3.2,36.2,65.5,1024.3
1984022506,6.1,0,4.5,70,70.5,1024.6
1984022512,7.1,0,3.5,38.2,58,1022.4
1984022518,5.6,0,1.8,3.4,61.5,1019.5
1984022600,3.7,0.2,1.3,340,73,1016.8
1984022606,3.8,0,0.4,350,78,1014.7
1984022612,8.4,0,5.4,320,39,1012.1
1984022618,2.5,0,2.6,323.3,33.5,1013.9
1984022700,-2.7,0,2.9,310.1,40.5,1018.2
1984022706,-2.3,0,4,290,39.5,1020.3
1984022712,2.6,0,6.6,294.9,28,1019.3
1984022718,-0.2,0,2.7,320.3,26.5,1020.7
1984022800,-4,0,2.7,356.6,40.5,1024.3
1984022806,-3.2,0,2.8,342.7,48,1024.9
1984022812,2.9,0,3,290,27.5,1022
1984022818,1.2,0,2.3,315,26,1020.1
1984022900,-1.8,0,2.9,340,39.5,1020
1984022906,-2.7,0,4.7,298.5,47,1019.4
1984022912,1.1,0,6.2,289.7,27.5,1019.8
1984022918,-1.8,0,1.7,299.2,30.5,1021
1984030100,-4.7,0,0.7,311.4,52.5,1023.3
1984030106,-2.9,0,1.3,310.5,73.5,1022.1
1984030112,5.4,0,4.4,223.4,31,1018.5
1984030118,2.4,0.9,2.2,180.4,61.5,1015.6
1984030200,1.4,0.1,5.9,253.3,54.5,1014.2
1984030206,2,0,6.1,250,46.5,1015.5
1984030212,5.9,0,6,273.4,28.5,1016.9
1984030218,2.3,0,0.7,333.1,27,1019.1
1984030300,-1.5,0,0.1,356.7,52,1019.8
1984030306,-0.3,0,3,323.1,56,1020.2
1984030312,4.4,0,5.8,291.9,31,1019.9
1984030318,0.6,0,3,310.1,32.5,1022.8
1984030400,-2.9,0,1,315,47.5,1024.7
1984030406,-1.7,0,1.6,340,54,1024.3
1984030412,4.8,0,4,324.4,30.5,1022.9
1984030418,1.5,0,2.8,328.8,36,1023.3
1984030500,-1.5,0,2.8,330,55,1024.2
1984030506,-0.7,0,0.9,59.4,52.5,1024.4
1984030512,6.3,0,1.6,138.4,34.5,1022.8
1984030518,2.4,0,1.9,0,49,1022.2
1984030600,-0.3,0,0.7,262.1,73.5,1021.6
1984030606,1.6,0,1.8,314.2,77.5,1021.2
1984030612,7,0,3.7,318.4,37,1020.5
1984030618,3.3,0,2.6,325.3,34.5,1021.6
1984030700,-0.3,0,1.6,320,47.5,1023.5
1984030706,1.2,0,3.4,326.6,46,1024
1984030712,6.9,0,4,326.6,29,1021.8
1984030718,3.6,0,2.7,323.3,34,1020.9
1984030800,1.3,0,4.1,320,38,1022
1984030806,2.9,0,3.1,359.3,46.5,1022.4
1984030812,9.3,0,3,308.1,31.5,1019.8
1984030818,5.6,0,0.1,0,39,1019.3
1984030900,2.3,0,1,341,52.5,1020
1984030906,4.4,0,0.6,331.6,43,1019.3
1984030912,10.9,0,3.6,156.6,31,1016.6
1984030918,7.4,0,3.6,220.4,47.5,1013.9
1984031000,5.1,0,2.8,268.1,54.5,1012.2
1984031006,2,0,5.1,323.3,49.5,1013
1984031012,6.4,0,5.8,330,30.5,1011.8
1984031018,2.2,0,3.5,340,35,1012.8
1984031100,-1.2,0,1.5,16.5,43.5,1015
1984031106,1,0,1.4,97.5,49.5,1017.4
1984031112,8.5,0,3.8,203.2,34.5,1015.8
1984031118,6.1,0,3,195,49.5,1014.7
1984031200,5.7,0,3.1,250,57,1015.2
1984031206,7.9,0,4.4,256.6,57.5,1015.2
1984031212,13.5,0,5.2,308.4,32,1014.7
1984031218,5.6,0,1.3,55.3,70.5,1016.7
1984031300,2.1,0,0.4,356.7,82,1018.4
1984031306,4,0,1.3,7.7,51,1019.2
1984031312,7.8,0,3.6,56.6,55,1017.7
1984031318,5.6,0,1.7,3.3,71.5,1017.2
1984031400,5,0,1.7,356.7,71,1016.1
1984031406,5.5,0,2.5,0,68.5,1015.7
1984031412,8,0,3.8,40.1,61,1016.2
1984031418,5.4,0,2,3.9,68.5,1018.3
1984031500,2.6,0,0.5,295,83,1019.1
1984031506,4.2,0,0,0,85.5,1017.8
1984031512,8.8,0,2.5,56.4,66.5,1016.6
1984031518,6.9,0,0.6,10,70.5,1014.5
1984031600,2.4,0,0,0,94,1013.1
1984031606,3.8,0,0,0,88.5,1010.8
1984031612,13.6,0,5.8,281.2,37.5,1007.5
1984031618,8.3,0,2.6,307.2,20.5,1008.2
1984031700,3.7,0,2.5,301.8,35.5,1011.1
1984031706,5.2,0,5.9,320,34.5,1011.3
1984031712,11.1,0,6,320,20.5,1011
1984031718,8.1,0,2.7,333.1,22.5,1012.5
1984031800,3.6,0,3.3,340,31,1016
1984031806,4.5,0,2,5.7,39.5,1018.2
1984031812,10.6,0,3.5,79.8,29.5,1017.5
1984031818,7.4,0,0.8,46.9,48.5,1018.5
1984031900,4.4,0.8,3.3,0,75,1018.8
1984031906,3.8,5.7,3,0,94.5,1017
1984031912,5.5,2.3,2.8,0,88,1015.4
1984031918,4.7,0,0.6,345.5,90.5,1016.8
1984032000,1.5,0,0,0,94,1016.2
1984032006,3.3,0,2,333.1,71,1016.4
1984032012,9.9,0,2.5,140,34.5,1014
1984032018,6.1,0.2,3.2,15,57,1012.8
1984032100,1.7,0.6,4.1,353.4,90.5,1012
1984032106,2.4,0,3,350,76.5,1018.7
1984032112,4.9,0,3.4,23.2,55,1022.8
1984032118,1.4,0,1.3,345.1,73,1024.7
1984032200,-1.3,0,0.4,341,93.5,1026.6
1984032206,1,0,0,0,88.5,1026.4
1984032212,7.6,0,2.4,149.6,52.5,1024.8
1984032218,5.2,0,0.6,350.6,70,1024.6
1984032300,1.1,0,0,0,90.5,1025.1
1984032306,4.2,0,0.1,11.4,91,1024.9
1984032312,11.3,0,3.9,160,49,1023.4
1984032318,7.8,0,1.2,280,59.5,1020.8
1984032400,7.1,0,0.4,330.5,73.5,1019.2
1984032406,9.1,0,0.4,341.1,73.5,1016.6
1984032412,13.8,0,3.1,350.2,47,1013.5
1984032418,7.9,0,2.6,343.4,29.5,1016.7
1984032500,3.6,0,1.9,353.1,27.5,1020.9
1984032506,4.5,0,0.8,4.1,38,1021.8
1984032512,13.9,0,4.5,250,22,1018.8
1984032518,10.4,0,3,337.2,29,1019.3
1984032600,5.5,0,1.7,13.4,46,1022.8
1984032606,5.2,0,0.4,20,58,1024.8
1984032612,10.2,0,3.5,143.3,47,1023.3
1984032618,7.1,0,0.9,80,62,1022.8
1984032700,3.1,0,0,0,79,1023.2
1984032706,6.4,0,0.2,355.2,69.5,1024.4
1984032712,12.8,0,2.8,150,40.5,1021.8
1984032718,9.7,0,0.8,0,65,1020.2
1984032800,7.2,0,2.1,6.8,39,1019.7
1984032806,7.4,0,2.6,3.3,47,1019.8
1984032812,13,0,4,132.3,36,1017.1
1984032818,10.1,0,1.1,254.6,43,1014.8
1984032900,7,0,0.3,330.6,55,1015.1
1984032906,10.5,0,2.2,270.5,58,1015
1984032912,19,0,4.6,230,26,1013.1
1984032918,12.7,0,2.2,259.4,34,1013.2
1984033000,8.3,0,0.4,341.6,54,1013.3
1984033006,11.5,0,0.9,28.7,75,1012.9
1984033012,19.1,0,4,119.2,61,1011.3
1984033018,11.6,0,3.1,50,82.5,1012.6
1984033100,6.6,0,3.3,24.9,84.5,1018.6
1984033106,6,0,3.4,20,82,1020.3
1984033112,6.8,0,2.5,13.4,83.5,1020.6
1984033118,5.8,0.1,2.1,0,92,1020.2
1984040100,5.8,0,2.2,356.7,87.5,1020.2
1984040106,6.4,0,2.2,18.2,77.5,1020
1984040112,8,0,3.5,50,59.5,1019.8
1984040118,5.7,0,2,11.5,61,1020.5
1984040200,3.6,0,1.2,6,69,1021.5
1984040206,5.6,0,1.5,100.6,74,1022.8
1984040212,10.2,0,3.4,79.8,49,1022.8
1984040218,7.2,0,1,25.7,64.5,1021.2
1984040300,5.8,0,0,0,76.5,1019.8
1984040306,6.7,0,0,0,82.5,1019.2
1984040312,13.2,0,0.3,8.6,62.5,1018
1984040318,11.1,0,0,0,80,1016.9
1984040400,9.5,0,0,0,93,1016.4
1984040406,10.1,2.2,0.2,3.3,94.5,1014.8
1984040412,12.2,5.5,1.6,35,93,1010.6
1984040418,11.7,3,2.6,24.9,93,1007
1984040500,10.2,5.5,0.9,353.4,94,1002.8
1984040506,10.2,0.2,0.2,355.2,92.5,999.4
1984040512,12.1,0,0.9,116.2,92,1000.4
1984040518,11.4,0,0.8,4.4,86,1005.9
1984040600,8.6,0,4,329.8,52.5,1010.8
1984040606,6.5,0,3.5,353.6,44,1016.4
1984040612,12.4,0,2.8,86.9,28,1017.1
1984040618,8.5,0,0.5,27.5,59.5,1017
1984040700,4.2,0,0.3,337.1,73,1019.2
1984040706,7.5,0,0.1,341.1,48.5,1021.1
1984040712,14.4,0,2.4,122.9,29,1019.9
1984040718,9.7,0,0.8,340,55.5,1019.7
1984040800,8,0,2.5,0,41,1022.2
1984040806,7.8,0,2.2,29.9,63.5,1027.3
1984040812,9.4,0,4.8,70,55,1027.9
1984040818,7,0,2.2,24.9,62.5,1027.5
1984040900,6.1,0,0.6,3.3,76,1026.4
1984040906,7.9,0,0.8,6.6,73.5,1024.3
1984040912,9.6,0.1,2,47.4,70.5,1022.8
1984040918,7.7,0.6,0.1,356.7,88.5,1022.2
1984041000,7.2,0.2,0.2,356.7,92,1021
1984041006,8.6,0,0.2,0,92,1019.4
1984041012,14.1,0,4.2,66.7,57,1018.2
1984041018,9.4,0,0.9,22.6,65,1017
1984041100,5.5,0,0,0,91.5,1016.8
1984041106,10.1,0,1,7.7,85,1016.8
1984041112,18.2,0,4,106.9,34,1014.8
1984041118,11,0,2.6,1.9,44,1017
1984041200,5.8,0,0,0,75.5,1018.2
1984041206,8.3,0,0.2,11.4,79,1019.5
1984041212,14.8,0,3.3,138.4,41,1018.4
1984041218,10.8,0,0.4,4.8,71,1017.2
1984041300,6.9,0,0,0,89,1016.7
1984041306,12,0,0.9,0,72,1016.2
1984041312,18.1,0,3.7,73.7,36.5,1015.2
1984041318,9.4,0,1,19.7,75.5,1016.7
1984041400,5.9,0,0.2,344.4,91.5,1018.1
1984041406,8,0,0.5,263,95,1018.3
1984041412,15.6,0,3.8,125,53,1017.2
1984041418,12.4,0,1,47.9,73,1015.7
1984041500,10.4,0,0.1,0,87.5,1015.8
1984041506,13.9,0,0,0,68.5,1015.9
1984041512,22.1,0,3.8,186.3,37.5,1014
1984041518,18.6,0,1.8,236.8,65.5,1014.9
1984041600,16.1,0,0.7,352.6,83,1016
1984041606,16.7,0,1.6,98.7,79,1017.2
1984041612,20.1,0,2.8,127.1,70,1016.3
1984041618,19.5,0,2.4,141.5,70,1015.2
1984041700,18.2,0,0.6,45.1,81,1016.2
1984041706,19.4,0,2.8,242.3,77,1015.7
1984041712,23.5,0,5.4,200,52,1014.2
1984041718,20.2,0,3.8,209.9,68.5,1014.1
1984041800,19.2,0,3.8,207.1,79,1013.6
1984041806,15.4,10,3.2,64.2,92,1013.7
1984041812,9.7,16.1,4.5,20,92.5,1015.7
1984041818,7,17.6,4.8,20,93.5,1015.3
1984041900,5.9,18.2,3.7,6.6,95,1013.7
1984041906,7.3,1.2,4.7,20,92,1012.2
1984041912,7.6,0.1,3.9,20,87.5,1014.3
1984041918,7.2,0,2.6,6.9,71,1015.6
1984042000,5.3,0,0.6,350,68.5,1017.3
1984042006,9,0,1.1,10,58.5,1018.3
1984042012,13.6,0,2.6,49.1,32,1018.7
1984042018,10.4,0,2.8,13.4,36,1019.3
1984042100,8.8,0,3.6,20,73,1020.5
1984042106,8.9,0,3,20,83,1020.5
1984042112,10.8,0,3.5,45,69,1019
1984042118,8.8,0,2.6,10,73.5,1018.8
1984042200,7.6,0,0.7,353.4,82,1019.4
1984042206,10,0,0.8,16.1,78.5,1019.5
1984042212,16.5,0,3.4,146.6,50,1019.3
1984042218,11.9,0,0.8,29.5,56.5,1018.3
1984042300,7.9,0,0.6,335.4,88,1018.1
1984042306,13.3,0,1.1,17.3,75,1018.8
1984042312,19.6,0,3,93.3,44.5,1018.8
1984042318,13.9,0,1.6,146.6,71,1019.1
1984042400,9,0,0,0,94.5,1019.8
1984042406,13.4,0,0.2,4.8,83.5,1020
1984042412,23.5,0,3.3,111.6,28,1018.4
1984042418,16.3,0,1,42.9,52.5,1017.4
1984042500,12.8,0,0,0,76.5,1018.3
1984042506,13.9,0,0.7,26.9,82,1018.8
1984042512,20.1,0,3.8,135.1,58.5,1018.6
1984042518,16.5,0,0.5,63.2,67,1018.1
1984042600,14.1,0.2,0.1,7.7,82,1017.6
1984042606,15.5,0,1.1,41.3,85.5,1018.5
1984042612,18.6,0,3.4,90,65,1019.1
1984042618,13.5,0,1.2,17.3,82,1019.2
1984042700,10.4,0,0.2,350,94.5,1019.1
1984042706,12.6,0,0.5,32.2,92.5,1019.3
1984042712,22,0,2.6,148.8,50,1017.6
1984042718,15.5,0,0.8,140,66.5,1016.4
1984042800,11.3,0,0,0,92,1016.2
1984042806,13.8,0,0.7,13,85.5,1015.5
1984042812,21,0,3,140,48,1014.3
1984042818,19.1,0,2.1,242,52.5,1013.9
1984042900,15.2,0.4,0.5,29.7,79.5,1013.9
1984042906,14.6,5.5,0.3,310.5,93,1013.6
1984042912,14.5,23.5,3.1,99.7,92.5,1013.8
1984042918,12.1,1.6,0.9,353.4,93,1014.5
1984043000,10.9,0,0.8,350,93,1014.7
1984043006,11.8,0,0.9,6.6,88,1016.2
1984043012,13.4,0,2.5,101.9,76,1016.3
1984043018,12.1,0,2.3,173.4,83.5,1014.8
1984050100,10.3,0,0.8,335.4,90,1012.8
1984050106,11.2,0,1.3,1.3,92,1010.5
1984050112,16.8,0,4.6,333.2,34,1010
1984050118,11.8,0,1.2,336.1,52.5,1011.3
1984050200,9,0,1.7,3.3,77,1013.3
1984050206,12.6,0,3,357,65,1015
1984050212,18,0,4.6,31.6,54.5,1015.2
1984050218,12.7,0,1.5,352.4,65,1016.5
1984050300,8.1,0,0.1,7.7,88,1017.6
1984050306,11.6,0,1.1,70,85,1017.4
1984050312,16.8,0,3.7,140,61.5,1016.2
1984050318,13,0,1.1,118.6,75,1016
1984050400,11.9,0.5,0.5,350,87,1016.3
1984050406,14.3,0.1,1.3,302.6,86,1016.2
1984050412,20.8,0,2.7,146.4,46,1014.2
1984050418,15.4,0,0.7,61.2,76.5,1014.1
1984050500,12.1,0,0.8,321.7,90.5,1013.8
1984050506,15.5,0,1.3,287.7,76,1012.2
1984050512,19.9,0,3.2,83.4,44,1011.8
1984050518,15.1,0,0.7,235.4,61,1011.7
1984050600,9.8,0,0.1,348.6,87,1011.2
1984050606,14.8,0,0.7,27.5,78,1010.2
1984050612,24.4,0,3.7,122.9,40,1007.2
1984050618,18.1,0,0.6,354.4,62.5,1005.9
1984050700,13.2,0,1.2,297.7,71,1007.5
1984050706,17.8,0,0.9,240.6,64,1009.1
1984050712,25.9,0,3.5,140,23.5,1009.2
1984050718,18.7,0,0.9,25,44,1008.9
1984050800,12.3,0,0.3,308.8,72.5,1009.2
1984050806,17.4,0,0.7,73.4,66,1009.6
1984050812,28.7,0,2.9,141.5,43,1007.2
1984050818,20.6,0,2,33.9,53,1008
1984050900,16.1,0,0.5,337.1,66,1010
1984050906,19.1,0,0.9,271.2,68.5,1010.7
1984050912,22.2,0,4.1,65.2,45,1011.2
1984050918,16.1,0,1.9,23.1,74.5,1013.2
1984051000,12.2,0,0.3,313.3,88.5,1014.5
1984051006,15.4,0,1.1,35,77.5,1015.3
1984051012,21.6,0,3,121.8,49,1015
1984051018,15.4,0,1.4,62.5,76.5,1013.5
1984051100,13.2,0,0,0,92,1013.2
1984051106,17.7,0,0.3,8.6,77.5,1013
1984051112,28.4,0,4.4,235.3,30,1012
1984051118,22.3,0,3,212.9,65.5,1011.8
1984051200,20.9,0,3.2,212.6,76,1012.7
1984051206,22.3,0,1.9,130.5,75,1013.2
1984051212,27.2,0,4.2,194.6,49,1011.3
1984051218,19.8,0,2.9,108.6,66.5,1010.7
1984051300,14.4,4,2.2,76.9,91,1010
1984051306,13.6,29.7,0.9,37.7,94,1007.1
1984051312,13.9,26.1,1.4,356.7,93.5,1003.6
1984051318,14.2,0.2,1.6,343.3,89.5,1003.8
1984051400,12.4,0,1.3,13.6,88.5,1006
1984051406,15,0,3.3,10,77.5,1009.3
1984051412,18.5,0,3.3,60,62.5,1009.8
1984051418,14.1,0,1.4,20.3,80.5,1009.9
1984051500,12.6,0,0.2,0,91,1010.3
1984051506,13.5,0,1.4,51.1,87.5,1011.2
1984051512,17.1,0,2.3,65.6,75.5,1011.4
1984051518,14.5,0,2.3,45,84,1011.9
1984051600,12.6,0,1.3,14.7,89.5,1012.6
1984051606,13.3,0,2.8,35,83,1014.6
1984051612,14.5,0,3.5,55.3,74.5,1015.2
1984051618,12.2,0,1.3,26.2,81.5,1015.2
1984051700,7.8,0,0.4,305,93,1016.1
1984051706,11.6,0,0.9,73.4,88,1016.8
1984051712,19.1,0,3.3,135.1,54,1015.9
1984051718,13.9,0,1.1,82.7,71,1014.4
1984051800,10.3,0,0.5,288.7,92.5,1014.4
1984051806,14.5,0,1.1,71.3,80,1014.2
1984051812,20.2,0,4.1,135.1,46,1012.5
1984051818,15.2,0,0.8,328.2,63.5,1011.2
1984051900,9.5,0,0.8,318.2,84.5,1012.1
1984051906,14.8,0,1.6,15,66,1011.9
1984051912,19.8,0,3.8,70,55.5,1012.6
1984051918,15.4,0,0.7,16.2,51.5,1013.2
1984052000,10.6,0,0.2,340.3,80,1014.9
1984052006,16.4,0,2.3,10,72,1016.2
1984052012,21.9,0,5,53.3,43,1016
1984052018,17,0,2,10.1,54,1016.9
1984052100,10.9,0,0.9,312.1,77,1018.9
1984052106,15.5,0,1.6,13.9,66.5,1020.5
1984052112,20.7,0,3.4,43.4,33.5,1020.3
1984052118,16.5,0,1.8,22,42.5,1020
1984052200,12.1,0,1.2,305,66,1020.6
1984052206,17.2,0,2.5,358.9,64,1020.4
1984052212,22.1,0,5.4,70,44.5,1019.3
1984052218,15.8,0,2.1,18,51,1018.4
1984052300,10.8,0,0.5,321.3,74.5,1018.1
1984052306,16.5,0,1.4,315,70,1017.3
1984052312,23,0,3.2,80,35.5,1016
1984052318,16.8,0,1.1,266,58.5,1015.8
1984052400,11.2,0,0.3,305,86,1015.8
1984052406,17,0,1.3,90.9,76,1016.6
1984052412,22.7,0,3.5,140,42.5,1017.2
1984052418,18.1,0,0.8,229.2,47,1016.9
1984052500,12.1,0,0.7,266.7,75,1017.7
1984052506,15.6,0,0.9,321.7,73.5,1018.7
1984052512,21.6,0,2.1,141.8,54.5,1018.3
1984052518,17.1,0,1,295,73,1017.2
1984052600,12.8,0,0.7,265.6,91.5,1017.1
1984052606,17,0,1.1,176.1,82,1016.4
1984052612,24.5,0,3.2,125,43.5,1014.7
1984052618,20.2,0,0.9,25,62,1012.7
1984052700,17.1,0,1.4,57.3,83,1012.4
1984052706,20.1,0,0.6,132.6,76,1011.2
1984052712,25.1,0,4.1,110,44,1009.2
1984052718,19.9,0,2.2,93.9,73,1007.5
1984052800,16.3,0,0.7,285.8,88,1006.9
1984052806,20.3,0,1.3,112.9,81.5,1005.7
1984052812,24.4,0,3.8,116.6,57.5,1003.8
1984052818,20,0.2,1.1,332.5,79,1003.2
1984052900,17.1,0,0.9,346.1,83.5,1004
1984052906,20.9,0,1.8,50,77,1005.8
1984052912,26.3,0,4.2,130.1,53,1006.3
1984052918,20.5,0,1.6,59.8,72.5,1006.5
1984053000,17.7,0,0.1,3.3,89.5,1008.4
1984053006,21.1,0,1,215,80.5,1009.8
1984053012,24.3,0.2,2.4,40.5,65.5,1009.5
1984053018,19.8,7.3,1.6,343.8,86.5,1009.8
1984053100,17.3,1.2,1.1,288.4,93.5,1010.8
1984053106,20.5,0,1,49.7,86,1010.9
1984053112,24.5,0,3.1,132.3,62.5,1010.7
1984053118,20.2,0,1.4,55.1,71.5,1010.2
1984060100,16.3,0,0.2,350,91,1009.9
1984060106,21.6,0,1.2,245,76,1010
1984060112,28.6,0,2.9,130.1,34,1007.8
1984060118,23.3,0,1,103.8,48.5,1006.7
1984060200,19.6,0,0.3,342,77,1005.8
1984060206,22.9,0,1.5,35,71.5,1005.2
1984060212,25.2,0,3.3,50.3,58,1005.7
1984060218,21.3,0,1.3,184.3,75,1004.6
1984060300,17.5,0,0.3,335.2,91.5,1005.2
1984060306,19.7,0,1.3,103.6,91.5,1005.5
1984060312,24.1,0,2.4,114.3,66.5,1006.5
1984060318,19.3,0,1.6,61,81,1007.9
1984060400,18.2,0,1,13.1,90,1009.8
1984060406,19.5,0,1.3,110,86,1010.8
1984060412,26,0,2.6,133.4,56.5,1011.6
1984060418,21.5,0,1.5,140.6,73.5,1012.3
1984060500,20,0,0.5,327.8,89.5,1013.2
1984060506,21.2,0.1,1.2,181.5,87,1014.3
1984060512,26.3,0,3.6,151.9,64,1013.7
1984060518,23,0,2.4,177.7,80.5,1013.6
1984060600,20.5,0,1.5,209.9,93.5,1013.3
1984060606,22.9,0,3,193.4,84.5,1012.6
1984060612,24.5,0,3.7,200,78.5,1011.8
1984060618,23.6,0.8,4.3,204.9,86,1009.5
1984060700,22.8,0.7,3.4,193.4,91,1007.2
1984060706,22,39,2.7,198.4,94.5,1006.2
1984060712,19.5,14,1.1,80,89.5,1008.4
1984060718,16.4,0.2,1.1,229.9,91.5,1009.3
1984060800,14,0,1.2,285.2,95,1010.5
1984060806,20.8,0,2.5,356.7,81.5,1011.4
1984060812,26.3,0,3.1,120,48,1010.2
1984060818,20.6,0,1.2,95.7,68.5,1010.2
1984060900,17.2,0,0.7,6.5,91.5,1009.3
1984060906,18.8,0.1,0.8,189.9,90,1008.2
1984060912,16.8,14.8,1.7,340.1,91.5,1005.9
1984060918,15.9,1,0.6,310,94,1003
1984061000,15.9,0,1.5,318.7,93,1003.5
1984061006,19.5,0,1,245.1,79.5,1005.5
1984061012,28,0,2.7,302.2,39,1006.5
1984061018,23.3,0,1.4,295,46.5,1009.5
1984061100,16.5,0,1.7,300.6,76,1011.8
1984061106,20.9,0,1.1,307.5,71.5,1013.5
1984061112,27.7,0,4,114.9,43.5,1013.2
1984061118,22.8,0,0.9,37.2,57.5,1012.8
1984061200,17.8,0,0.3,333.4,85.5,1012.9
1984061206,21,0,0.6,11,79.5,1013.6
1984061212,29.3,0,2.5,128.7,37,1013
1984061218,22.8,0,1.1,357.3,53.5,1013
1984061300,16.3,0,0.6,288.7,82.5,1012.7
1984061306,21.1,0,1.5,125,74.5,1012.7
1984061312,26.2,0,4.8,70,59,1010.8
1984061318,22.6,0,1.9,359.2,70.5,1010.4
1984061400,19.7,0,1.6,346.4,83.5,1010.9
1984061406,22.3,0,1.9,6.6,78,1010.9
1984061412,25.5,0,4,45.1,58,1008.9
1984061418,21.7,0,2.1,19.7,70,1008.2
1984061500,19.8,0,1.2,0,85.5,1007.4
1984061506,21.4,0,1.5,14.7,86.5,1006.3
1984061512,24.3,0,2.5,40.1,72.5,1005.1
1984061518,21.5,0.2,2,22.6,87,1003.9
1984061600,21.2,0.6,3.2,70,90.5,1001.8
1984061606,20.6,11.8,3.7,76.8,88.5,998.8
1984061612,21.4,37.6,4.5,125,95.5,994.9
1984061618,20.8,5.2,1.3,166.8,94.5,994.3
1984061700,20.7,0,1.9,193.1,89.5,995.3
1984061706,22.5,0,3,217.1,77,996.8
1984061712,27.1,0,4.2,209.9,61,997.3
1984061718,24,0,1.8,146.4,76.5,1000.3
1984061800,21.3,0,0.9,39.5,91,1003.4
1984061806,23.9,0,0.7,13,87,1004.9
1984061812,28.4,0,1.9,95.2,67,1003.7
1984061818,23.8,1.5,1.3,91.2,80,1002.4
1984061900,22.7,1.2,2.2,113.1,94.5,1000.4
1984061906,24.7,1.2,2.5,185.7,90.5,999.3
1984061912,25.1,0.1,1.9,211.6,76,999.8
1984061918,22.5,0,1.3,110,78.5,1002.2
1984062000,18.5,0,0.8,346.2,94,1004.9
1984062006,22.8,0,1.3,33.5,83,1006.6
1984062012,23.7,0,4.2,90,73,1007.4
1984062018,20.1,0,2.6,49.1,86.5,1009.9
1984062100,19.6,0,0.9,14.7,87.5,1010.8
1984062106,20.1,0,2,38.6,86,1011
1984062112,22.1,0,2.7,70,75,1010.3
1984062118,20.7,0,1.1,16.8,77,1009.8
1984062200,19,0,0.2,350,91.5,1009.2
1984062206,19.1,6.4,0.7,316.5,92.5,1008.1
1984062212,21.5,0.3,1.2,90,89.5,1006.8
1984062218,20.5,0,0.4,30.6,89,1005.8
1984062300,19,0,0.3,3.3,94,1005.9
1984062306,21.1,0,1.9,356.6,87.5,1006.9
1984062312,23,0,3.1,24.9,72.5,1007.7
1984062318,20.3,0,2.3,41.5,84,1008.7
1984062400,17,0,0.6,352.2,90,1008.8
1984062406,20,0,1.4,29.1,81,1007.8
1984062412,22.6,0,3.4,66.7,60,1006.8
1984062418,20.6,0.1,0.6,7.9,81,1005.8
1984062500,19.6,2.1,0,0,92.5,1005.2
1984062506,20.6,1,0.6,13.6,89,1005.3
1984062512,20.5,10.8,1.4,72.9,93,1006.3
1984062518,20.2,1.6,0.5,10,91.5,1006.2
1984062600,20.1,18.9,0.7,7.9,94,1005.3
1984062606,21.1,13.4,0.8,23.2,95.5,1004
1984062612,22.4,10.7,0.3,19.5,95,1004.2
1984062618,22,0,0.4,295,93,1003.3
1984062700,20.1,0,0.4,4,93.5,1003.5
1984062706,23.5,0,0.5,25,81.5,1004.4
1984062712,29,0,2.6,108.5,54.5,1004
1984062718,25.8,0,0.9,22.4,66,1003.4
1984062800,21.8,0,0.3,39.6,83.5,1004.3
1984062806,22.3,0,0.6,328.1,81,1003.8
1984062812,24.7,0,1.6,237.1,71.5,1002.9
1984062818,21.8,0,0.6,331,82.5,1002.6
1984062900,18.9,0,1.2,307.2,92,1003.1
1984062906,23,0,1.6,312.9,78.5,1004.4
1984062912,27.9,0,3.4,119.9,51.5,1004.9
1984062918,23.6,0,1.5,72,71.5,1005.3
1984063000,19.7,0,0.2,332.1,92,1006.8
1984063006,23.1,0,1,150.9,86,1008
1984063012,27.4,0,3.4,110,63.5,1008.7
1984063018,23.5,0,1.9,93.9,72.5,1008.5
1984070100,19.2,0,0.5,301.5,91.5,1009.3
1984070106,22,0,1.4,106.4,85.5,1009.8
1984070112,28.7,0,3.6,131.9,68,1008.4
1984070118,25.7,0,2.1,183.3,74,1008.3
1984070200,23.2,0,0.6,80,87.5,1008.8
1984070206,26.6,0,2,168.8,84,1008.5
1984070212,31.4,0,5.1,212.9,61,1006.7
1984070218,28.4,0,4.8,230,72.5,1006.8
1984070300,26.8,0,3.1,203.2,84,1006.4
1984070306,29,0,3.7,225.1,73,1006.1
1984070312,31.8,0,5.8,200,59,1005.5
1984070318,28.3,0,3.6,204.9,73.5,1005.3
1984070400,25.9,0,1.8,173.4,85.5,1005.7
1984070406,28.1,0,3.1,195,78,1005.6
1984070412,28.7,6.6,3.7,190.3,67,1005.9
1984070418,23.3,0.2,1.2,73.9,90.5,1008.2
1984070500,21.7,33.7,0.8,340.5,94.5,1009.4
1984070506,22,0.3,1.2,71.2,93.5,1011.2
1984070512,20.9,28.2,2,32.2,94,1009.8
1984070518,20.7,10.6,1.1,350,95.5,1007.4
1984070600,20.3,3.3,0.2,299.6,95.5,1010.6
1984070606,21.1,0,0.9,32.9,92.5,1011.8
1984070612,23.6,0,1.9,139.1,81.5,1012.2
1984070618,21.8,0,1.1,156,88.5,1010.5
1984070700,21.3,26.3,0.3,11.2,94.5,1009.3
1984070706,22.6,42.5,2,183.3,95.5,1008.1
1984070712,24.7,28,1.1,201.3,95.5,1006.9
1984070718,24.7,0.3,0.9,209.6,92,1006.6
1984070800,24.4,0,1,201.1,89.5,1006
1984070806,26.6,0,2.6,215,80,1005.8
1984070812,27.9,0,2.9,186.6,77,1005.6
1984070818,26.6,0,2.3,224.3,81,1005.3
1984070900,23.4,0,0.5,22.4,92.5,1005.7
1984070906,26.7,0,1.4,256.4,86,1006.8
1984070912,30.6,0,1.4,260,70.5,1007.3
1984070918,26.4,0,0.8,0.6,82,1007.3
1984071000,23.6,0,0.6,5,90,1008.2
1984071006,22.9,0.6,1.4,47.4,89,1009.2
1984071012,21.9,2.4,1.8,58.5,92.5,1008.9
1984071018,20.9,0,0.9,26.2,90,1008.2
1984071100,20.5,1.2,0.1,0,93,1008.3
1984071106,20.6,1.5,0.4,0,94,1008.2
1984071112,21.2,0.4,1.5,35,91,1007.9
1984071118,21,0,0.2,16.2,90,1007.3
1984071200,20,0,0.2,0,92,1006.8
1984071206,21.1,0,0.4,306.4,91,1005.9
1984071212,22.5,1.6,1,148.9,86,1003.3
1984071218,21.6,11,1,170.3,94,1000.1
1984071300,22.8,0.2,0.4,336.3,95,996.8
1984071306,27.1,0,2.1,289.3,88,993.3
1984071312,32.5,0,2.2,334.5,58.5,992.8
1984071318,28.4,0,1.2,28.7,67.5,993
1984071400,23.5,0,0.7,2.1,87.5,995
1984071406,25.1,0,1.3,323.6,85.5,995.7
1984071412,30.6,0,3,140,66,995.2
1984071418,23.8,0,0.7,20.8,84.5,995.2
1984071500,23.3,0,0.3,49.5,93,995.8
1984071506,26.7,0,0.9,140,86.5,996.4
1984071512,33.1,0,2.9,161.6,60,995.7
1984071518,28.2,0,2.3,96,78.5,996.2
1984071600,26.1,0,0.6,135,90,997.8
1984071606,26,0,1.3,140.1,85,998.8
1984071612,32.8,0,2.4,60.6,54,999
1984071618,29.2,0,0.8,24.4,70,1000.2
1984071700,21.7,0,0.6,288.4,80.5,1003.6
1984071706,24,0,1.2,77.2,82,1004.9
1984071712,28,0,2.3,65,68.5,1004.4
1984071718,23.7,0,0.9,22.6,83,1004.4
1984071800,21,0,1.2,10,93,1005.8
1984071806,23.4,0,2,25.5,87,1005.6
1984071812,26.2,0,4.3,66.7,66,1005.6
1984071818,22.6,0,2.8,6.9,78,1005.4
1984071900,22,0,1.7,340,82.5,1006.5
1984071906,23.6,0,2.4,8.1,80.5,1006.6
1984071912,25.9,0,3.6,63.4,71.5,1006.7
1984071918,22.8,0,2.5,357.2,79.5,1006.8
1984072000,21.8,0,1,302.3,86.5,1007.3
1984072006,23.8,0,2,1.4,82.5,1007.3
1984072012,27.1,0,4.6,63.4,67.5,1006.9
1984072018,23.5,0,1.5,10.2,77.5,1006.8
1984072100,20.2,0,0.9,245,92,1007.2
1984072106,23.4,0,1.9,1,83,1007.5
1984072112,27.1,0,3.9,50,65.5,1006.8
1984072118,24,0,2,18.2,78,1007
1984072200,23.1,0,0.8,353.5,87,1007.1
1984072206,23.9,0,2.5,31.8,89.5,1006.5
1984072212,24.1,12.1,2.8,50.3,89.5,1005.2
1984072218,23.8,11.6,3.7,70,94.5,1003.6
1984072300,24.2,15.6,1.2,100.1,94,1001.2
1984072306,26.9,0.4,1,181.3,93,1000.1
1984072312,30.5,0,3,173.9,68,999.1
1984072318,26.6,0,1.4,170.6,77.5,999.1
1984072400,23.9,0,0.7,356.7,91,1000
1984072406,24.2,0,1.4,18.2,87,1001
1984072412,26.7,0,2,64,76.5,1001.4
1984072418,25.1,0,1,159.6,83.5,1001.7
1984072500,24.2,0,0.5,320.7,91.5,1001.6
1984072506,24.2,0,0.5,14,88.5,1002.4
1984072512,29.5,0,3.2,88.9,73.5,1002
1984072518,25.8,0,1.3,41.3,86.5,1003.1
1984072600,23.1,0,0.6,314.2,92,1004.1
1984072606,25.5,0,1.1,71,84.5,1004.2
1984072612,29.9,0,2.9,114.3,68,1004.1
1984072618,26.3,0,1.1,15.1,76.5,1003.8
1984072700,23.7,0,0.6,288.4,92.5,1004.1
1984072706,25.9,0,0.9,55,90,1004
1984072712,30.7,0,3.5,110,71.5,1003.8
1984072718,27.4,0,1.5,54.2,78.5,1003.7
1984072800,25,0,0.4,351.1,89.5,1003.9
1984072806,27,0,0.7,290.6,88,1004.2
1984072812,30.8,0,3.3,112.8,69.5,1004.2
1984072818,27.1,0,1.2,48.7,89.5,1004.5
1984072900,25.2,0,0.9,333.4,92,1005.1
1984072906,26.1,0,1.5,358,89,1006.5
1984072912,29.9,0,3.7,7.7,70.5,1006.7
1984072918,26.8,0,4,3.3,78,1007
1984073000,26.1,0,3.3,0,88,1007.2
1984073006,26.7,0,2.7,13.4,84.5,1008.3
1984073012,30,0,3.8,31.6,68.5,1008.7
1984073018,26.4,0,1.3,7.3,80,1008.8
1984073100,23.8,0,0.9,287.8,89,1009.2
1984073106,26.8,0,2.1,44.1,80,1010.1
1984073112,30,0,2.9,76.6,65.5,1009.9
1984073118,26.3,0,1,15.5,77.5,1009.3
1984080100,23.3,0,0.1,330.5,91.5,1010
1984080106,26,0,0.9,222.2,88.5,1009.5
1984080112,31.7,0,3,114.9,66.5,1008.5
1984080118,27.9,0,1.2,265.5,60.5,1007.3
1984080200,24,0,0.1,348.7,81.5,1008.1
1984080206,25.5,0.1,0.7,170,89.5,1008.5
1984080212,30.4,0,2.8,166.8,72,1008.4
1984080218,28.3,0,1.8,230.2,75.5,1007.7
1984080300,25.8,4.3,0.8,333,89.5,1008.5
1984080306,26.1,1.7,0.8,338.9,89.5,1009.4
1984080312,31.9,0,1.8,115.3,69.5,1009.2
1984080318,29.3,0,1,36.2,80,1009
1984080400,25.4,0,0.4,335.9,93,1009.7
1984080406,27.6,0,1.2,270,84,1010
1984080412,34.3,0,2.5,186.6,53,1008.9
1984080418,28,0,1.4,19.5,75,1008.2
1984080500,25.2,0,0.9,250.1,90.5,1009.4
1984080506,27.4,0,0.7,302.5,87,1009.9
1984080512,33.8,0,3.2,113.7,57,1009.2
1984080518,28.6,0,0.9,20,75.5,1008.8
1984080600,25.2,0,0.4,306.7,90.5,1009.7
1984080606,27.9,0,0.9,237.9,80.5,1010.5
1984080612,34.1,0,2.9,194.1,53,1009
1984080618,29.1,0,1.2,288.1,63,1008.5
1984080700,25.1,0,0.1,0.9,85,1009.3
1984080706,25.4,0,0.6,258.6,89,1010.6
1984080712,31.8,0,3.3,184.3,61.5,1010.1
1984080718,28.5,0,1.5,254.6,70,1009.2
1984080800,25.5,0,0.6,299.3,88.5,1010.4
1984080806,28.1,0,0.8,205,85.5,1011.1
1984080812,33.8,0,2.8,100.2,59,1011.2
1984080818,28.6,0,1.2,26.6,72,1010.7
1984080900,26.6,0,0.5,315,88.5,1011.2
1984080906,30.1,0,0.8,16.5,78,1011.5
1984080912,35.5,0,3,110,52,1010.8
1984080918,30.1,0,0.9,53.3,62,1010.8
1984081000,26.2,0,0.1,348.6,86.5,1011
1984081006,29.7,0,0.9,96.5,80.5,1011.1
1984081012,35.2,0,3.2,110,50.5,1010.2
1984081018,29.5,0,1.5,43.2,67.5,1009.7
1984081100,25.2,0,0.4,306.7,89.5,1009.3
1984081106,28.6,0,0.5,220.2,83.5,1009.9
1984081112,36.3,0,3.1,114.9,47.5,1008.5
1984081118,30.1,0,1.3,5.8,61,1007.6
1984081200,27,0,0.5,279.4,82.5,1007.8
1984081206,29.9,0,0.6,350.3,70.5,1008.8
1984081212,33.7,0,3.9,69.6,49,1008.4
1984081218,28.2,0,2.3,334.3,62,1009.4
1984081300,24.9,0,0.3,332,88.5,1009.8
1984081306,28.3,0,1.5,21.3,83,1009.8
1984081312,31.6,0,3.7,55.3,61.5,1008.3
1984081318,28.7,0,1.2,47.3,83.5,1007.5
1984081400,26.5,0,0.7,295,93,1007.3
1984081406,27.7,0.5,1.4,255.3,89,1007.2
1984081412,32.6,0,3.4,146.6,61,1005.8
1984081418,28.1,0,1.7,182.1,70,1005.6
1984081500,25,0,0.6,270.3,85,1006
1984081506,27.2,0,0.9,175.1,81.5,1005.2
1984081512,28.1,16.7,2.4,192.1,76.5,1004.6
1984081518,26.7,0,1.5,180.9,82.5,1005.5
1984081600,24.4,0.5,0.4,355,93,1006.8
1984081606,24.5,14.7,0.4,38,94,1008.2
1984081612,26.4,1.9,1.6,114.9,86.5,1009.8
1984081618,26.1,0,0.4,348.5,88,1010.5
1984081700,25.5,0,0.2,353.6,92.5,1011.7
1984081706,28.1,0,1.7,130.7,88,1012.8
1984081712,31,0,3.2,60,65.5,1013
1984081718,27,0,2.1,8.1,79.5,1012.8
1984081800,25.5,0,1.4,336.6,89.5,1013.2
1984081806,27.6,0,2.8,353.4,81.5,1013.7
1984081812,29.9,0,3.3,16.7,73,1012.5
1984081818,27.3,0,2.8,0,83,1011.8
1984081900,26.9,0,2.4,11.2,88.5,1011.3
1984081906,27.9,1.2,3.6,45.1,90,1010.8
1984081912,30,0,4.6,40.1,75.5,1009.4
1984081918,27.7,0,3,24.9,82,1008.4
1984082000,27.5,0,3.3,45.1,88,1007.1
1984082006,27.1,3.1,2.5,40.1,92,1006.1
1984082012,28.5,0,3.8,50,80.5,1003.5
1984082018,27.2,1.4,3.1,53.3,87,1000.4
1984082100,26.6,7.4,1.8,70,92,997.2
1984082106,27.1,4.3,4.8,70,88.5,992.1
1984082112,25.8,60.3,6.5,73.3,93,984
1984082118,25.6,12.7,3.2,329.9,94,981.5
1984082200,26.6,0,2.6,270,84.5,987.7
1984082206,27.6,0,2.8,330,73.5,995.3
1984082212,32.5,0,2.3,301.6,54,999.2
1984082218,27.9,0,1,252.4,65,1001
1984082300,23.1,0,0.9,260,90,1003.8
1984082306,25.8,0,0.8,353.7,84,1005.5
1984082312,30.8,0,2.8,103.4,63.5,1005.5
1984082318,26.4,0,1.8,55,78,1006.7
1984082400,24,0,0.6,312,91,1008.1
1984082406,25.5,0,2.1,46,87,1007.8
1984082412,28.9,0,3.8,106.7,71,1007.3
1984082418,26.9,4,2.5,125.6,85.5,1007.3
1984082500,25.3,0.6,0.2,335.2,94,1008
1984082506,27,1.5,1.1,147.3,92.5,1009.8
1984082512,29.6,0,2.7,111.6,77,1009.9
1984082518,25.5,0,2.2,0.9,86,1009.8
1984082600,23.5,24.5,2.4,356.6,92.5,1010.6
1984082606,22.8,48.5,2,336.6,95,1009.3
1984082612,23,19.9,1.8,330,93.5,1009.3
1984082618,22.4,0.9,0.7,295.5,93,1010.5
1984082700,22.3,2.4,0.8,327.7,93,1011.6
1984082706,23.1,10.8,1.5,270,94.5,1012.2
1984082712,25.2,3.9,0.6,21.9,94,1011.9
1984082718,25,0,0.6,339.7,92.5,1010.8
1984082800,24.3,0,0.4,306.6,93.5,1010.3
1984082806,26.3,0,1.7,209.2,93,1010.6
1984082812,32.8,0,2.6,206.2,60.5,1009.1
1984082818,27.7,0,1.5,224.3,83,1008.4
1984082900,24.6,0,0.6,325.9,92,1008.5
1984082906,27.1,0,0.7,90.5,87.5,1009.2
1984082912,30.1,0,3.7,90,70,1008.4
1984082918,25.5,0,1.4,58.5,87,1009.2
1984083000,24.8,0,0.5,78.8,92,1009.5
1984083006,26.1,0,0.9,134.3,90.5,1009.8
1984083012,31.8,0,2.8,77.6,65.5,1009
1984083018,27.7,0,1.3,275.8,77.5,1009.2
1984083100,24.8,0,0.5,337.2,92,1009.8
1984083106,25.5,0,1.4,46.6,90.5,1010.5
1984083112,27.5,0.9,1.5,102.3,82,1010.3
1984083118,26.6,0,0.9,161,89,1009.3
1984090100,25.8,0,2,190,91.5,1007.7
1984090106,26.6,0.4,3.6,183.4,91,1006.4
1984090112,28.6,0.3,4.9,204.9,76.5,1004.9
1984090118,27.5,0.1,3.3,193.4,80,1004.2
1984090200,26.8,1.5,3,183.4,81.5,1004
1984090206,26.9,4.2,4.1,206.6,82,1003.1
1984090212,28.5,1.2,4,218.7,78.5,1002.8
1984090218,23.2,6.4,2,72,92.5,1003.8
1984090300,20.7,60.6,1.5,319,95,1004.9
1984090306,19.9,93.4,1.2,301.1,95,1005.2
1984090312,20,59.8,2,302.8,95,1005.4
1984090318,19.5,19.3,1.4,315.7,94,1006.8
1984090400,19.4,5.6,1.1,308.1,94,1009
1984090406,19.4,1.8,1.8,323.5,95,1009.7
1984090412,22.5,0,2.4,350,77.5,1010.1
1984090418,20.2,0.6,1.1,340,83,1011.4
1984090500,18.3,0.8,0.4,330.6,92.5,1012.5
1984090506,19.5,0,0.8,277,91,1013.7
1984090512,25.3,0,1.6,88.9,65.5,1013.6
1984090518,21.5,0,0.8,42,79.5,1014.4
1984090600,18,0,0.1,348.6,94,1015.4
1984090606,20.2,0,0.3,357.3,94.5,1016.7
1984090612,25.7,0,3.2,110,70,1015.4
1984090618,23,0,1,55,82,1015.1
1984090700,20.8,0.2,0.1,348.6,93.5,1014.3
1984090706,21.4,0.5,1.3,254.6,94.5,1014
1984090712,24.1,0,1.5,115.3,63.5,1012.1
1984090718,20.8,1.1,0.4,4.1,78,1010.1
1984090800,20.4,4.2,1.4,295,93,1007.5
1984090806,21.4,2.1,1.6,336.7,94.5,1006.2
1984090812,23.1,0,1.3,335.5,92.5,1005.7
1984090818,22.8,0.1,0.7,11.9,91,1005.3
1984090900,21.9,2.3,0.4,303.5,94.5,1003.2
1984090906,21.3,20.7,1.8,21.7,95,1000.1
1984090912,24.7,0,2.2,6.5,83.5,999.5
1984090918,23.3,0,0.6,14.1,86,1001.9
1984091000,19.5,0,1.6,344.8,73.5,1003.8
1984091006,20.7,0,2,13.1,53.5,1006.3
1984091012,23.4,0,2.4,299.1,48.5,1007.2
1984091018,19,0,1.4,281.5,69.5,1008.4
1984091100,15.1,0,1,310.9,89,1009.3
1984091106,16.4,0,0.1,7.7,91.5,1010.4
1984091112,23.2,0,1.8,262.6,58,1010
1984091118,19.7,0,0.8,307.7,75,1010.9
1984091200,15.1,0,0.3,315,93,1012
1984091206,17.8,0,1.4,280,87,1012.6
1984091212,26.2,0,2.5,307.8,41.5,1011.2
1984091218,21.3,0,0.9,295,64.5,1011.2
1984091300,18.4,0,0.3,339.2,85.5,1010.4
1984091306,20.4,0,1,272.1,84,1010.3
1984091312,24.2,0,1.6,62.9,57,1010.3
1984091318,21.1,0,0.7,38.6,73,1010.9
1984091400,16.9,0,0.3,341,91,1012.2
1984091406,19.6,0,0.6,22.3,91,1014.1
1984091412,24.9,0,2.8,104.7,59.5,1014.2
1984091418,21,0,0.7,11.9,80,1015.6
1984091500,18.1,0,0.1,7.7,93,1016.4
1984091506,20.9,0,1.3,358.5,89,1017.2
1984091512,25.3,0,3.3,66.7,56.5,1016.5
1984091518,21,0,1.1,17.2,76,1016.8
1984091600,17.6,0,0.4,314.9,91.5,1017
1984091606,20.6,0,0.5,12.1,88.5,1016.9
1984091612,26.1,0,2.7,97.7,57,1015.4
1984091618,21.5,0,0.6,11.9,76,1015.1
1984091700,17.6,0,0.3,323,92,1014.7
1984091706,20,0,0.6,32.4,90,1013.8
1984091712,25.1,0,2,135.1,58.5,1012.7
1984091718,21.9,0,0.7,316.8,76,1011.7
1984091800,19.2,0,0.7,326.2,91,1010.2
1984091806,21.2,0,0.6,357.9,89,1010.5
1984091812,25.7,0,3.1,58.8,58.5,1009.3
1984091818,20.9,0.3,1.5,282.6,88,1011
1984091900,19.5,0,0.7,320.7,90,1012.4
1984091906,20,0,1.8,353.6,88,1014.5
1984091912,21.3,0.3,2.9,10,79,1015.7
1984091918,19.4,0.1,1.7,346.6,91,1016.3
1984092000,17.2,0,0.7,300.6,92,1016.8
1984092006,20,0,0.9,65.5,87,1017.9
1984092012,24.7,0,3,70,63,1017.9
1984092018,20.7,0.9,0.6,7.9,83,1019.1
1984092100,17.1,0,0.1,348.7,94,1019.9
1984092106,19.4,0,0.9,135.3,94,1020.4
1984092112,24.8,0,3.5,60,61.5,1019.8
1984092118,20.8,0,1.9,11.2,82.5,1020.2
1984092200,18.1,0,0.9,353.6,90.5,1020
1984092206,20.4,0,2,11.5,87,1020.1
1984092212,24.5,0,3.8,60,62,1018.8
1984092218,20.2,0,1.5,348.4,80,1017
1984092300,16,0,0.3,332.1,91.5,1016.2
1984092306,18.1,0,0.6,135.1,90,1015.5
1984092312,26.3,0,2.3,131.9,38,1013.1
1984092318,19.7,0,1,220.6,66.5,1012.7
1984092400,14.8,0,0.1,348.6,90.5,1012.3
1984092406,18.2,0,0.6,299.3,87,1011.8
1984092412,26.8,0,2.1,39.6,50.5,1010
1984092418,21.9,0,0.2,6.5,71,1009.9
1984092500,19.3,0,0.7,15.6,83,1010.7
1984092506,20.3,0,0.9,326.5,84,1012.5
1984092512,25,0,2.2,48.4,52.5,1012.8
1984092518,19.9,0,1.1,342.9,77,1014.2
1984092600,16.4,0,0,0,93,1015.6
1984092606,18.3,0.4,1.8,22.2,86.5,1017.4
1984092612,20.3,0.4,3.1,24.9,70,1020.1
1984092618,17,0,1,346.5,66,1020.7
1984092700,15.6,0,0.7,28.7,78.5,1021.3
1984092706,17.9,0,1.1,11.2,85,1021.3
1984092712,21.7,0,3.4,29.9,49.5,1020.9
1984092718,19.9,0,2.5,20,63,1020
1984092800,19.6,0,2.1,40.1,69.5,1019.5
1984092806,21.3,0,3.2,62.1,76,1019
1984092812,22.4,0,3.4,66.7,74.5,1016.4
1984092818,20.4,0,0.2,13.1,80.5,1013.8
1984092900,19.1,8,0.4,357.6,93,1011
1984092906,21.5,23.2,1,277.3,94,1009.3
1984092912,22.9,0.9,0.8,29.7,90,1009.4
1984092918,20,0,1.4,348.4,86.5,1010.6
1984093000,13.6,0,0.8,323,88.5,1012
1984093006,18.5,0,1.6,340.5,74,1013.8
1984093012,24.3,0,3.9,58.8,54,1013.1
1984093018,18.9,0,1.3,321.2,79.5,1013.4
1984100100,16,0,0.2,344.1,93,1014.2
1984100106,18.9,0,1,55,91.5,1014.5
1984100112,23.8,0,1.3,64.2,65.5,1013.8
1984100118,21.1,0,0.7,195,80.5,1014.2
1984100200,18.7,0,0.2,11.2,92,1014.3
1984100206,19.6,0.2,0.5,307,89.5,1013.8
1984100212,20.4,7.9,1.3,212.9,90.5,1011.3
1984100218,21.3,0,1.4,42.4,94.5,1006.3
1984100300,20.7,0,2,326,89,1005.6
1984100306,18.8,3.4,1.8,304.7,76,1008.6
1984100312,19.8,0,2.6,310.4,57.5,1010.8
1984100318,16.8,0,2.5,340,54.5,1011.6
1984100400,14.2,0,3.6,343.3,55.5,1012.9
1984100406,14.5,0,3.9,343.3,46,1015.2
1984100412,20.8,0,2.7,340,36.5,1015.2
1984100418,13.9,0,0.9,319.1,58.5,1016.4
1984100500,11.3,0,2.6,340,56.5,1018.3
1984100506,12.2,0,1.6,18.2,49,1020.9
1984100512,17.6,0,2.9,53.8,34,1021.6
1984100518,12.3,0,0.3,357.1,56,1021.8
1984100600,9.8,0,0.3,0,80,1023
1984100606,13.5,0,1.5,10,75.5,1023.2
1984100612,20,0,4,58.5,43,1021
1984100618,15.1,0,3,3.3,58,1022
1984100700,13.6,6.8,2.9,356.7,80,1022.6
1984100706,14.7,0,3.3,16.7,71,1024.4
1984100712,17.8,0,4.2,48.4,46,1024.1
1984100718,13.4,0,3,3.3,60.5,1023.9
1984100800,10.2,0,0.3,53,79,1023.6
1984100806,13.6,0,1.2,43.6,76,1024.1
1984100812,19.6,0,3.7,55.3,52,1023.3
1984100818,14.4,0,1.6,340.5,71.5,1023.1
1984100900,10.9,0,0.4,58.4,88.5,1023.2
1984100906,14.5,0,1.6,10,82,1023.4
1984100912,20.4,0,3.3,70,53.5,1021.3
1984100918,14.9,0,1,319.8,69.5,1021.7
1984101000,10.8,0,0.2,335.2,86.5,1021.8
1984101006,14.4,0,0.6,12.7,89.5,1021.6
1984101012,21.4,0,3.2,70,44.5,1021.2
1984101018,16,0,1,328.2,75.5,1021.3
1984101100,11.7,0,0.1,4.8,89.5,1021.6
1984101106,15.2,0,1.7,78.1,89,1022.8
1984101112,21.7,0,4.7,32.9,56.5,1022.2
1984101118,18.8,0,3.7,20,64,1022.5
1984101200,18,0,2.7,16.7,72.5,1021.3
1984101206,19,0,3,3.3,78.5,1019.4
1984101212,21.4,0,3.3,46.8,60.5,1017.5
1984101218,17.1,0,1.7,17.9,74,1016.2
1984101300,13.4,0,0.7,229.9,92.5,1015.2
1984101306,16.2,0,1.2,29.8,88.5,1015.8
1984101312,18.5,0.2,3.5,20,64,1015.8
1984101318,14,0,2.1,22.4,76,1017.2
1984101400,13.1,0,0.6,353.7,85.5,1017.5
1984101406,15.5,0,0.6,11.2,84.5,1018.8
1984101412,20.3,0,3.2,66.6,54.5,1018.2
1984101418,16.1,0,2.4,16.7,73,1020.2
1984101500,11.8,0,0.3,340.3,90,1022.1
1984101506,15,0,1.6,71.5,86.5,1023.8
1984101512,20.2,0,3.8,79.8,48.5,1022.1
1984101518,15.4,0,1.3,322.1,67.5,1019.5
1984101600,13,0,0.9,287.7,83,1016.2
1984101606,14.8,0,1,225.3,81,1015
1984101612,21.5,0,1.2,341,41.5,1012.4
1984101618,15.9,0,0.8,327.4,68,1010.4
1984101700,11.8,0,0.3,335.2,81,1010.2
1984101706,13.8,0,0.9,229.5,89.5,1010.8
1984101712,23.6,0,3,330,42.5,1009.1
1984101718,15.6,0,1,338.7,54.5,1011.1
1984101800,12.9,0,2,346.6,70,1014.9
1984101806,16.1,0,3.6,0,56.5,1019.6
1984101812,19.4,0,4.1,51.8,42.5,1021.5
1984101818,15.2,0,2,24.9,66,1023.3
1984101900,14,0,2.2,20,78,1023.9
1984101906,16.2,0,3.9,53.5,67.5,1023.1
1984101912,18.4,0,3.9,55.3,56,1021.1
1984101918,13.7,0,0.8,298.7,74,1018
1984102000,10.3,0,0.4,333.4,87.5,1015.6
1984102006,13.6,0,3.7,266.7,69,1012.7
1984102012,16.7,0,6.3,270,33,1011.1
1984102018,11,0,4,290,34.5,1014
1984102100,8.1,0,2.9,284.7,41.5,1016.2
1984102106,9.1,0,2.3,305.7,45.5,1017.1
1984102112,15.1,0,4.1,332.3,27,1015.3
1984102118,10.2,0,1.8,323.8,30,1015.8
1984102200,6.7,0,1.5,342.1,53,1016.5
1984102206,9.3,0,0.6,213.7,60.5,1017.1
1984102212,20.6,0,3.1,188.2,43.5,1014
1984102218,15.6,0,2.4,240,68,1013.1
1984102300,14.3,0,1.3,250,73,1013.8
1984102306,16.1,0,2.2,268.9,74.5,1014.5
1984102312,23.1,0,3.5,242.1,47,1013.5
1984102318,17.9,0,1.5,288,72.5,1015.7
1984102400,12.5,0,0.7,295,90.5,1018.7
1984102406,13.5,0,0.3,330.6,84,1020.1
1984102412,21,0,0.9,115.8,44.5,1018.9
1984102418,16.3,0,0.5,335.2,79,1018.2
1984102500,12.5,0,0.5,327.8,87.5,1017.9
1984102506,15.7,0,1.7,311,66.5,1018.3
1984102512,24.4,0,2,111.5,29,1017.9
1984102518,15.2,0,0.7,309.2,57,1018.8
1984102600,10.1,0,0.6,278.5,83.5,1019.7
1984102606,14.5,0,2,252.1,85.5,1021
1984102612,20.5,0,3,106.7,57,1018.8
1984102618,14.8,0,0.4,308.8,81,1016.9
1984102700,10.2,0,0,0,93.5,1014.3
1984102706,14,0,0.9,314.9,92,1012
1984102712,21.4,0,3.2,331.9,46,1010.5
1984102718,14.6,0,2,350,37.5,1012.2
1984102800,10.5,0,2.6,353.5,53.5,1013.3
1984102806,11.1,0,2.3,346.8,55.5,1014.3
1984102812,16.4,0,3.8,333.4,37.5,1013.1
1984102818,10,0,1.9,3.4,45.5,1013.3
1984102900,6.8,0,1.6,350.3,53,1015
1984102906,8.4,0,1.6,11.5,60,1016.5
1984102912,15.6,0,3,336.6,31.5,1015
1984102918,9.8,0,2.3,318.1,39,1016.1
1984103000,7.4,0,2.3,356.6,50.5,1017.9
1984103006,8,0,3.5,356.9,53.5,1020.1
1984103012,14.7,0,2.9,326.6,31.5,1019.4
1984103018,7.9,0,1.3,295,34,1020.5
1984103100,4.2,0,1.6,320.5,58,1022.2
1984103106,8.2,0,1.5,301.6,55,1023.7
1984103112,16,0,2.5,35,33,1022.5
1984103118,10.8,0,0.2,348.7,61.5,1021.6
1984110100,8.8,0,0.5,6.6,74,1021.3
1984110106,11.2,0,0.2,348.6,74,1021.3
1984110112,18.5,0,3.3,260,43,1018.6
1984110118,12.5,0,0.7,341,57,1018.7
1984110200,9.7,0,2.7,349.8,45,1021.6
1984110206,9,0,2.5,18.2,36,1024.7
1984110212,14.5,0,2.1,58.5,23.5,1022.9
1984110218,7.5,0,0.2,332.1,49.5,1023.2
1984110300,3.7,0,0.6,323,69,1023.4
1984110306,6.8,0,0.8,236.8,63,1024.1
1984110312,17,0,2,154.5,33,1022.2
1984110318,8.9,0,0.7,220.2,58,1022.8
1984110400,3.5,0,0.3,315,83,1023.4
1984110406,6.3,0,0.2,331.6,81.5,1023.9
1984110412,19.1,0,3.3,156.1,35.5,1021.6
1984110418,11.2,0,0.8,275.5,64.5,1021.3
1984110500,5.2,0,0.2,352.4,87.5,1022.2
1984110506,9.8,0,1,189.3,81,1023.9
1984110512,20,0,2.3,102.4,42,1023.1
1984110518,12.6,0,0.1,353.6,78,1023.7
1984110600,7.7,0,0.3,330.5,91,1023.6
1984110606,10.4,0,0.2,8.6,89.5,1022.8
1984110612,21.2,0,2.5,114.6,44,1019.7
1984110618,12.9,0,0.2,353.6,61.5,1018.3
1984110700,7.8,0,0.1,10,87,1018
1984110706,11.4,0,0.5,340.5,84,1017.2
1984110712,22.2,0,1.8,105,47.5,1014.8
1984110718,15.8,0,0.5,15.7,79,1014.7
1984110800,12.9,0,0.4,343.9,92.5,1014.5
1984110806,15.5,0,0.5,220.2,92.5,1015.2
1984110812,21.8,0,2.4,114.8,57.5,1013.6
1984110818,16.4,0,0.6,348.8,83.5,1014.2
1984110900,12.8,0,0.8,313.3,81,1015.4
1984110906,14.6,0,1.8,330.1,75,1018.1
1984110912,18.7,0,3.2,80.2,47,1018.7
1984110918,14.1,0,1.2,357.1,70.5,1020.5
1984111000,12.2,0,1.1,308.4,82,1021
1984111006,13.7,0,0.7,356.8,88,1020.8
1984111012,14.6,7,0.7,2.4,94.5,1018
1984111018,13.9,10.8,0.3,5.7,95,1014.8
1984111100,13.4,7.6,0.7,6.6,95,1009.8
1984111106,13.8,0.2,2,21.6,91,1012.5
1984111112,16.9,0,2.1,38.9,63,1015
1984111118,12.7,0,0.6,0.6,75,1016.5
1984111200,9.4,0,1.8,18.2,50,1018.6
1984111206,9.9,0,3.3,18.2,48,1022.2
1984111212,13.8,0,3,43.4,44,1023.9
1984111218,9.4,0,1.7,1.1,76.5,1025.8
1984111300,6.2,0,1.3,40.4,69,1026.6
1984111306,7.3,0,0.9,312.4,51.5,1027.9
1984111312,12.7,0,2.6,49.8,35.5,1027.1
1984111318,8,0,1,11.2,56.5,1027.6
1984111400,4.8,0,0.2,18.6,82.5,1027.3
1984111406,7.6,0,0.7,37.8,83.5,1026.2
1984111412,14.1,0,3.3,93.3,67.5,1023.3
1984111418,13.3,0,2,58.5,72,1020.1
1984111500,11,8.3,2,356.7,89.5,1015.8
1984111506,10.9,14,2.8,6.6,94,1013.7
1984111512,11.7,5.5,3.2,13.4,93,1013
1984111518,11,4.2,3,0,91.5,1017.4
1984111600,11.4,0,3.1,16.7,82,1020.2
1984111606,13,0,1.7,10.1,81.5,1022
1984111612,16.5,0,1.9,62.1,64,1021.5
1984111618,11.3,0,0.3,358,82,1021.7
1984111700,7.4,0,0,0,95,1020.8
1984111706,9.1,0,1.3,225,96.5,1020.7
1984111712,17.6,0,2.7,53.3,46.5,1019.3
1984111718,11.2,0,1.1,6.6,70,1020
1984111800,7.7,0,0.1,348.6,88.5,1019.7
1984111806,10.2,0,0.6,82.2,90.5,1019.6
1984111812,16.1,0,3,70,73,1017.8
1984111818,13,0.4,1.4,297.2,85.5,1017.5
1984111900,9.6,0,0.6,344.5,92,1016.5
1984111906,9.8,0,3.5,19.7,83.5,1016.2
1984111912,9.6,0.3,4,20,78.5,1017.7
1984111918,7.7,0.1,4.8,10,80.5,1019.7
1984112000,5.5,0,4.4,0,73.5,1022.4
1984112006,6.6,0,4.1,10,68.5,1023.8
1984112012,8.4,0,4.1,3.3,62.5,1024.2
1984112018,7.4,0,3.2,6.6,67.5,1025.3
1984112100,6.5,0,0.8,334.7,66,1025.2
1984112106,6.3,0,0.9,280.5,83.5,1025.6
1984112112,13.3,0,2.7,346.9,40,1024.4
1984112118,7.3,0,1.5,293.9,47.5,1025.6
1984112200,3.5,0,0.8,304.7,71,1027.2
1984112206,6.1,0,0.6,4.8,80.5,1029.3
1984112212,13.5,0,3.7,66.6,48.5,1029.2
1984112218,8.9,0,0.7,294.6,71,1029.2
1984112300,6.7,0,0,0,86,1028.4
1984112306,7.8,0,0.7,305,89.5,1026.6
1984112312,15.4,0,1,197.6,60,1023.2
1984112318,12.4,0.2,0.5,340,84,1022
1984112400,8.5,0,1.6,340.5,92,1022.2
1984112406,9.1,0,1,357.9,80,1023.2
1984112412,14.4,0,3,10.2,47,1021.6
1984112418,10.2,0,2.7,10,64.5,1022.8
1984112500,7.8,0,2.5,6.6,79.5,1024.6
1984112506,8.4,1.7,2.6,14.7,91.5,1026.7
1984112512,9.8,0.2,2.9,53.3,73.5,1027.7
1984112518,6.8,0,1.4,338,83.5,1028.7
1984112600,3.8,0,0,0,95.5,1028.2
1984112606,4.1,0,0.3,60.6,97,1027.5
1984112612,13.8,0,3.5,260.2,42.5,1023.6
1984112618,9.2,0,0.1,0,58.5,1022.3
1984112700,7.4,0,0.6,0,60.5,1021.1
1984112706,7.2,0,4.5,4.4,52.5,1023
1984112712,9.9,0,3.2,24.3,36.5,1023.9
1984112718,4.4,0,2,326.3,51,1025.1
1984112800,1,0,0.9,355.4,49.5,1025.8
1984112806,2,0,1.3,35,50.5,1026.5
1984112812,9,0,3.2,35,26.5,1025.2
1984112818,4,0,1.5,13.4,44.5,1025.7
1984112900,0.9,0,0.1,3.3,71,1025.3
1984112906,5.1,0,1.8,20.8,72,1025.7
1984112912,12.4,0,2.3,10,33,1023.9
1984112918,6,0,1,340,55,1024.9
1984113000,1.8,0,0.9,320.2,84,1025.2
1984113006,3.9,0,0.3,332,89,1025.2
1984113012,13.9,0,2,171.6,43.5,1022.5
1984113018,7.6,0,0.1,348.7,70.5,1021.3
1984120100,3.4,0,0.2,359.1,89.5,1018.8
1984120106,5.4,0,1.4,330.7,93,1017.2
1984120112,11.9,0,5.8,310.9,32,1014.8
1984120118,7.6,0,3.2,343.4,51,1015.9
1984120200,5.4,0,5.4,320,50,1017.3
1984120206,5.3,0,4.1,333.1,53.5,1020.7
1984120212,9.6,0,3,336,39,1022
1984120218,4.3,0,0.4,352.4,50.5,1024.9
1984120300,-0.6,0,0,0,78.5,1026.2
1984120306,1.5,0,0,0,85,1027.4
1984120312,14.3,0,0.8,256.4,34.5,1025.8
1984120318,6.3,0,0,0,55.5,1025.9
1984120400,1.2,0,0,0,86,1025.1
1984120406,3.5,0,0,0,90,1024.6
1984120412,14.9,0,1.7,350.7,40,1021
1984120418,8.4,0,0,0,65,1021.1
1984120500,7.4,0,0.2,348.7,87,1018.7
1984120506,8.7,0,2.6,7.7,82.5,1017.2
1984120512,8.4,0,5,353.4,40.5,1017.3
1984120518,3.3,0,2.3,336.6,39,1020.2
1984120600,0.1,0,0.9,0,45,1022.3
1984120606,1.6,0,2.1,348.7,63,1023.5
1984120612,8.1,0,4.1,0,63.5,1023.3
1984120618,6.2,0,1.4,7.6,77.5,1024.6
1984120700,4.3,0,0.6,330.5,80,1026.1
1984120706,5.4,0,0.1,11.3,83,1027.8
1984120712,13.4,0,1.1,124.4,54,1026.9
1984120718,7,0,0,0,75.5,1028
1984120800,2.7,0,0.2,348.7,95.5,1027.7
1984120806,3.3,0,0,0,97.5,1027.4
1984120812,14.1,0,1.7,99.3,45,1026.2
1984120818,7.6,0,0.3,7.7,67.5,1025.9
1984120900,2.5,0,0,0,86,1026.1
1984120906,4.3,0,0.3,332.3,88,1025.8
1984120912,13.7,0,3.5,56.6,50,1023.7
1984120918,10.7,0.8,1.4,5,70,1023.2
1984121000,9,1.3,0.7,333.2,91.5,1021.7
1984121006,9.7,0,0.1,348.7,94.5,1019.1
1984121012,14.1,0.4,0.2,24.1,93,1016
1984121018,13.4,0.8,0.4,336.6,92,1016.2
1984121100,11.1,2.1,1.9,21.6,94.5,1016.8
1984121106,10.8,0,2.5,21.6,80.5,1017.3
1984121112,12.9,0,3.7,24.9,64,1016.3
1984121118,9.7,0,3.3,3.3,75.5,1016.4
1984121200,7.3,0,1.4,350,83,1015.8
1984121206,7.3,0,0.8,305,89,1016
1984121212,13.1,0,3.1,6.6,49,1015.2
1984121218,8.6,0,2.2,3.3,64.5,1019.2
1984121300,7.6,0,2.5,15,72.5,1021.5
1984121306,8.9,0,2.2,26.4,75.5,1022.7
1984121312,12.2,0,2.2,84.3,57,1020.2
1984121318,9.2,0,0.9,352.7,68.5,1019
1984121400,9.1,0,1.3,10,75.5,1017.2
1984121406,8.9,0,2.5,14.7,76.5,1018.1
1984121412,9.8,0,2.9,0,62.5,1018.7
1984121418,8.4,0,2.5,3.3,66,1021.4
1984121500,7.3,0,3.9,10,71.5,1023
1984121506,6.8,0.4,3.8,20,84,1024.8
1984121512,8.1,0,3.2,18.2,78.5,1023.8
1984121518,6.5,0.4,2.8,356.8,89.5,1023.3
1984121600,6.2,2.1,1.1,289,94,1021.3
1984121606,7,3.9,1.4,290.3,95.5,1017.9
1984121612,8.6,6.4,1.8,51.2,93,1013.1
1984121618,6.9,0.5,4.5,0,85,1012.9
1984121700,3.5,0,2.4,3.4,74,1015.4
1984121706,3.2,0,1.9,21.6,75.5,1017.5
1984121712,7.7,0,2.7,10,49.5,1017
1984121718,3.5,0,1.7,14.7,60,1017.2
1984121800,3.8,0,2.3,337.1,60,1014.7
1984121806,3.9,0,1.7,348.6,66.5,1014.2
1984121812,3.6,0,6.2,320,45.5,1015.8
1984121818,-0.7,0,2.6,339,40,1020.3
1984121900,-3.3,0,2.4,35.5,46.5,1022.8
1984121906,-2.2,0,0.6,14.7,50,1024.3
1984121912,4.3,0,2,23.3,30.5,1022.7
1984121918,1.3,0,1.9,21.6,33,1023.6
1984122000,-0.8,0,1.6,0.3,45,1023.7
1984122006,0.7,0,1.1,15.2,55,1023.7
1984122012,7.4,0,2.8,357.7,40,1022.3
1984122018,3.5,0,3.1,10,52.5,1022.8
1984122100,2,0,2.8,14.7,52.5,1022.3
1984122106,1.8,0,1.5,44.2,48.5,1022.8
1984122112,4.1,0,1.9,329.7,51,1020.9
1984122118,1.7,0,2.2,3.3,55.5,1020.1
1984122200,-2.6,0,3.8,0,53,1022.3
1984122206,-4.4,0,3.3,343.4,54,1023.2
1984122212,-2,0,2,305,36.5,1023.9
1984122218,-3.1,0,1.6,288,45.5,1020.8
1984122300,-4.1,0,1.2,346.2,60.5,1021
1984122306,-4.2,0,1.2,190.3,58.5,1022.5
1984122312,0.9,0,2.1,345.1,46.5,1020.4
1984122318,-3.1,0,3.7,353.4,48.5,1021.5
1984122400,-6.2,0,2.2,3.4,53.5,1023.5
1984122406,-5.8,0,3.3,336.6,53.5,1024.4
1984122412,-2,0,5.4,333.2,35,1024.2
1984122418,-5.6,0,3.3,340,36,1026.2
1984122500,-6.9,0,5.4,3.3,46.5,1026.8
1984122506,-5.7,0,3,5.9,43.5,1027.4
1984122512,0.4,0,2.9,346.9,31,1025.4
1984122518,-2.3,0,1.6,353.6,33,1025.6
1984122600,-3.3,0,2,10,48,1026.1
1984122606,-3.7,0,0.2,333.4,64.5,1025.9
1984122612,3.1,0,2.2,356.3,46,1024.1
1984122618,0.2,0,2.9,356.6,62.5,1024.4
1984122700,-1.7,0,6.5,350,40.5,1024.2
1984122706,-1.9,0,2.1,357.7,36.5,1024.2
1984122712,2.7,0,4.4,3.4,22.5,1023.2
1984122718,-0.7,0,3.1,356.7,29,1022
1984122800,-2.7,0,4.7,343.4,43,1022.7
1984122806,-3.6,0,3.1,340,46,1023.8
1984122812,-1.6,0,5.2,353.6,39,1022.3
1984122818,-4.3,0,5.5,333.1,38,1022.8
1984122900,-5.8,0,3.6,336.6,48.5,1022.8
1984122906,-4.8,0,4.2,333.2,51.5,1023.2
1984122912,-0.9,0,6.1,343.4,35,1022.3
1984122918,-4.2,0,2.8,323.3,33.5,1023.8
1984123000,-5.9,0,3.8,13.1,45,1025.6
1984123006,-3.7,0,1.6,300.8,56.5,1026
1984123012,3.1,0,3.5,273.3,41,1024.7
1984123018,-1.5,0,0.7,359.4,51,1025.2
1984123100,-4.7,0,1,322.9,68.5,1026.1
1984123106,-4.1,0,0.6,326.4,84.5,1028.1
1984123112,5.9,0,2.8,356.7,38,1026.4
1984123118,0.1,0,0.1,10,51,1027
1985010100,-3.6,0,0.5,342.8,73,1027.8
1985010106,-2.3,0,1,7.1,82,1028.5
1985010112,6.3,0,3.3,3.3,40.5,1027.3
1985010118,1.9,0,1.6,348.7,46,1028.2
1985010200,-2,0,0.1,0,63.5,1028.7
1985010206,-0.6,0,0.2,341.1,64,1029.6
1985010212,8.9,0,0.5,90.9,50,1026.5
1985010218,6.2,0,0.1,348.7,65.5,1024.8
1985010300,2.7,0,1.2,352.5,61.5,1023.4
1985010306,2.8,0,2,23.2,54.5,1023.7
1985010312,7.8,0,3.2,26.6,35,1022
1985010318,3.6,0,2.3,10,39.5,1022.1
1985010400,0.8,0,3.7,7.7,57,1022
1985010406,0.2,0,3.6,11.2,53.5,1022.9
1985010412,4.3,0,5.3,0,32.5,1022.4
1985010418,-0.6,0,2.2,12.8,27.5,1023.8
1985010500,-4.4,0,0.8,11.2,41.5,1024.7
1985010506,-3.2,0,3.5,25,41,1025.8
1985010512,2.6,0,3.8,326.4,24,1023.7
1985010518,0,0,1.7,345.1,25.5,1023.5
1985010600,-1.4,0,3.9,11.2,35.5,1024.8
1985010606,-0.1,0,3.4,23.2,55,1024.9
1985010612,4.4,0,4.1,350.2,39,1023.3
1985010618,0.2,0,3.1,346.9,31.5,1024.8
1985010700,-3,0,3.6,3.3,34.5,1026
1985010706,-3.2,0,4.8,1.3,48.5,1026.9
1985010712,1.4,0,2.6,50,36.5,1025.6
1985010718,-2.4,0,1.8,40,37.5,1025.9
1985010800,-5.5,0,0,0,41,1026.4
1985010806,-4.7,0,1.5,26.6,45.5,1025.8
1985010812,2.3,0,2.8,23.2,29,1024.6
1985010818,-1.9,0,0.4,28.1,36.5,1024.3
1985010900,-4.3,0,1.2,33.8,49.5,1024.8
1985010906,-3.1,0,1.8,32.2,57.5,1025.1
1985010912,4.4,0,1.6,358.8,37.5,1021.8
1985010918,1.4,0,0.5,3.3,45,1019.2
1985011000,0.8,0,1.1,248.7,51.5,1016.4
1985011006,0.5,0,3,349.8,59.5,1017
1985011012,3.9,0,4.1,350,39,1017.2
1985011018,-1.2,0,3.2,350,42,1019.8
1985011100,-4.7,0,2.3,6.6,56.5,1020.8
1985011106,-3.7,0,0.3,6,59,1021.4
1985011112,6.2,0,0.8,48.7,42,1019.1
1985011118,0.6,0,0.2,348.7,65.5,1018.8
1985011200,-1.1,0,0.3,325.6,76,1018
1985011206,2.1,0,3.5,340,67,1016
1985011212,4.2,0,5.4,326.6,37,1017.5
1985011218,-1.1,0,2.4,340,39.5,1021.2
1985011300,-4.9,0,0.9,353.4,36.5,1023.3
1985011306,-5,0,0.6,358.9,44.5,1021.7
1985011312,-1.8,0,4.6,339.6,42,1019.6
1985011318,-6,0,2.6,325,41,1022.5
1985011400,-9.7,0,0,0,54,1023.7
1985011406,-8.7,0,3.8,336.6,66,1024.4
1985011412,-3.8,0,6.1,323.3,33.5,1025.1
1985011418,-6.9,0,0.7,0,40.5,1026.2
1985011500,-10.9,0,0,0,70.5,1025.5
1985011506,-8.3,0,0.2,353.6,79,1024.1
1985011512,5.1,0,5.5,238.8,47,1019.3
1985011518,3.8,0,3.9,235.3,50.5,1017.3
1985011600,1.6,0,4.4,322.7,56.5,1018.5
1985011606,-3.5,0,4.3,6.6,41.5,1023.2
1985011612,1.2,0,5.4,326.6,21.5,1025.1
1985011618,-3.6,0,3.1,346.5,21,1026.6
1985011700,-8,0,3.2,13.4,37.5,1028.7
1985011706,-6.5,0,2.3,10,38.5,1029.1
1985011712,1.7,0,3.9,13.6,23.5,1028.2
1985011718,-2,0,0.9,353.6,22,1028.7
1985011800,-6.9,0,0,0,42.5,1029.5
1985011806,-5.8,0,0.1,355.2,57.5,1029.7
1985011812,5.9,0,2.1,59.3,26.5,1027.3
1985011818,0.4,0,0.1,7.7,51.5,1026.6
1985011900,-2.2,0,0,0,72,1026.1
1985011906,-1.8,0,0,0,81.5,1023.8
1985011912,7.8,0,1.8,236.8,60.5,1018.9
1985011918,5.7,1.5,1.8,321.2,87,1015.5
1985012000,2.4,0,4.3,343.3,62,1016.3
1985012006,1.4,0,2.5,329.8,57.5,1019.6
1985012012,6.3,0,5.9,315.1,29,1020.3
1985012018,1.2,0,1.8,346.8,27,1022.7
1985012100,-2.7,0,0.1,346.9,37,1024.5
1985012106,-2.4,0,0.5,358,49,1025.3
1985012112,7.1,0,1.1,125.6,37.5,1024.2
1985012118,4.2,0,0,0,63.5,1022.4
1985012200,2,0,0,0,68.5,1020.9
1985012206,3.2,0,0.2,3.3,64,1019.7
1985012212,11,0,2,24.6,28.5,1017.4
1985012218,6.3,0,3.3,3.3,22,1018.1
1985012300,0.8,0,0.2,332.3,43,1020.2
1985012306,1.2,0,0.7,336.6,61,1021.9
1985012312,8.8,0,4.1,16.7,25,1020.5
1985012318,3.9,0,2.6,353.6,27,1020.3
1985012400,0.2,0,0.9,324.9,35.5,1021
1985012406,0.5,0,2.2,10,35.5,1021.3
1985012412,5.5,0,4.6,353.2,31.5,1020.7
1985012418,0.3,0,4.4,340,27.5,1022.9
1985012500,-4.1,0,3.6,356.6,32,1024.9
1985012506,-3.8,0,1.6,3.4,32,1025.9
1985012512,4.2,0,3.5,337.2,21.5,1026.1
1985012518,-0.8,0,0.8,356.7,30.5,1026.4
1985012600,-4.7,0,0.4,341.6,61.5,1028.2
1985012606,-3.4,0,0.8,259.3,74,1029.1
1985012612,6.4,0,2.8,54.9,41,1027.7
1985012618,1.4,0,0.4,0.9,65,1027.8
1985012700,-2.1,0,0.3,330.5,83,1027.5
1985012706,-0.2,0,0.3,0,81,1025.3
1985012712,8.5,0,3.7,205.7,46,1021.8
1985012718,5,0,3.1,323.6,68,1020.1
1985012800,-1.1,0,3.7,350,61,1022.7
1985012806,-3.2,0,3.4,328.8,53,1026.1
1985012812,0.6,0,5.3,323.3,33.5,1025.6
1985012818,-3.1,0,4,326.9,30.5,1025.1
1985012900,-5.8,0,8.4,336.7,32,1024.9
1985012906,-5.4,0,4,336.7,37.5,1026.1
1985012912,-2.2,0.6,4.2,346.5,55.5,1021.5
1985012918,-6.9,0,5.1,308.2,49,1021.3
1985013000,-10.2,0,5.2,350.2,47,1024.3
1985013006,-9,0,6,335.7,50.5,1025.1
1985013012,-1.3,0,7.2,318.4,31,1024.3
1985013018,-3.7,0,3.7,333.4,24.5,1024.2
1985013100,-4.7,0,3.9,323.1,41,1023.7
1985013106,-2.1,0,2.5,305.5,55,1022.2
1985013112,5.1,0,3.7,271.3,39.5,1019.2
1985013118,2.2,0,3.2,228.4,47,1016.2
1985020100,-0.4,0,1.5,340.6,62,1014.8
1985020106,4.9,0,4.2,189.3,62.5,1012.8
1985020112,10.6,0,5.9,253.4,37.5,1009.8
1985020118,6,0,2.2,337.2,35.5,1010.9
1985020200,1.9,0,2.2,318.1,49,1013.6
1985020206,1.6,0,1.1,260,49.5,1015.6
1985020212,10,0,3.3,170,30,1014.1
1985020218,5.3,0,1.3,264.9,39,1011.4
1985020300,-0.4,0,0.2,335.8,72.5,1010.6
1985020306,0.3,0,0.4,263,88.5,1012
1985020312,11.2,0,3,278.6,35.5,1012
1985020318,5.8,0,3.3,314.3,24.5,1013.4
1985020400,0.8,0,1.5,319.9,28.5,1015.5
1985020406,2,0,2.3,335.9,41.5,1016.3
1985020412,8.4,0,2,59.3,31.5,1016.3
1985020418,6,0,0.4,340.5,50.5,1015.5
1985020500,5,0,1.5,332.4,59,1013.9
1985020506,5,0.1,0.4,310.4,72,1013.2
1985020512,8.7,0,1.3,16.5,69,1013
1985020518,6.8,0,0.6,336.6,71.5,1013.8
1985020600,2.5,0,0,0,90.5,1013.7
1985020606,2.8,0,0.1,0,93,1013.4
1985020612,12.9,0,2.2,93.1,48,1011.6
1985020618,7.5,0,0.6,241.8,82,1012.3
1985020700,3.8,0,1.7,332.1,72.5,1013.9
1985020706,4.6,0,1.7,337.2,67.5,1016.3
1985020712,9.9,0,4.4,51.8,58,1017.3
1985020718,6.2,0,1.5,307.7,75.5,1018.2
1985020800,5.2,0,0.4,253.2,84.5,1018.4
1985020806,7.1,0,2.8,7.7,75.5,1018.2
1985020812,9.5,0,3.9,29.9,65.5,1016.2
1985020818,9.2,0,4.9,63.4,77,1014.4
1985020900,7.8,2.5,4.7,18.2,92.5,1009.5
1985020906,6,14.8,4.7,356.7,92,1002.7
1985020912,6.9,3.3,4.8,356.7,86,1000.8
1985020918,5.7,0,3.3,350,69.5,1004.6
1985021000,4.1,0,2,326.6,66.5,1006.4
1985021006,2.7,2.6,2,321.8,93.5,1006.9
1985021012,6.1,1.2,4.3,313.4,75,1009.9
1985021018,4.2,0,2.8,316.3,58,1013.7
1985021100,2.3,0,1.1,340,67,1016
1985021106,1.5,0,0.3,341.1,87.5,1018.3
1985021112,8.8,0,2.5,84.3,51.5,1016.4
1985021118,5.6,0,0.9,357.3,69,1016.7
1985021200,2.9,0,0.9,250,87.5,1014.8
1985021206,4.1,0,0.8,150,85.5,1013.4
1985021212,11.2,0,2.7,305,48.5,1009.8
1985021218,5.6,0,2.6,341.1,52,1011
1985021300,1.6,0,0.3,340.5,67.5,1011.3
1985021306,3.2,0,2.7,275,65.5,1011.5
1985021312,5.9,0,6.1,305,35,1012
1985021318,0.3,0,4.9,311.5,46,1015
1985021400,-2.6,0,2.2,353.5,60,1017.6
1985021406,-1.6,0,3,10,53.5,1020
1985021412,6.5,0,3.1,312.4,22.5,1019.7
1985021418,1.8,0,0.6,241.3,42,1018.7
1985021500,-0.3,0,0.9,320.8,52,1018.6
1985021506,1.7,0,0.8,237.5,49,1018.9
1985021512,9.1,0,3.1,71.6,37.5,1017.2
1985021518,5.2,0,0.7,24.5,61,1016.2
1985021600,3,0,0.2,4,78.5,1014.9
1985021606,5.2,0,0.6,5.8,82,1013.9
1985021612,8.9,0,5.3,334.2,54,1012.9
1985021618,3.2,0,3.4,325,33,1017.8
1985021700,-1.7,0,1,340,59.5,1024
1985021706,0,0,2.8,353.2,68.5,1026.7
1985021712,5.2,0,4.1,26.6,57,1027.4
1985021718,3.8,0,2.8,17.3,66,1028.1
1985021800,3.4,0,2.7,11.9,63,1026
1985021806,2.5,0,2.2,343.3,79.5,1025.6
1985021812,3.1,4.5,1.2,346.6,95,1023.9
1985021818,3.2,3.1,2.1,343.1,95,1021.8
1985021900,6,3.3,4.1,29.9,89.5,1018.2
1985021906,6.1,10.6,4.9,18.2,87.5,1015.2
1985021912,7,2.4,5.2,10,77.5,1015.2
1985021918,6.1,0,1,352.4,77,1016
1985022000,5.2,0,0.5,322,84.5,1013.1
1985022006,5.2,0.2,2.8,322.3,78.5,1010.4
1985022012,5.4,0,5.7,296.2,41,1010.4
1985022018,0.9,0,2.4,288.2,34.5,1012
1985022100,-2.6,0,3.7,289.7,41,1013.8
1985022106,-2.5,0,6.6,270,37,1014.8
1985022112,0,0,7.1,281.2,33,1014.5
1985022118,-2.7,0,6.6,276.6,35,1015
1985022200,-4.7,0,4.1,273.3,40,1016.1
1985022206,-4.1,0,3.9,310.1,41.5,1017.6
1985022212,1.7,0,4.8,301.1,27,1017.2
1985022218,-1.1,0,2.2,336.7,32.5,1016.8
1985022300,-3.5,0,3.2,320,44,1017.8
1985022306,-3,0,3.1,280.1,48,1019.7
1985022312,1.6,0,6.1,289.7,24,1018.5
1985022318,-1.9,0,4.4,293.2,40.5,1020.4
1985022400,-5.2,0,3.2,323.5,44.5,1024.2
1985022406,-4.4,0,3.9,329.8,49.5,1027.6
1985022412,3.1,0,2.5,336.9,30.5,1028.7
1985022418,0.1,0,0.9,343.3,33,1029.8
1985022500,-2.7,0,1.7,322.9,45,1031.5
1985022506,-2,0,0.4,336.6,52,1031.5
1985022512,5.8,0,1.9,140,39,1029.9
1985022518,3.1,0,0.9,301.3,67.5,1028.5
1985022600,0.5,0,0.9,305.8,52,1028.4
1985022606,1.1,0,1.8,312.4,40,1029.2
1985022612,6.4,0,2.7,39.4,38,1028.1
1985022618,4.3,0,2.3,339.6,57.5,1029.2
1985022700,3.3,0,1.4,322,73,1028.8
1985022706,6,0,3.3,33.8,66.5,1028.2
1985022712,7,0,5.1,50,57.5,1026.5
1985022718,5.5,3.7,4.6,38.2,85,1024.4
1985022800,4.7,7.6,4.8,29.6,90.5,1022.5
1985022806,5.1,3.8,4.3,13.4,92,1020.9
1985022812,5.8,0.6,3.9,10,90.5,1019.1
1985022818,4.6,2.2,2.4,340,95,1019.2
1985030100,4.2,0.2,1.3,343.3,87.5,1019.7
1985030106,5.1,0,1.5,286.2,86,1019.9
1985030112,10.2,0,2.4,125.5,61,1019
1985030118,7.5,0,0.9,190.4,79.5,1017.6
1985030200,6.1,0,0.3,348.7,93,1016.2
1985030206,6.4,1.4,0.8,270,95,1014.4
1985030212,7.3,6.1,1.8,335.5,95.5,1012.3
1985030218,6.8,1.2,2,341.1,90.5,1013.2
1985030300,6,0,2,336.7,88.5,1015.8
1985030306,6.2,0,3,346.6,82.5,1019.2
1985030312,7.9,0,4.1,43.8,65.5,1022.4
1985030318,5.6,0,0.8,10,76,1023.8
1985030400,2.2,0,0.1,350,92,1025.2
1985030406,3.2,0,0.5,246.1,94,1025.3
1985030412,12,0,2.5,9.5,33.5,1023.5
1985030418,7.6,0,1.3,353.4,30,1022.7
1985030500,4.2,0,0.9,324.8,54,1021.8
1985030506,4.6,0,3.3,343.4,39,1022
1985030512,10.2,0,3.8,325.4,32.5,1020
1985030518,5.5,0,2,355.4,39.5,1020.2
1985030600,0.7,0,3.2,353.4,44,1022.8
1985030606,0.5,0,2.9,10,42.5,1026.2
1985030612,8.9,0,1.6,106.7,31,1025.3
1985030618,6.3,0,1.7,3.4,40.5,1025.6
1985030700,4.4,0,1.3,346.8,50.5,1026.2
1985030706,4.3,0,1.5,346.8,75.5,1028.5
1985030712,8.4,0,0.8,41.6,58,1028.8
1985030718,7.6,0,1.4,51.1,70,1027.7
1985030800,7,13.4,1,19.3,92.5,1025.5
1985030806,7.8,13.9,1.2,270.2,95,1018.5
1985030812,9,3.9,2,335.6,93.5,1015.1
1985030818,6.7,11.3,1.5,0,91.5,1016.9
1985030900,5.8,1,3.6,340,82.5,1019
1985030906,5,0,5.3,339.1,40,1021.7
1985030912,8.3,0,5.8,299.9,23.5,1022.6
1985030918,4.1,0,2.3,336.6,23.5,1025.7
1985031000,-0.6,0,2.4,346.6,33,1030
1985031006,0.5,0,1.3,350,42.5,1032.1
1985031012,7.2,0,4.1,56.4,48,1031.8
1985031018,4.8,0,1,22.4,63.5,1029.8
1985031100,3.9,0,0.5,346.4,71,1030.2
1985031106,3,0.5,0.9,350,82.5,1027.8
1985031112,4.3,0.4,1.9,353.4,81,1025.1
1985031118,3.2,0,0.9,346.9,71,1024.1
1985031200,1,0,3.2,347.8,43,1025.6
1985031206,2.5,0,2.6,346.8,42,1028.1
1985031212,9.7,0,2.6,341.5,50,1027.9
1985031218,5.1,0,0.8,70,38.5,1027.9
1985031300,1.4,0,0.1,330.5,71,1028.9
1985031306,2.7,0,0.7,288.2,74,1028.9
1985031312,8.9,0,1,94.9,38,1027.5
1985031318,6.4,0,0.6,14,55.5,1026
1985031400,4.6,0,1.2,345.5,71,1026.4
1985031406,6,0,4.4,346.6,65.5,1026.8
1985031412,8.3,0,4.5,0,68.5,1026.7
1985031418,6.7,0,2.7,356.7,63,1029.4
1985031500,5.9,0.4,3.1,0,75.5,1031.7
1985031506,5.7,0,4.2,16.7,68.5,1035.1
1985031512,7,0,5.3,20,48.5,1035.3
1985031518,5.3,0,3.9,0,51,1035.5
1985031600,4.9,0,2,353.4,56,1034.4
1985031606,6,0,2.9,356.6,60.5,1032.7
1985031612,8.9,0,2.8,51.8,56,1029
1985031618,6.3,0.3,2.2,3.4,75.5,1027.6
1985031700,4.8,16.9,2.2,341.1,95,1023.7
1985031706,5.9,6.9,2.1,340,93.5,1021.9
1985031712,11.1,0,4,2.8,70,1020.7
1985031718,8.4,0,0.8,331.2,74,1020.8
1985031800,4.1,0,0.5,270.5,93.5,1021.9
1985031806,6.2,0,1.1,341.3,90.5,1022.8
1985031812,11.5,0,5.2,37.1,48,1021.9
1985031818,8.8,0,2.6,6.6,69.5,1022
1985031900,7.8,0,2.2,343.3,73.5,1021.7
1985031906,7.5,0.9,2.8,356.7,82,1023.2
1985031912,9.2,0,2.6,22.4,71,1024.2
1985031918,6.5,0,1,356.8,73.5,1024.2
1985032000,3,0,0.2,332.1,93.5,1024.2
1985032006,5.6,0,0.7,211.4,92,1023.5
1985032012,12.6,0,3,76.4,54.5,1021.2
1985032018,8.6,0,1.5,7.9,66,1020.2
1985032100,2.8,0,0.3,330.5,87.5,1019.5
1985032106,5.6,0,1.5,305,83.5,1019.4
1985032112,13,0,6.6,62.3,41.5,1018.9
1985032118,8.4,0,3,14.7,62,1020.8
1985032200,5.2,0,0.7,280.5,68,1022
1985032206,6.7,0,1.1,357.9,75.5,1022.7
1985032212,10.9,0,4.4,63.4,56.5,1022
1985032218,9.2,0,1.8,23.1,68,1022.3
1985032300,7.9,0,1.9,353.6,76.5,1023
1985032306,9.2,0,3.3,20.2,68.5,1023.8
1985032312,12.1,0,4.9,56.6,53,1023.9
1985032318,8,0,2.3,0.9,64,1025.2
1985032400,4.1,0,1,248.9,85.5,1026.9
1985032406,6,0,1.7,4.3,87,1027.8
1985032412,12.1,0,5.4,70,49.5,1027.5
1985032418,7,0,1.5,10,68.5,1026.2
1985032500,4.3,0,0.7,325.6,88,1024.4
1985032506,8,0.2,1.4,35,93,1019.8
1985032512,15.2,1.4,6.3,195.2,81.5,1012.9
1985032518,14.5,5.7,3.1,264.4,88,1010.2
1985032600,10.3,0,3.4,333.4,73,1013.7
1985032606,10.4,0,3.5,353.8,59.5,1017.6
1985032612,12.4,0,5.3,63.4,61,1016.5
1985032618,9.5,0,2.1,11.2,66.5,1014.2
1985032700,7.9,1.1,2.1,339.7,82,1009.4
1985032706,8.1,9.5,2.3,328.8,95,1005.4
1985032712,11.5,0,2.9,6.8,76,1004.9
1985032718,10.4,0,1.1,215,78,1006.9
1985032800,8.6,0,0.5,305,88.5,1008.9
1985032806,9.7,0,1.2,297.6,83,1010
1985032812,16.8,0,3.2,133.9,42,1009.1
1985032818,12.3,0,2.8,4.4,48,1010
1985032900,8.4,0,3.9,315.1,42.5,1012.4
1985032906,8.4,0,5,308.2,44.5,1013.5
1985032912,12.8,0,4.7,287.7,28,1012.6
1985032918,6.8,0,4.7,310.1,29,1014.6
1985033000,2.1,0,3.4,313.3,40,1018.4
1985033006,3.8,0,4.4,307.1,48.5,1019.8
1985033012,10.6,0,5.9,277.9,31,1018.2
1985033018,7.7,0,4.3,315.1,27.5,1018.2
1985033100,3.1,0,3.2,320,36.5,1021.7
1985033106,4.8,0,3.4,328.5,45.5,1024.4
1985033112,11,0,3.4,71.3,30,1025.3
1985033118,6.5,0,1.5,135.2,43.5,1026.4
1985040100,1.1,0,0.1,348.6,72.5,1028.4
1985040106,5.3,0,1.8,239.8,65.5,1028.9
1985040112,15,0,3.4,127.7,23,1026
1985040118,10.2,0,1.1,280,41.5,1024.3
1985040200,5.8,0,0.3,350,69.5,1024.8
1985040206,7.8,0,0.7,342,71.5,1024.6
1985040212,15.9,0,4.1,173.5,31.5,1023.4
1985040218,12.9,0,1.6,45.6,64.5,1022.7
1985040300,10.7,0,0.2,330.6,79.5,1021.7
1985040306,10.9,9.2,1.3,16.6,92,1018
1985040312,12.7,25.6,4,105.9,93,1010.8
1985040318,13.2,0.2,4,166.8,92,1005.2
1985040400,11,0,2.5,199.5,71.5,1006.8
1985040406,11.2,0,2.3,346.6,60,1009.3
1985040412,14.5,0,3.5,92.1,46.5,1011.6
1985040418,10.4,0,1.4,295,56,1013.5
1985040500,4.5,0,1.1,248.4,86,1015.8
1985040506,7.2,0,2.6,253.3,59.5,1018.9
1985040512,16.2,0,3.7,293.7,25.5,1019.5
1985040518,11.8,0,1.2,332.6,41.5,1020.3
1985040600,6.2,0,1,327.7,65,1021.7
1985040606,8.9,0,0.9,235,65.5,1021.7
1985040612,14,0,2.7,134.4,48,1019.8
1985040618,10.5,0.1,0.9,199.6,73,1016.4
1985040700,9.1,2,0.1,348.7,83,1013.9
1985040706,10,1,0.4,302.3,89.5,1011.9
1985040712,15.4,0,1.4,154.3,70,1008.2
1985040718,12.6,0,0.7,28.7,80,1006.2
1985040800,8.7,0,0,0,94,1006.8
1985040806,12.1,0,0.7,355.6,94,1008
1985040812,22.1,0,3,112.4,40.5,1008.3
1985040818,13.8,0,2.3,209.9,81,1009.8
1985040900,10.1,0,0.5,343.4,93.5,1010.6
1985040906,10.2,0,1.1,160,95,1012.7
1985040912,19,0,3.2,120,62,1012.2
1985040918,14.4,0,1.4,22.4,75.5,1012.8
1985041000,9.8,0,1.1,340,92,1014.9
1985041006,11.4,0,2,0.2,85.5,1015.1
1985041012,13.7,0,5.2,56.6,70,1013.7
1985041018,11.4,0.4,2.5,11.5,74.5,1014
1985041100,10.1,19.9,4.1,0,91.5,1013.4
1985041106,9.6,22.9,6.7,0,92,1012.1
1985041112,8.4,13.2,6.4,0,90,1013.1
1985041118,8.5,1.3,7.5,0,84,1013.9
1985041200,7.9,1,7.8,0,77.5,1014.2
1985041206,7.7,0,8.1,0,64,1013.7
1985041212,9.2,0,9.5,0,53,1012.5
1985041218,8.9,0,7.3,0,51,1011.5
1985041300,8.1,0,5.5,0,65,1012
1985041306,10.9,0,6.1,3.3,59.5,1012
1985041312,16,0,5,3.3,43.5,1012
1985041318,11.2,0,2.5,356.6,53.5,1012.7
1985041400,8.8,0,1.2,350.2,71.5,1012.8
1985041406,10.3,0,2.1,354.6,76,1013.7
1985041412,12.2,0,3.2,18.2,65.5,1014.7
1985041418,11,0,1.7,3.4,62.5,1016.1
1985041500,8,0,0.3,342.7,79.5,1018.2
1985041506,9.7,0,0.9,232,74.5,1019.4
1985041512,16.1,0,3.9,133.4,50,1018.7
1985041518,11.1,0,1.4,78.8,74,1018.9
1985041600,8.5,0,0.3,330.5,92,1018.7
1985041606,9.9,0,0.5,20.4,91,1017.8
1985041612,15.9,0,4.4,110,66,1015.2
1985041618,12.7,0,2.1,151.6,83.5,1012.7
1985041700,9.7,0,0.2,334.8,94,1011.1
1985041706,12.4,0,1.1,281.7,87.5,1009.1
1985041712,18,0,4.9,312.1,35,1006.3
1985041718,10.9,1,3.7,333.2,53.5,1006.9
1985041800,8.6,0,2,340,77,1009.5
1985041806,10.9,0,1,343.4,76,1012.2
1985041812,16.5,0,4.1,119.9,54,1012.5
1985041818,12.6,0,2.1,141.1,63,1012.5
1985041900,9.9,0,0.5,312.8,83,1012.2
1985041906,14.1,0,3.7,191.9,76.5,1012
1985041912,14.1,12.2,2.2,283,84,1010.7
1985041918,13.1,0,1.3,45,79,1009.6
1985042000,9.9,0,2.2,343.4,76.5,1012
1985042006,12.8,0,1.3,149.7,63.5,1015.5
1985042012,18.5,0,3.7,140,45,1016
1985042018,13,0,1.5,123.9,62.5,1016.3
1985042100,8.2,0,0,0,89.5,1015.6
1985042106,12.3,0,0.6,11.4,80.5,1014.5
1985042112,19,0,4.6,114.9,52.5,1011
1985042118,15.7,0,1.5,44.5,68.5,1009.3
1985042200,12.9,0,0.4,348.3,80.5,1009
1985042206,14.5,0,1,170,78.5,1008
1985042212,21.8,0,4.2,128.4,59,1005.4
1985042218,16.9,0,2,72.4,79.5,1004.5
1985042300,12.6,0,0.7,8.5,91.5,1007.3
1985042306,14.9,0,2.1,149.3,80,1008.2
1985042312,18.5,0,4.5,90.3,68,1007.2
1985042318,12.6,0,2.6,336.6,59,1006.3
1985042400,7.8,0,1,343.4,71,1010.5
1985042406,12.1,0,1.7,41,63,1014.3
1985042412,18.1,0,3.9,83.1,31,1015.1
1985042418,12.7,0,1.1,134.3,53.5,1016.5
1985042500,7,0,0.8,257.4,81,1016.3
1985042506,12.2,0,0.9,49.5,72.5,1015.2
1985042512,22.3,0,3.6,104.2,40.5,1011.3
1985042518,18,0,1.3,353.7,51.5,1010.1
1985042600,17.9,0,2.3,212.1,55,1008.5
1985042606,20.4,0,7.2,201.6,65,1005.7
1985042612,17.8,0.5,5.8,260,83,1001.8
1985042618,14.8,0,3.1,305,47,1007.1
1985042700,11.8,0,3.1,321.8,50,1011
1985042706,14.4,0,2.7,321.6,41,1012.5
1985042712,20.7,0,4.3,260,22,1011.8
1985042718,15,0,1.8,10.2,49.5,1012
1985042800,8.8,0,0.9,250,53,1014
1985042806,12.3,0,1.4,203.9,52.5,1015.1
1985042812,19,0,4.6,120,30,1013.8
1985042818,16.4,0,2.8,210.2,33,1012.5
1985042900,13.4,0,2.2,105.2,46,1013.8
1985042906,15.9,0,1.7,24.9,55.5,1016.2
1985042912,20.3,0,4.8,110,45.5,1017.2
1985042918,16.5,0,1.6,129.8,62,1016.5
1985043000,11.6,0,0.4,310.5,63.5,1016.7
1985043006,16.9,0,1.9,135.3,71,1016.8
1985043012,25.5,0,6.1,193.4,31,1015.6
1985043018,20.9,0,3.2,211.8,59.5,1015.2
1985050100,16.6,0,1.2,340.9,80,1016.9
1985050106,19.3,0,2.6,160.2,78.5,1018
1985050112,25.7,0,4.9,186.6,43,1017.1
1985050118,20.5,0,1.6,189.8,48,1016
1985050200,14.6,0,0.6,257.6,78,1016.5
1985050206,18.5,0,0.9,145,77,1017
1985050212,27.1,0,4.4,157,43,1014.7
1985050218,21.6,0,2,242.3,48,1013.8
1985050300,15.1,0,0.2,340.3,73,1015.7
1985050306,18.5,0,1.4,48.2,72,1016
1985050312,26.6,0,4.2,217.7,38.5,1014.4
1985050318,20.9,0,1.4,225,66.5,1013.9
1985050400,17.4,0,0.1,3.3,81,1013.8
1985050406,19.2,0,1,16.1,83,1014.3
1985050412,23.7,0,4.1,128.2,63,1013.2
1985050418,20.5,0,3.5,222.3,58,1012.4
1985050500,17.6,9,2.8,166.6,77,1011.6
1985050506,16.7,24.8,3.5,173.6,93,1010.6
1985050512,18.3,7.2,4,163.4,93.5,1009.1
1985050518,19.8,3.7,3.4,187.9,92.5,1007.2
1985050600,19.7,1.2,2.5,151.1,90.5,1007
1985050606,15.1,37.1,3,51.5,92.5,1009
1985050612,12.4,10.7,2.1,6.6,92,1011.6
1985050618,11.4,5,1.5,343.3,93,1012.2
1985050700,11.3,0,1.1,297.1,93.5,1012
1985050706,12.1,0,0.7,25,92,1012.2
1985050712,13.2,0,0.9,90.6,90,1013.7
1985050718,13.1,0,1.1,224.6,89.5,1014.8
1985050800,11.2,0,0.8,2.4,93.5,1015.9
1985050806,13.5,0,1,281.9,94.5,1016.6
1985050812,21.6,0,3.8,160,49.5,1014.8
1985050818,16.8,0,1.3,62.9,67.5,1013.4
1985050900,13.3,0,0.8,337.1,90,1014.2
1985050906,18.2,0,2.4,105,73.5,1014.8
1985050912,22.5,0,4.1,83.5,45.5,1014.8
1985050918,17.2,0,0.8,7.7,56.5,1014.2
1985051000,12.3,0,0.4,315,77,1014.3
1985051006,14.7,0,0.9,250,79.5,1013.3
1985051012,23.1,0,3.4,157.1,58,1013.2
1985051018,18.7,0,1.4,195,58.5,1012.2
1985051100,12.4,0,0.5,296.6,90.5,1012.7
1985051106,16.9,0,0.7,250,81,1013.8
1985051112,24.5,0,3,121.8,59.5,1013.6
1985051118,17.6,0,1.4,84.9,71.5,1013.2
1985051200,13.9,0,0.4,285.3,90,1014.6
1985051206,18.9,0,2,303.1,83,1014.7
1985051212,26.4,0,6.5,194.7,57.5,1013.2
1985051218,22.8,0,4.1,186.6,73,1011.8
1985051300,22,0,3.8,183.3,77,1010
1985051306,20,20,5.6,176.7,87,1008
1985051312,17.7,24.8,3.8,145,93.5,1005.1
1985051318,12.2,0.8,1.2,343.4,91.5,1007.2
1985051400,12.2,0,0.9,321.2,92,1007.5
1985051406,14,0.1,3.3,356.7,76.5,1008.9
1985051412,17.2,0,6,0,66.5,1011
1985051418,13.6,0,4.9,0,62,1014
1985051500,12.3,0,3,350,76.5,1015.4
1985051506,14.9,0,3.2,3.3,67,1017.6
1985051512,18.1,0,4.4,13.4,36.5,1018.2
1985051518,15.4,0,2.7,345.5,34,1018.8
1985051600,9.2,0,0.1,348.6,68.5,1021
1985051606,15.5,0,2.3,65,58,1023.7
1985051612,23.2,0,4.1,51.8,26,1024
1985051618,18.4,0,1.3,326.9,29,1024
1985051700,10.5,0,0,0,70.5,1024.9
1985051706,16.4,0,0.3,11.3,62,1025.8
1985051712,22.9,0,2.9,83.4,44,1023.6
1985051718,19,0,0.9,18.2,68.5,1021.5
1985051800,12.9,0,0.4,300.8,86,1021.3
1985051806,17.1,0,0.9,241.8,78,1020.4
1985051812,22.9,0,3.1,184.5,44,1017.8
1985051818,18.2,2.7,0.9,334.9,74.5,1015.2
1985051900,16.1,2.1,0.5,231.4,92.5,1012.8
1985051906,17.6,3.6,2.3,149.8,93,1009.7
1985051912,21.4,0.1,2.7,176.6,85,1006.5
1985051918,19.4,3.7,1.2,46.8,87.5,1004.8
1985052000,17.9,0.1,0.7,356.9,94,1004.3
1985052006,17.3,0,1.5,20.9,88.5,1005.5
1985052012,19.2,0,2.9,100,75.5,1006.1
1985052018,15.8,0,3.2,86.8,85,1006.1
1985052100,13.3,0,2,13.6,87,1007.6
1985052106,14,0,2.1,46.8,81.5,1009.5
1985052112,14.4,0,3.2,58.8,71,1011.2
1985052118,13.3,0,0.8,322.4,79,1012.8
1985052200,10.1,0,0.1,0,92.5,1013.8
1985052206,15.4,0,0.9,140.8,84.5,1014.2
1985052212,22,0,3.4,110,47.5,1014
1985052218,16.8,0,1.6,108.9,59.5,1013
1985052300,10.6,0,0.4,276.1,91.5,1013.2
1985052306,14.6,0,0.9,133.9,85.5,1013.4
1985052312,22,0,3.6,126.2,60,1012.5
1985052318,18.8,0,1,71.4,70,1011.4
1985052400,13.7,0,0.1,354.1,88.5,1011.3
1985052406,16.6,0,0.7,100.5,80,1011.2
1985052412,21.6,0,2.4,176.7,58.5,1010.5
1985052418,19.5,0,1.3,160,70.5,1008.8
1985052500,15.6,0,0.7,310.5,90,1007.7
1985052506,19.4,0,1.5,270.3,78,1007.7
1985052512,25.1,0,4.2,115,53,1006.2
1985052518,19.9,0,1.7,3.3,70.5,1005.2
1985052600,17.5,0,2.9,0,74,1007.3
1985052606,17.7,0,3.3,26.6,73,1011.2
1985052612,21.4,0,3.5,59.8,48,1009.9
1985052618,17.1,0,1.5,224.6,56,1008.4
1985052700,13,0,0.2,330.5,80.5,1007
1985052706,17.1,0,1.4,122.4,78.5,1006.8
1985052712,23.5,0,2.8,60,37,1005.9
1985052718,19.4,0,1.4,14.7,32.5,1006.2
1985052800,14.9,0,1,349.6,75.5,1007
1985052806,17.5,0,2.8,350.2,76.5,1007.7
1985052812,20.9,0,4.7,18.2,59,1006.2
1985052818,17,0,4.7,0,71.5,1006.8
1985052900,15.6,0,4.5,0,65,1007.6
1985052906,17.6,0,5.6,356.7,61.5,1008.4
1985052912,19.9,0,6.2,6.6,44.5,1009.9
1985052918,15.2,0,3.7,353.4,59,1011.2
1985053000,13.1,0,2.7,350,80.5,1011.8
1985053006,15.8,0,3.7,25,76,1012
1985053012,19.1,0,4,55.3,51.5,1011
1985053018,15.9,0,2.6,18.2,69.5,1010.3
1985053100,14.1,0,2,333.4,83.5,1010.3
1985053106,17,0,2.7,345.7,80.5,1010.3
1985053112,20.2,0,4.6,45.1,62,1009.8
1985053118,16.5,0,1.9,7.5,77,1010
1985060100,13.4,0,0.7,305.4,88.5,1010.9
1985060106,17.4,0,1.1,161.5,83.5,1011.7
1985060112,22.6,0,3.6,110,58,1011.5
1985060118,18.9,0,1.6,47.9,79,1010.8
1985060200,15.7,0,0.2,330.5,91,1011.4
1985060206,19.4,0,0.5,224.7,82,1012
1985060212,24.5,0,3.7,106.7,57.5,1011.8
1985060218,20.2,0,1.3,46.8,73,1011
1985060300,16.4,0,0.1,350,90.5,1011.7
1985060306,21.4,0,1.6,349.5,77,1012.2
1985060312,26.4,0,3.4,86.7,48.5,1010.8
1985060318,21.5,0.5,2.4,26.8,58.5,1010.6
1985060400,16.9,0,0.7,270.2,86,1011.7
1985060406,19.9,0,1.7,26.1,71,1013.2
1985060412,23.3,0,5.4,56.6,54,1013.3
1985060418,18.8,0,1.3,7.3,68,1013.4
1985060500,13.1,0,0.2,330.6,88,1014.2
1985060506,18.8,0,1.5,160.9,77,1014
1985060512,26,0,3.7,110,42.5,1012.3
1985060518,19.3,0,1.4,199,47,1011.7
1985060600,11.8,0,0.4,259.4,77.5,1011.8
1985060606,18.5,0,1.2,103.3,61.5,1010.5
1985060612,26.2,0,4.4,83.4,46,1007.1
1985060618,21.7,0,1.5,65.7,45.5,1005.5
1985060700,18.6,0,1,2,77.5,1005.1
1985060706,16.7,5.2,1.8,269.1,83.5,1005.7
1985060712,17.1,7,1.9,31.8,93,1005.5
1985060718,16.5,6.8,2.3,28.7,91.5,1003.4
1985060800,16.7,2.1,1.8,356.7,91.5,1002.5
1985060806,18,0,2.2,353.1,89.5,1003.2
1985060812,21.7,0,4.1,50,72,1003.3
1985060818,18.4,0,2.2,3,73.5,1005.5
1985060900,15.4,0,0.7,346.6,87.5,1007.6
1985060906,18.4,0,1.4,0,82,1010.2
1985060912,22.4,0,2.8,46.8,68.5,1010.3
1985060918,19.5,0,1,0,80,1010.8
1985061000,17.2,0,0.3,332.1,92.5,1011.3
1985061006,20.3,0,1,44.2,83,1012
1985061012,24.4,0,3.3,79.8,61.5,1011.4
1985061018,20.9,0,1.5,170.7,77,1010.9
1985061100,18.8,0,1.4,271.8,89,1010.5
1985061106,20.2,0,1.4,350,86,1010.8
1985061112,23.4,0,4.8,43.3,67.5,1010.2
1985061118,20.4,0,1.7,353.6,80.5,1009.4
1985061200,19,0,1.7,336.7,87,1009.9
1985061206,19.7,0,2.1,350.4,84,1009.8
1985061212,22.5,0,3.6,26.6,67,1009
1985061218,19.5,0,2.8,0,81.5,1009.3
1985061300,18.5,0,2,3.4,85,1009.7
1985061306,18.1,0,2.8,6.6,92.5,1009.8
1985061312,18.2,0.1,4.4,0,85.5,1011.2
1985061318,16.1,1.1,3.6,343.3,87,1012
1985061400,14.7,1.5,2.5,333.4,90.5,1012.7
1985061406,15.4,0,3,346.6,84.5,1013.4
1985061412,17.2,0,4.1,3.3,72,1014
1985061418,15.6,0,2.7,350,74,1014.4
1985061500,13.9,0,2.3,323.3,74.5,1015.2
1985061506,15.8,0,3.2,343.3,64,1015.7
1985061512,19.7,0,3.3,45.1,53,1014.3
1985061518,16.4,0,2.2,358.5,69,1013.7
1985061600,12.8,0,0.2,295,90.5,1014
1985061606,16.8,0,0.8,41.7,85.5,1014
1985061612,24.8,0,3.5,93.3,62.5,1013.2
1985061618,21.2,0,1.4,41.3,80,1013.2
1985061700,18.5,0,0.6,265.5,93.5,1014
1985061706,21.1,0,1,152.1,86,1014.2
1985061712,27.5,0,3.6,96.6,50.5,1013
1985061718,22.4,0,1.8,22.4,67,1013
1985061800,18.1,0,0.3,346.9,87.5,1013.8
1985061806,20,0,1.1,315,83.5,1013.6
1985061812,23.7,0,3.9,45.1,67,1012.3
1985061818,20.1,0,2.1,20.7,71.5,1011.2
1985061900,15.4,0,0.8,280.2,91.5,1010.7
1985061906,18.3,0,1,0,90,1010.3
1985061912,22.1,0,3.7,40.1,69,1009.2
1985061918,20.1,0,1,354.5,67,1008.2
1985062000,14.1,0,0.5,21.1,90,1008.6
1985062006,18.2,0,1,135,85,1009.2
1985062012,25.5,0,3.2,106.7,58.5,1008.5
1985062018,20.8,0,1.8,107.7,78,1008.2
1985062100,18.2,0,0.9,268.1,91.5,1008.8
1985062106,21.6,0,0.8,165.9,85,1008.2
1985062112,27.4,0,2.2,70,60.5,1006.8
1985062118,23.4,0.3,0.6,42.4,85,1007.2
1985062200,22.1,0,1.5,159.4,85.5,1008.1
1985062206,22.1,0,1.7,183.3,88,1008.7
1985062212,23,0.3,2.6,176.7,85,1008.3
1985062218,22.7,0,1.5,220.8,76.5,1008
1985062300,20.2,0,0,0,92.5,1008.7
1985062306,20.2,20,1,245.7,94,1009.1
1985062312,20.9,32.5,0.6,48,95,1008.2
1985062318,20.2,22.3,2,125,94.5,1008.1
1985062400,19.9,18.7,0.5,23.2,94,1007.8
1985062406,20,56.1,1.2,48.2,94,1007
1985062412,20.8,25.7,0.6,51.6,94.5,1005.5
1985062418,20.6,5.1,0.7,353.2,94.5,1005.8
1985062500,20.2,3.6,0.7,350,94,1005.4
1985062506,20.7,1.2,1,28.7,93.5,1005.9
1985062512,22.9,0,2.1,16.1,87,1004.9
1985062518,21.9,0,1.2,124.4,85.5,1005.2
1985062600,19.4,0,0,0,93.5,1005.9
1985062606,21.8,0,0.8,150,93.5,1005.7
1985062612,25.6,0,2.7,83.7,76,1005.3
1985062618,21.9,0,1.9,38.2,88.5,1006.2
1985062700,21,0,0.5,0,92.5,1006
1985062706,20.7,5.9,1.3,21.6,93.5,1004.9
1985062712,20.5,27.6,0.5,18.9,93.5,1004.7
1985062718,19.7,5.7,2.3,31.3,94,1003.1
1985062800,19.4,0.5,1.6,340,93.5,1003.3
1985062806,20.6,0,2.1,336.6,89,1004.2
1985062812,22.9,0,3.7,28.5,78.5,1005.4
1985062818,21.2,0,2.2,18.2,83,1005.8
1985062900,19.2,0,0.6,310.5,92,1006
1985062906,21.7,0,1.1,100,85.5,1005.6
1985062912,26.2,0,2.8,90,70.5,1004.2
1985062918,23.5,1.5,1.2,40.7,86.5,1003.7
1985063000,22.8,21.1,0.5,23.1,93.5,1004.2
1985063006,24,1.2,0.7,29.3,94,1002.9
1985063012,24.6,0,3.4,343,77.5,1001.4
1985063018,21.5,0,1.5,323.3,86.5,1001.1
1985070100,19.8,0,1,293.3,89.5,1002.6
1985070106,21.5,0,1.7,86.7,86.5,1004.3
1985070112,26,0,3.8,97.9,74.5,1004.8
1985070118,24.1,0,1.4,141.1,81,1004.1
1985070200,20.9,0,0.2,345.3,92,1005.2
1985070206,23.9,0,1.3,125,87.5,1005.5
1985070212,28,0,3.5,96.6,65.5,1006.8
1985070218,24.2,0,1.5,67.2,83,1006.8
1985070300,22.7,0,1,82.2,93,1006.5
1985070306,22.8,0.8,2.2,26.4,90.5,1006.3
1985070312,22.1,21.5,2.1,35.8,86.5,1005.9
1985070318,20.5,27.9,0.7,343.6,94,1004.7
1985070400,19.9,12.6,0.6,318.1,94,1003.8
1985070406,20.8,0.6,0.3,335.8,94.5,1006.7
1985070412,22.3,0,2.3,16.7,88,1007.5
1985070418,21.5,9.5,0.5,11.2,91.5,1007.8
1985070500,20.9,36.9,0.8,331.2,94.5,1006.4
1985070506,21.2,29.2,0.3,354.4,94.5,1005.7
1985070512,23.9,2.1,1.3,65.5,92,1004.9
1985070518,23.3,0,0.4,3.3,92,1005
1985070600,22.1,0,0.1,0,93.5,1006.2
1985070606,23.2,0,0.6,11.9,93.5,1006.7
1985070612,25,2.1,1.3,169,88,1007.6
1985070618,23,2.3,0.4,51.7,92.5,1007.2
1985070700,22.3,8.2,0.3,45,93.5,1006.5
1985070706,22.6,0.5,1.1,14.7,94,1005
1985070712,23.2,0.3,0.9,37.5,93,1005.7
1985070718,25.4,0,2,167.4,84,1005
1985070800,25.9,0,4.7,193.4,79.5,1004.3
1985070806,26.3,1.4,2.2,243.9,87.5,1006.3
1985070812,31.5,0,3.5,220.4,66,1006
1985070818,27.8,0,1.2,143,79,1006.3
1985070900,24.6,0,1.4,352.3,89,1006.6
1985070906,27,0,1.4,36.3,84.5,1006.5
1985070912,29.8,0.5,2.7,203.2,77,1005.3
1985070918,27.4,0,1.5,235.4,80.5,1004
1985071000,25.2,0,0.9,287.1,88,1004.2
1985071006,26.7,0,2.8,190.1,84.5,1004.1
1985071012,26.8,0.4,3.2,206.6,87.5,1002.3
1985071018,27,0,3.4,209.6,79,1001.4
1985071100,26.1,0,2.6,249.1,84.5,1001.3
1985071106,27.7,0,1.5,80,81,1001.8
1985071112,31.6,0,2,224.6,64,1001.2
1985071118,25.9,6.1,0.5,329.3,83.5,1000.9
1985071200,24.6,0,0.2,7.6,94,1000.7
1985071206,25.2,0,0.3,320.2,92,1000.4
1985071212,25.6,2.7,2.4,187.6,89.5,998.7
1985071218,26.2,0,2.6,185.5,84.5,995.7
1985071300,25.2,0.1,1.1,196.8,88.5,995.2
1985071306,26.2,2.1,1.4,243.4,89,995.7
1985071312,29.3,0,2.5,231.8,77,996
1985071318,26,0,1.2,45.7,81.5,997.3
1985071400,22.1,0,0.2,352.4,91.5,1000.3
1985071406,23.6,0,1.5,130.4,91.5,1003.3
1985071412,28.2,0,3.9,140,71,1003.4
1985071418,24.4,0,1.9,66.6,85,1004.2
1985071500,22.1,0,0.2,354.3,91,1006.2
1985071506,24.6,0,1.2,75,87.5,1007.2
1985071512,28.8,0,3.5,141.8,69,1007.6
1985071518,25.1,0,2,135.9,81,1007.7
1985071600,23.4,0,0.7,271.5,92,1008
1985071606,24.4,0,0.6,301.3,89.5,1007.8
1985071612,30.4,0,3.5,198.2,54,1005.8
1985071618,26.4,0,2.1,195,69.5,1004
1985071700,26.1,0,3.6,236.6,78,1002.3
1985071706,26.7,0,3.1,193.4,85,999.8
1985071712,28,0,4.6,209.9,79,999
1985071718,26.2,0,1.8,143.5,86.5,998.7
1985071800,24.4,0,1.3,283.9,89.5,998.6
1985071806,25.6,0,0.4,332.1,87,1000
1985071812,30,0,2.7,128.4,68,1001
1985071818,24.1,0,1.5,45.7,81.5,1002.2
1985071900,22.1,0,0.1,11.3,94,1004.2
1985071906,25.8,0,0.7,33.6,85.5,1006.2
1985071912,31.4,0,2.4,63.2,61,1006.4
1985071918,26,0,1.1,35.8,71.5,1007.5
1985072000,22.9,0,0,0,86.5,1009.9
1985072006,25.9,0,1.1,100,80.5,1011.9
1985072012,30.4,0,3,93.3,61.5,1011.5
1985072018,25.1,0,1.2,37.7,81,1012.2
1985072100,22.7,0,0.1,356.7,94,1014
1985072106,26.2,0,1.4,170.8,86,1014.3
1985072112,31.8,0,3.7,143.1,65,1013.9
1985072118,28,0,1.2,354.5,68.5,1013.4
1985072200,23.9,0,0.2,356.7,88.5,1013.6
1985072206,27.3,0,0.9,340.3,77.5,1013.6
1985072212,33.8,0,3.7,125,44.5,1011.9
1985072218,27.9,0,1.1,28.5,72,1011
1985072300,24.6,0,0.1,350,86.5,1011.3
1985072306,27.5,0,1,307.5,78.5,1011.5
1985072312,34.1,0,2.9,248.7,47.5,1009.5
1985072318,28.5,0,1.3,359.3,73.5,1008.2
1985072400,25.8,0,1.5,316.9,87,1007.8
1985072406,27.8,0,0.6,324.8,82,1008.2
1985072412,32,0,3.3,124.2,62,1007
1985072418,27.8,0,0.8,34.2,72,1006
1985072500,25.2,0,0,0,87,1005.9
1985072506,27.6,0,0.2,4.8,79.5,1006.2
1985072512,34.4,0,3.7,162,52,1005
1985072518,28.5,0,0.2,355.2,69,1004
1985072600,24.6,0,0.2,3.3,90,1005.2
1985072606,27.5,0,1,109.5,84.5,1006.5
1985072612,33.1,0,3.9,150,59,1006
1985072618,28,0,1.5,119.5,75,1006.2
1985072700,24.4,0,0.2,348.7,91.5,1008.2
1985072706,26.9,0,0.7,32.2,86,1009.3
1985072712,33.5,0,3,143.3,53.5,1009.1
1985072718,29,0,1.9,165.8,67.5,1009.1
1985072800,25.3,0,0,0,89.5,1010.6
1985072806,28.3,0,0.8,348.2,84.5,1011.2
1985072812,34.7,0,3.3,143.3,50.5,1010.9
1985072818,29.8,0,1.1,215,72.5,1010.4
1985072900,25,0,0.1,348.6,90,1010.3
1985072906,28.2,0,0.5,47.6,81,1010.1
1985072912,34.2,0,4.1,135.1,51,1008.7
1985072918,28.9,0,1.6,84.7,72,1008.1
1985073000,25,0,0.1,348.7,90,1007.8
1985073006,28.1,0,0.6,63.7,82,1007.2
1985073012,34.3,0,4.3,114.9,48,1006.4
1985073018,28.4,0,1.3,49.7,70,1005.5
1985073100,24.6,0,0.1,348.6,89.5,1007
1985073106,28.1,0,0.8,33.2,83.5,1007.7
1985073112,35.9,0,4,153.1,50.5,1007
1985073118,30.1,0,1.1,320.7,60.5,1007.2
1985080100,25.6,0,0,0,85.5,1008.2
1985080106,28.3,0,0.6,51.7,80.5,1009.7
1985080112,34,0,4.7,153.2,54,1009.3
1985080118,29.4,0,1.9,216.1,71,1009.2
1985080200,26.2,0,0.2,299.3,88,1009.1
1985080206,26.9,3.3,3.6,198.2,87,1008.4
1985080212,28.4,0.1,5.5,196.7,78.5,1008.4
1985080218,27.5,0,2.3,212.1,81,1008
1985080300,25.7,0,0.7,230.7,89,1008.8
1985080306,27.1,1.5,1.1,250,92.5,1009.9
1985080312,31.2,0,2.8,252.5,68,1009.4
1985080318,28.4,0,1.7,288.4,72,1008.7
1985080400,24.2,0,0.4,11.8,90.5,1008.7
1985080406,27.1,0,0.9,51,83.5,1009.3
1985080412,32.5,0,3.6,143.3,60,1008
1985080418,28.8,0,1.2,158.5,73,1007.2
1985080500,25.8,0,0.1,348.6,89.5,1007.7
1985080506,27.7,0,0.8,107.8,83.5,1006.8
1985080512,28.5,23.6,3.4,76.4,80.5,1006.6
1985080518,25,0,0.7,4.2,81.5,1005.8
1985080600,22.8,0,0.1,353.6,93,1005.2
1985080606,26.9,0,0.6,18.6,87.5,1004.3
1985080612,32.8,0,4.1,140,61.5,1003.5
1985080618,28.6,0,1.7,78.4,77.5,1002.8
1985080700,25.2,0,0.2,350,91.5,1002.2
1985080706,28,0,0.7,60.8,87,1002.3
1985080712,33.3,0,4.4,143.3,61,1001.2
1985080718,29.2,0,1.1,97.7,79,1001.6
1985080800,26,0,0,0,90.5,1003.5
1985080806,27.5,0,1.6,100.5,88.5,1004.2
1985080812,30.9,0,3.7,110,72,1004.6
1985080818,27.9,0,2.1,109.8,80,1005
1985080900,26.7,0.7,1,156.7,91,1005.8
1985080906,28,0,3,119.9,85,1006.8
1985080912,31,0,4.8,143.3,65,1007.2
1985080918,28,0,2.7,128.4,76,1006.9
1985081000,26.8,0,3.5,153.4,84.5,1006.1
1985081006,26,4,4.7,143.3,91.5,1005.2
1985081012,25.5,12.8,7.4,146.4,93,1002.8
1985081018,25.3,20,5.6,186.6,94,999.3
1985081100,24.8,0,1,223.3,86.5,1000.6
1985081106,25.9,0,1.6,43.2,89,1003.2
1985081112,26.1,0,4.1,65.7,73.5,1004.4
1985081118,24.2,0,1.4,34.5,76,1005.7
1985081200,22.4,0,0.2,350,90.5,1006.8
1985081206,23.7,2.3,0.2,344.8,89.5,1007.3
1985081212,25.5,7.4,1.5,143.7,93.5,1008.3
1985081218,25.8,2,1.2,55,90,1009.1
1985081300,25.1,1.1,0.6,355,93,1008.9
1985081306,27.5,0,3.5,73.1,89.5,1008.9
1985081312,30.5,0,4.5,100,67.5,1007.9
1985081318,27.6,0,5.1,100,76,1006.7
1985081400,26.8,0,7.2,135.1,82,1005.5
1985081406,26.5,0,6.8,140,87,1003.2
1985081412,26.4,7.6,6.1,176.7,87.5,1001.9
1985081418,26.2,0.2,2.8,217.1,91,1003.1
1985081500,26.2,0,2.7,218.2,84,1004.2
1985081506,26.9,3.7,3.1,186.8,87,1004.5
1985081512,27.5,0.3,1.8,325,86,1005.1
1985081518,26.4,0,0.8,48.7,87,1005.1
1985081600,24.9,0,0.1,11.3,93,1006.2
1985081606,26,3.7,1.1,63.3,87.5,1006.9
1985081612,24.6,27.3,1.2,170,92,1007.7
1985081618,23.9,10,0.8,58.2,93,1007.8
1985081700,24,12.7,1,250.5,92,1008.3
1985081706,24.8,30.3,2,100.7,94.5,1009
1985081712,27.7,0,3.1,145.3,84,1009.6
1985081718,26,0,0.8,28.1,87,1010.5
1985081800,23.8,0,0,0,93,1011.4
1985081806,25.4,0,0.5,219.1,93,1011.7
1985081812,30.7,0,3.6,119.9,76,1011.2
1985081818,27.5,0,1.5,171.8,85,1011.3
1985081900,25,0,0.5,324.2,93,1011.9
1985081906,27.4,0,1.4,35,88.5,1011.7
1985081912,30.9,0,3.9,90.9,70.5,1010.3
1985081918,27.7,0,2,67.2,87,1010.8
1985082000,25.5,0,0,0,91.5,1011.7
1985082006,27.5,0,0.4,235,88,1012
1985082012,31.9,0,3.6,198.2,60.5,1011.2
1985082018,27.8,0,1.5,286.9,71,1011.5
1985082100,24.3,0,0.2,346.9,91.5,1012.6
1985082106,27.8,0,1.4,290.9,82.5,1012.4
1985082112,32.7,0,3.3,212.8,53.5,1012
1985082118,27.8,0,1.5,74.8,70,1012.5
1985082200,24.9,0,0.5,350,89.5,1013.7
1985082206,27.4,0,0.6,18.4,86.5,1014.1
1985082212,32,0,3.2,137.4,57.5,1013.2
1985082218,27.8,0,0.8,17.6,77.5,1013.4
1985082300,25.2,0,0.5,333,90.5,1014.6
1985082306,27.2,0,1,133.7,87.5,1015.7
1985082312,31.5,0,2.4,170,55,1015.2
1985082318,27.6,0,0.9,62.1,67,1015
1985082400,23.5,0,0.1,333.4,89,1015.2
1985082406,25.9,0,0.3,28.9,86.5,1015.4
1985082412,31.8,0,3.1,153.4,53.5,1014.2
1985082418,27,0,0.8,202.3,70,1013.3
1985082500,23.2,0,0.4,304.7,89.5,1013.5
1985082506,26.1,0,0.4,23.2,87,1012.9
1985082512,32.2,0,3.3,166.6,56.5,1011
1985082518,27.6,0,0.8,180.3,77,1010.7
1985082600,23.7,0,0.1,4.8,92.5,1011.2
1985082606,26.4,0,0.7,333.2,84.5,1010.5
1985082612,32.4,0,2.5,95.6,59,1008.5
1985082618,28.2,0,1.3,350.4,79.5,1008.1
1985082700,24.5,0,0.2,0,89,1008.1
1985082706,26.5,0,1,353.3,78,1007.6
1985082712,31.6,0,2.2,109.3,57,1005.8
1985082718,28,0,1.2,80.6,65,1005.7
1985082800,24.9,0,0.3,341,87,1006
1985082806,26.5,0,1,271.3,86.5,1005.5
1985082812,32.3,0,3.8,163.3,61.5,1004.5
1985082818,27.8,0,0.8,70,76,1004.8
1985082900,24.4,0,1.4,21.6,88,1007.2
1985082906,24.9,0,2,21.6,82,1008.9
1985082912,28.2,0,3.3,70,69,1009
1985082918,24.9,0,1.3,21.6,80.5,1009.6
1985083000,23.7,0,1.3,7.5,90,1010.1
1985083006,25.3,0,2.4,31.8,85.5,1009.7
1985083012,27.7,0,4.3,53.3,75,1008.8
1985083018,25.8,0,3.5,50,83,1007.8
1985083100,25,0.8,4.1,50,88.5,1006.5
1985083106,25.7,0.4,4.9,50,90.5,1002.9
1985083112,25.3,17.3,5.6,20,89,996.8
1985083118,25.4,0,0.2,3.8,90,1001.3
1985090100,24,0.1,1.8,40.7,90.5,1004.6
1985090106,25,0,2.3,40.1,84.5,1007.2
1985090112,25.7,0,2.2,73.3,77.5,1009.8
1985090118,24.1,0,0.9,12.4,85.5,1011.8
1985090200,23.5,1.9,0.8,27.6,91,1013.3
1985090206,23.7,18.1,3.3,93.4,93,1013.8
1985090212,24.5,122.7,2.2,71.9,94.5,1013.8
1985090218,24.4,6.7,0.1,8.6,94.5,1014.8
1985090300,24.2,2.3,0.4,60.7,94,1015.6
1985090306,26.4,0.3,1.8,253.3,94,1015.2
1985090312,29.9,0.1,4.9,260,75.5,1015
1985090318,27.1,0,2.4,250.6,77.5,1015.8
1985090400,24.2,0,0.3,317.9,91.5,1015.8
1985090406,26.4,0,1.1,333.4,87.5,1016
1985090412,32.5,0,3.8,253.4,56,1013.8
1985090418,27.3,0,1.6,320.8,74,1013.3
1985090500,23.8,0,0.8,72.4,88,1013.8
1985090506,26,0,1.4,217.6,83,1013.2
1985090512,31.1,0,3.5,163.3,60.5,1011.7
1985090518,26.9,0,0.8,149.7,76,1010.8
1985090600,22.8,0,0,0,92,1010.7
1985090606,25.5,0,1.5,234.8,86,1010
1985090612,32,0,4,253.4,51,1008.5
1985090618,27,0,1.6,226.7,79,1008.3
1985090700,25.1,7.9,1.4,332.1,88.5,1007.8
1985090706,24.2,0.2,0.7,322.4,87,1007
1985090712,28.7,0,3.2,135.1,67.5,1006.4
1985090718,25.1,0,0.8,49.8,80.5,1007.5
1985090800,22.1,0,0.1,342.8,93.5,1008.9
1985090806,23.8,0,0.6,99.5,86.5,1010.5
1985090812,29.3,0,3.9,163.3,66,1010.3
1985090818,25.6,0,0.8,360,78.5,1011
1985090900,21.7,0,0.2,338.1,92,1012.1
1985090906,23.5,0,0.3,307.5,89.5,1013.1
1985090912,31.3,0,2.8,234.8,48,1012.3
1985090918,26.2,0,0.3,350,57.5,1012.9
1985091000,21.5,0,0,0,83.5,1014.1
1985091006,23.3,0,0.3,11,86.5,1014.7
1985091012,29.8,0,2.2,150.3,64,1012.8
1985091018,27.6,0,3.6,250,76.5,1010.2
1985091100,26.6,0.2,1.9,273.7,82,1008.8
1985091106,28.1,0.1,1.5,252.4,81,1008.2
1985091112,29.9,0,3.4,326.9,64,1007.3
1985091118,26.5,0,0.8,50.2,83,1007.1
1985091200,24.9,0,0.5,348.4,91,1006.9
1985091206,25.6,0,2.1,28.5,69,1008.2
1985091212,30.2,0,2.9,0.4,38,1008.9
1985091218,24.6,0,0.9,18.6,53.5,1010.5
1985091300,20,0,0.2,352.4,67.5,1012.1
1985091306,23.4,0,1.1,25.7,68,1013.5
1985091312,26,0,5.2,86.7,59.5,1013.9
1985091318,23,0,2,63.2,68,1015.1
1985091400,20.8,0,0.8,331.8,75.5,1016.8
1985091406,22.2,0,1.7,343.3,80,1017.8
1985091412,24.7,0,3.6,76.9,58.5,1017.9
1985091418,21.9,0,1.2,31.8,65,1018.4
1985091500,20.9,0,0.4,341.6,75,1017.8
1985091506,20.9,3.5,2.2,7.5,83,1017.4
1985091512,19.5,7,2.1,0,93.5,1017.3
1985091518,19.1,5.5,1.2,325.7,93,1016
1985091600,19.4,6.3,1.9,359.3,94,1015.5
1985091606,19.7,14.5,1.5,21.6,93.5,1017
1985091612,21.1,0.9,1.4,23.2,90.5,1017.7
1985091618,21.1,0,1.8,11.1,87,1018.8
1985091700,20.4,1.6,1.2,0,89.5,1019
1985091706,20.4,3.6,0.5,347.6,94,1018.6
1985091712,22,1,0.6,318.4,94,1016.5
1985091718,21.8,0,0,0,92.5,1014.6
1985091800,21.8,0,1.2,280,90,1013.2
1985091806,23,0,0.6,18.4,87,1013.2
1985091812,24.9,1,0.3,62.7,86,1012.7
1985091818,22.2,47.7,1.2,25,93,1012.8
1985091900,21.5,18.6,1,23.9,94,1012
1985091906,21.1,30.5,2.8,30.2,93,1010.4
1985091912,20.6,41.6,3.4,353.7,93,1007.8
1985091918,19.5,1.3,1.3,0,92.5,1010.5
1985092000,18.9,1.3,1.3,310.7,93,1012
1985092006,19.9,0,1,340.5,93.5,1013.5
1985092012,23.7,0,2.2,76.1,76.5,1013.9
1985092018,21.4,0,0.7,16.2,86,1015.4
1985092100,19,0,0.1,11.4,93,1016.4
1985092106,21.2,0,1.8,29.9,83.5,1018.2
1985092112,24.5,0,3.3,86.7,59.5,1018.1
1985092118,21.9,0.1,2,18.2,79,1018.9
1985092200,20.3,0,1.7,6.6,86,1018
1985092206,20.3,0,3.2,16.7,81.5,1018.1
1985092212,20.8,0,3.7,20,68.5,1017.1
1985092218,19,0,2.8,16.7,74.5,1016.8
1985092300,18.4,0,3.3,13.4,70,1016.5
1985092306,20.4,0,3.1,19,73,1016.5
1985092312,22.7,0,5.4,76.8,69,1015.5
1985092318,19.3,3.8,4.9,53.3,87.5,1016.2
1985092400,17.8,1.3,4.2,20,90,1016.1
1985092406,18,2.1,3.9,10,92.5,1016.1
1985092412,20.1,0,3.5,0,81,1015.5
1985092418,19.1,0,1.6,341.3,77.5,1016.2
1985092500,17.8,0,0.3,348.7,88,1016.5
1985092506,19.6,0,1.6,14.7,82.5,1017.2
1985092512,24.9,0,2.5,22.6,48.5,1016.8
1985092518,19.3,0,0.2,11.3,72.5,1019.1
1985092600,15.3,0,0.2,323,91.5,1020.7
1985092606,17.9,0,1.5,18.2,83.5,1022.1
1985092612,21.8,0,3.3,51.8,64,1022.2
1985092618,19.1,0,1.9,29.9,64.5,1022.3
1985092700,17.2,0,1.4,1,80.5,1022.2
1985092706,19.7,0,3.6,23.7,75,1021.7
1985092712,22.1,0,4.9,58.5,64,1020.1
1985092718,19.3,0,1.8,3.3,72.5,1019.7
1985092800,18.8,0,2.1,10,79.5,1018.1
1985092806,19,1.7,1.6,18.2,84.5,1016.6
1985092812,20.4,0.7,2.6,10,87,1014.3
1985092818,17.7,1.9,1.7,13.4,90,1013.5
1985092900,17.2,0,2.2,13.4,88.5,1013.3
1985092906,18.8,0,1.5,13.9,81.5,1013.3
1985092912,24.6,0,3.4,350,46.5,1011.9
1985092918,18.3,0,2.9,0,53.5,1012.2
1985093000,14.4,0,3.9,0,49,1013.7
1985093006,16.5,0,0.8,8.6,56.5,1014.4
1985093012,23.1,0,4.4,218.5,39,1012.4
1985093018,17.8,0,2,273.4,57.5,1011.9
1985100100,13.6,0,2.3,353.6,61,1013.8
1985100106,14.3,0,3,336.6,63.5,1015.7
1985100112,20.4,0,5.1,333.1,36,1014.7
1985100118,13.9,0,1.5,325,53.5,1016.1
1985100200,9.7,0,0.8,276.8,84,1017.4
1985100206,13.3,0,0.9,11.9,80,1019
1985100212,22.1,0,2.6,148.1,38.5,1018.3
1985100218,15.5,0,0.5,315,68.5,1018.8
1985100300,9.8,0,0.6,308.1,82.5,1019.5
1985100306,12.9,0,1.3,294.6,78,1019.2
1985100312,23.9,0,1.5,137.5,34.5,1018
1985100318,16.4,0,0.3,315,63.5,1018
1985100400,11.9,0,0.2,333.4,91,1018.8
1985100406,14.5,0,0.4,318.7,86,1018.2
1985100412,19.1,0,0.3,353.5,70,1017.7
1985100418,16.5,0,1.3,292.4,75,1017.9
1985100500,14.2,3.6,0.6,295,84,1016.8
1985100506,14.9,40.9,4.1,47.6,94,1015.4
1985100512,16.6,69.4,8.9,50,90,1007.9
1985100518,18.4,5.6,6.9,14.7,90.5,999.2
1985100600,18,0.8,1.7,315,86.5,1003
1985100606,17.5,2.6,0.3,19.5,93.5,1005.2
1985100612,16.5,6.4,0.9,119.7,92.5,1006.3
1985100618,15.7,2,0.1,11.3,91.5,1009.2
1985100700,13.6,0,0.3,7.3,93.5,1010.1
1985100706,15.7,0,0.8,342.2,93,1010.3
1985100712,24.1,0,2.9,336,35.5,1010.8
1985100718,17.5,0,0.1,0,68,1012.8
1985100800,13.1,0,0,0,90.5,1014.5
1985100806,16.1,0,0.3,330.5,85.5,1016.5
1985100812,26,0,1.2,270.8,42,1016.7
1985100818,19.5,0,0,0,79.5,1017.2
1985100900,14.1,0,0.1,348.7,92,1018.3
1985100906,15.8,0,0,0,90.5,1019.3
1985100912,25.4,0,2.1,214.1,42,1018.2
1985100918,21.2,0,0.7,307,80.5,1018.7
1985101000,19,0,0,0,91,1018.9
1985101006,20.1,4.5,0.1,348.6,92.5,1018.2
1985101012,21.5,23.1,2,219.5,92.5,1015.6
1985101018,21.4,49.1,2.1,243,92.5,1014.1
1985101100,21.3,9.1,0.7,116.1,92.5,1014.1
1985101106,21.9,1.2,1.4,78.3,93,1014.8
1985101112,21,18,1.5,73.4,91.5,1016
1985101118,20.4,0.7,0.1,10,92,1016.2
1985101200,19.7,0,0,0,93,1016.4
1985101206,21.4,0,0.3,23.2,93.5,1016.1
1985101212,25.1,0.6,3,225.7,78,1013.3
1985101218,23.8,0.5,3.8,212.3,86,1009.4
1985101300,23.8,22.2,3,260.4,85.5,1005.8
1985101306,21.5,0,2.7,18.2,74,1009.5
1985101312,24,0,2.1,294.7,55,1010.4
1985101318,19.3,0,1.1,349.4,82,1010.7
1985101400,14.5,0,2.8,33,66.5,1013.2
1985101406,14.6,0,2,0.4,62,1016.3
1985101412,20.6,0,2.4,43.4,50.5,1017.8
1985101418,17.6,0,0.8,26.2,69.5,1018.9
1985101500,14.8,0,0.5,300.6,88,1019.8
1985101506,17.3,0,2,45,76,1020.2
1985101512,20.9,0,3,100,54.5,1018
1985101518,16.1,0,0.6,355.4,75.5,1016.9
1985101600,15.6,0,0.4,19.5,88.5,1015
1985101606,15.3,5,0.4,1.3,93,1012.9
1985101612,16.4,1.4,1.5,0.3,89.5,1010.2
1985101618,16.3,0,3.2,3.3,78.5,1010.7
1985101700,14.9,0,1.6,18.2,77,1013.1
1985101706,15.4,0,2.4,6.6,77,1015.7
1985101712,18,0,3,65.5,64.5,1014.9
1985101718,14.7,0,0.7,1,78,1015.2
1985101800,11.7,0,0.8,323.9,88.5,1015.1
1985101806,12.1,0,2.8,24.9,65,1015.5
1985101812,18.4,0,2.6,0,40,1015.1
1985101818,11.2,0,1.6,353.7,46.5,1016.5
1985101900,9.6,0,2.3,330,52.5,1018
1985101906,11.4,0,2.9,5.8,54,1019.6
1985101912,16.9,0,1.9,31.8,35.5,1019.9
1985101918,13.4,0,1.6,23.2,58,1021.5
1985102000,11.2,0,1.4,3.3,58,1022.4
1985102006,11.8,0,2.3,10,55.5,1024.6
1985102012,17.6,0,2,29.9,35,1023.9
1985102018,11.8,0,0.9,10,64.5,1025.1
1985102100,8.9,0,1.1,23.4,86.5,1026.7
1985102106,11.4,0,0.7,340,74,1027.6
1985102112,19.6,0,2,145.9,43,1025.2
1985102118,13.7,0,0.8,12.3,68,1024.3
1985102200,9.5,0,0.9,355,76.5,1023.9
1985102206,13.2,0,2.6,20.7,67.5,1023.4
1985102212,21.2,0,3.3,340,39.5,1020.6
1985102218,14.3,0,0.9,320.2,62,1020.1
1985102300,11.2,0,1.5,47.1,79.5,1019.7
1985102306,14.6,0,1.8,319.7,71.5,1019.2
1985102312,21.8,0,2.4,240.6,37.5,1016.6
1985102318,15,0,0.9,294.1,63,1016.2
1985102400,10,0,0.8,317.1,90.5,1016.9
1985102406,12.8,0,1.1,299.7,85.5,1017.9
1985102412,20.7,0,3,43.2,31,1017.5
1985102418,14.9,0,1.9,0.5,71.5,1020.9
1985102500,13.9,0,1.7,56.6,88,1023
1985102506,14.2,0,2,76.2,79,1024.2
1985102512,14.9,0,2.2,79.8,64.5,1024.5
1985102518,13.8,0,1.1,51.8,68,1024.5
1985102600,11.9,0,0.6,326.9,81,1023.8
1985102606,13.6,0,0.6,70,82,1023.3
1985102612,19.8,0,1.7,132.6,50,1021.3
1985102618,13.8,0,0.3,307,76.5,1020.7
1985102700,9.8,0,0.6,305,94.5,1022
1985102706,12,0,0.8,340.4,89.5,1023.6
1985102712,20.6,0,3.2,80.2,56.5,1023.2
1985102718,17,0,1.8,43.4,79,1023
1985102800,14.9,0,0.6,318.7,91.5,1022.2
1985102806,15.4,0,1,352.2,93,1021.6
1985102812,21.1,0,2.4,128.4,60.5,1019.7
1985102818,17.2,0.2,0.6,7.7,82,1019.5
1985102900,14.8,0.9,1.5,5,87,1019.2
1985102906,14.1,1.2,1.5,356.6,89,1018.5
1985102912,15.2,3.8,1.1,313.3,93.5,1016.7
1985102918,15.4,4.9,0.5,325,94,1015.8
1985103000,15.6,0.1,0.8,349.6,94,1015.5
1985103006,16.9,0,0.8,280.9,92.5,1015.7
1985103012,20.8,0,2.8,73,63.5,1015.3
1985103018,16.8,0,1.5,11.2,83,1017
1985103100,13.9,0,0.5,243.8,92.5,1016.9
1985103106,16.2,0,1.5,80.3,89,1016.2
1985103112,19.8,0,3,80,59.5,1013.9
1985103118,16.3,0,1,350.2,77,1013.2
1985110100,14.4,0,3,353.6,78.5,1012.7
1985110106,13.4,0,4.7,329.8,50,1014
1985110112,15.4,0,4.1,353.6,37,1016
1985110118,10.5,0,2.3,6.6,53.5,1019.7
1985110200,7.5,0,1.7,10,69,1023
1985110206,10.1,0,2.1,10.1,63.5,1025.6
1985110212,14.2,0,2.7,40.1,46,1026.7
1985110218,10,0,2,332.6,59,1028.2
1985110300,9,0,0.7,10.3,73.5,1029.4
1985110306,9.4,0,0.7,315,78,1030.4
1985110312,17.4,0,2.6,160,40,1028.7
1985110318,10.8,0,0.6,288.4,70,1028.3
1985110400,6.1,0,0.5,270,92.5,1027.4
1985110406,8.9,0,0.7,270.9,88.5,1027.7
1985110412,19,0,2,156.6,37.5,1025.3
1985110418,12.5,0,0.6,315,70,1025.2
1985110500,8.6,0,0.2,333.4,90.5,1025.1
1985110506,11.1,0,0.9,266.7,88.5,1024.7
1985110512,17.5,0,1.9,93.3,49.5,1022.8
1985110518,14.3,0,1.5,7.7,73,1022.3
1985110600,12.1,0,0.3,351.1,88,1020.8
1985110606,14.8,0,2.5,1.1,87.5,1020
1985110612,17.4,0,2.5,21.6,77,1018.5
1985110618,16,0,2.1,10,83.5,1018.7
1985110700,14.5,0,1.9,356.6,90.5,1018.3
1985110706,15.7,0.8,2.8,24.9,88.5,1018.8
1985110712,18.1,0,3.3,53.3,65.5,1018.8
1985110718,14.6,0,2.9,26.6,69.5,1020
1985110800,11.4,0,2.6,0,81.5,1019.9
1985110806,13.4,0,3,13.4,76,1019.7
1985110812,16.9,0,3.3,40.1,56,1017.8
1985110818,13.6,0,1.7,5,75,1016.3
1985110900,10.8,0,0.8,340,90.5,1015.2
1985110906,12.2,0,0.3,338.1,91.5,1013
1985110912,18.8,0,3.2,251,55,1009.3
1985110918,12.8,0,2.9,320.9,69,1007.4
1985111000,7.7,0,3,316,53,1008
1985111006,9.1,0,2.9,275.1,51.5,1007.7
1985111012,11.9,0,3.8,310.9,42,1006.8
1985111018,8,0,1.1,315,69,1008.3
1985111100,7.3,0,2.4,234.2,69.5,1008.8
1985111106,9.6,0,2.7,267,60.5,1009
1985111112,12.5,0,4.4,280,41.5,1008.4
1985111118,9.3,0,4.3,315.1,49.5,1008.6
1985111200,4.9,0,2.3,353.5,61.5,1012
1985111206,5.3,0,1.2,294.3,65,1014.8
1985111212,8.8,0,2.6,326.4,46.5,1014.2
1985111218,5.3,0,0.4,16.2,66,1013.8
1985111300,5.4,0,0.3,30.6,74.5,1014.2
1985111306,5.4,0,3.7,350.2,66.5,1015.2
1985111312,9.8,0,4.4,320,36.5,1014.6
1985111318,5.8,0,3.7,336.6,49.5,1015.8
1985111400,4.1,0,3,343.1,56.5,1017.2
1985111406,5.2,0,1.5,302,62.5,1018
1985111412,11.9,0,3.3,293.2,42.5,1016.2
1985111418,9.5,0,1.7,324.2,52.5,1016.6
1985111500,5.6,0,0.6,4.3,77,1019.1
1985111506,5.7,0,1.2,354.2,79.5,1021.8
1985111512,11.5,0,2.6,3.4,34.5,1021.2
1985111518,5.9,0,1,14.5,50,1021.3
1985111600,2.7,0,1.1,320.2,74,1021.5
1985111606,4.6,0,0.9,358.5,78,1021.2
1985111612,12.4,0,2.4,251.1,41.5,1017.1
1985111618,5.9,1,0.6,332.6,90.5,1014.5
1985111700,4.3,0,0.2,4.8,95,1012
1985111706,8.6,0,3.4,319.7,63,1011.6
1985111712,9.9,0,3.9,343.2,44.5,1013.2
1985111718,4.1,0,0.9,333.2,58,1015.5
1985111800,2.2,0,0.7,36.6,84,1015.8
1985111806,5.1,0,2,333.2,70.5,1016.3
1985111812,7.4,0,4.1,333.1,42,1015.9
1985111818,3.4,0,2.1,350.2,45,1017.1
1985111900,2.3,0,1.9,16.7,55,1017.6
1985111906,3.7,0,1,295,62.5,1018.8
1985111912,10.5,0,2.3,180.4,41.5,1016.7
1985111918,7.4,0,0.7,307.8,57,1015.1
1985112000,6.6,3.8,0.5,3.4,85.5,1013.9
1985112006,8.2,0.6,0.5,348.4,91.5,1015.4
1985112012,15.2,0,1.8,112.3,57,1016.1
1985112018,9.6,0,0.4,350.2,73.5,1017.7
1985112100,4.4,0,0.1,336.3,95,1019.2
1985112106,6.2,0,0.5,211.3,95.5,1019.8
1985112112,15.9,0,1.3,286.3,40,1018.3
1985112118,11.3,0,0.6,343.9,60.5,1018.3
1985112200,10.1,0,0.7,279.2,81.5,1017.3
1985112206,11.4,3.6,0.6,4.5,95,1014.9
1985112212,14.7,16.2,1.6,65.6,94.5,1010.5
1985112218,13.4,0,1.3,6.6,93,1010.3
1985112300,9.5,0,0.6,296.7,94,1012
1985112306,11,0,0.4,308.3,94,1012.6
1985112312,15.6,0,2.7,350,53.5,1013.7
1985112318,11.4,0,2.3,21.6,48,1015.2
1985112400,8.1,0,3.2,26.6,40,1016.2
1985112406,6.5,0,4.2,3.3,29,1017.8
1985112412,9.5,0,3.3,350.2,23,1016.8
1985112418,5,0,2.3,343.4,38,1018
1985112500,3.3,0,1.7,326.4,46,1020.1
1985112506,3.4,0,2.2,16.7,46,1023.8
1985112512,8.9,0,3.2,215,31,1023.2
1985112518,3.9,0,1,323,57,1023.5
1985112600,0.2,0,0.5,90.5,88,1024.4
1985112606,4.6,0,1,266.4,78,1024.6
1985112612,12.8,0,3.3,270,37,1023.1
1985112618,8.5,0,0.6,337.1,61.5,1023.8
1985112700,4.7,0,0.4,315,88,1024.6
1985112706,4.7,0,0.5,196.9,93,1024.4
1985112712,14.3,0,2.4,223.5,39.5,1021.7
1985112718,12.2,0,0.6,330.7,57,1018.8
1985112800,11.4,3.9,2.2,261.8,90.5,1013.2
1985112806,11.3,2.5,3.6,353.4,74,1011.9
1985112812,10.6,0,4.7,333.2,33,1015.4
1985112818,5.6,0,3.3,6.6,35,1020.7
1985112900,1.8,0,3.5,0,49,1024.1
1985112906,1.7,0,4.2,353.6,46,1026.1
1985112912,4.2,0,4.5,340,24.5,1026.9
1985112918,0.4,0,1.2,329.3,40,1027.3
1985113000,-0.2,0,0.7,348.7,47,1027.6
1985113006,1.1,0,0.6,70,63.5,1027.7
1985113012,8,0,3.9,243.4,39,1023.2
1985113018,4.2,0,1.7,339.1,74,1020.1
1985120100,1.2,0,1.1,332.3,89,1020.1
1985120106,1.9,0,0.7,344.2,90,1021.2
1985120112,8.8,0,3.1,271.9,38.5,1020.5
1985120118,4.7,0,0.5,276.7,63.5,1018.7
1985120200,3,0,2.8,72,85.5,1016.7
1985120206,3.6,0,4.3,3.3,59.5,1021.6
1985120212,4.7,0,4.8,328.9,33,1024.7
1985120218,1.1,0,2.2,14.7,41.5,1027.1
1985120300,-2.4,0,1.3,340,67,1027.7
1985120306,-0.4,0,1.5,304.7,69.5,1027.4
1985120312,8.6,0,1.8,219.4,40.5,1024.5
1985120318,3.5,0,0.2,337.1,52,1022.4
1985120400,4.8,0,0.7,68.9,77.5,1020.9
1985120406,7,0,1.2,16.1,86,1018.5
1985120412,12.6,0,2.3,20,56,1018.3
1985120418,7.5,0,1,30.7,68,1021.4
1985120500,3.6,0,1.1,6.2,80,1023.5
1985120506,3.2,0,0.4,267.3,74.5,1024.2
1985120512,13,0,2.9,232.1,36.5,1021.1
1985120518,9.4,0,1.4,20.6,42.5,1021.2
1985120600,6.3,0,2.3,31.6,62.5,1022.3
1985120606,5.7,0,2.6,26.2,47.5,1024.2
1985120612,7.1,0,2.5,4.4,52,1023.6
1985120618,5.6,0,2.5,10,72,1022.9
1985120700,1.9,0,0.5,51.2,83,1023.3
1985120706,2.9,0,0.4,321.4,89,1022.7
1985120712,10.5,0,1.5,131.3,44,1021.2
1985120718,5.7,0,2.8,26.5,44,1021.3
1985120800,3.5,0,1.3,334.2,44.5,1019.8
1985120806,3.1,0,3.3,13.4,47.5,1018.5
1985120812,6.4,0,4.5,336.6,34,1016.7
1985120818,-0.9,0,3.8,350.2,42.5,1018.5
1985120900,-4.2,0,4.2,3.3,43.5,1019.4
1985120906,-3.3,0,4.3,0,42,1019.7
1985120912,0.9,0,5.3,356.7,35,1018.3
1985120918,-3.6,0,3.2,336.6,38,1020
1985121000,-5.8,0,4,3.4,45.5,1022
1985121006,-5.3,0,3.8,10,41,1023.5
1985121012,0.5,0,3.5,3.3,31,1022.5
1985121018,-2.3,0,2.5,26.6,39.5,1022.8
1985121100,-3.5,0,3.2,20,43.5,1022.6
1985121106,-2.3,0,4.1,3.4,44.5,1021.5
1985121112,1.7,0,4.6,340,32,1020.5
1985121118,-1.7,0,5,346.9,39,1021.3
1985121200,-4.1,0,4,356.9,42,1021.8
1985121206,-2.7,0,3,356.7,49.5,1022.3
1985121212,2.8,0,4.3,350.2,34.5,1020.9
1985121218,-1,0,2.2,353.4,40,1019.9
1985121300,-2.2,0,1.6,320.7,49,1020.1
1985121306,-2.2,0,0.8,278.7,72,1020
1985121312,6.4,0,2.8,279.3,43.5,1018.1
1985121318,2.7,0,1,19.8,57.5,1017.4
1985121400,1.1,0,0.7,242.4,63.5,1017.2
1985121406,2.2,0,1.7,356.6,61.5,1016.2
1985121412,2.2,0,5.3,356.7,50,1015.8
1985121418,-2.5,0,4.8,343.4,34.5,1017.9
1985121500,-5,0,5.1,340,47.5,1018.2
1985121506,-5.3,0,5.7,353.4,45,1017.8
1985121512,-2.2,0,5.8,326.4,32.5,1016.1
1985121518,-5,0,3.1,340,40.5,1016.7
1985121600,-6.4,0,4,346.8,51.5,1015.8
1985121606,-5.8,0,4.4,336.6,52.5,1015.4
1985121612,-0.9,0,5.5,330,34,1014.4
1985121618,-3.5,0,4.6,323.3,38,1015.1
1985121700,-5.8,0,6.2,340,47,1016.1
1985121706,-6.8,0,3.4,18,51.5,1018.9
1985121712,-0.6,0,2.9,16.7,37,1021.8
1985121718,-4.8,0,1,5,40.5,1024.9
1985121800,-7,0,1.4,318.4,52.5,1025.9
1985121806,-4.7,0,1.1,288.6,50,1025.1
1985121812,3.8,0,3.1,34.2,26.5,1022.2
1985121818,-0.2,0,3.8,346.9,25.5,1022.6
1985121900,-2.8,0,2.2,306.7,55.5,1023.7
1985121906,-3.1,0,1.5,303.8,76.5,1024.5
1985121912,3.9,0,4.3,343.4,43,1024.3
1985121918,-0.6,0,3,356.7,42.5,1027.4
1985122000,-2.6,0,4.3,3.3,49.5,1029.2
1985122006,-2.1,0,3.1,19,53.5,1031.6
1985122012,3.4,0,2.9,51.5,31,1031.8
1985122018,-0.6,0,1.7,316.7,35.5,1032.9
1985122100,-4,0,0.5,306.4,50,1034.6
1985122106,-1.3,0,0.2,23.7,61,1034.6
1985122112,6.8,0,0.9,255.6,53,1031.9
1985122118,5.2,0,0.8,341.6,66,1029.8
1985122200,3.8,0,0.5,73.4,84.5,1026.9
1985122206,3.5,1.2,1,336.1,93,1024
1985122212,5.6,0.3,3.9,357,77,1022.7
1985122218,2.6,0,3.3,356.7,62,1023
1985122300,-0.7,0,1,340,69,1022.8
1985122306,-0.2,0,1.3,315,85.5,1022
1985122312,4.2,0,4.9,356.7,40,1021.1
1985122318,-1.3,0,5.5,336.6,44,1024.9
1985122400,-4.7,0,2.7,32,43,1028
1985122406,-3.3,0,1.5,33.4,44.5,1029
1985122412,5.5,0,1.5,128.4,23.5,1028
1985122418,-0.2,0,0.9,341,46,1026.4
1985122500,-1.8,0,1.5,323.8,49.5,1026.3
1985122506,0.5,0,1,268.9,65.5,1024.9
1985122512,9.1,0,2.5,340.5,43.5,1024.4
1985122518,3.1,0,1.6,336.5,58.5,1025.5
1985122600,-0.3,0,2,12.5,74.5,1026
1985122606,-0.4,0,1.2,265,67.5,1026.1
1985122612,9.3,0,2.1,35.6,27,1023.8
1985122618,3.6,0,2.3,13.4,24,1023.6
1985122700,1.2,0,3.3,16.7,34.5,1024.1
1985122706,2.1,0,2.7,13.4,65.5,1025.9
1985122712,8.6,0,2.7,43.4,47.5,1026.2
1985122718,5.2,0,1.7,344.2,60.5,1027.6
1985122800,0.7,0,0.2,348.6,85,1027.6
1985122806,1.2,0,0.6,115,91.5,1028.8
1985122812,9,0,2,160,47.5,1028.1
1985122818,4.2,0,0.6,250.5,68,1027.2
1985122900,-0.9,0,0.5,310.9,91,1026.1
1985122906,0.2,0,0.2,11.4,92,1024.7
1985122912,11.3,0,1.1,197.2,52.5,1020.8
1985122918,10,0,0.5,332.1,66,1019.7
1985123000,9.2,0,0.6,26.8,86.5,1016
1985123006,11.2,7.7,1.3,255.9,95,1010.2
1985123012,17.5,2.5,6.1,263.4,69.5,1001.6
1985123018,7.9,0,4.1,6,58,1009.8
1985123100,4.2,0,4,0,66,1015
1985123106,2.8,0,4.6,353.6,47,1016.3
1985123112,5.1,0,4.2,0,30,1015.9
1985123118,0.9,0,2.3,0,41,1016.7
1986010100,-2.3,0,1.7,3.9,58,1018.8
1986010106,-3,0,1.2,20,62,1020.6
1986010112,1.1,0,3.1,304.7,46.5,1017.9
1986010118,-3.2,0.3,3.1,340,56,1020.5
1986010200,-6.2,0,3.5,353.4,57,1023.4
1986010206,-6.8,0,3.3,350,50,1028
1986010212,-1.5,0,4.1,336.7,31,1027.8
1986010218,-3.8,0,2.1,1.3,32,1028.7
1986010300,-5.9,0,0.9,316.9,48.5,1028.2
1986010306,-4.5,0,0.7,285.6,56.5,1026.2
1986010312,2,0.5,0.5,329.3,74,1020
1986010318,5.4,0.2,3.6,263.4,75.5,1015
1986010400,3.5,0,4.5,280,59,1013.2
1986010406,-0.6,0,3.7,318.5,48,1014.4
1986010412,-0.6,0,5,291.6,33.5,1015.2
1986010418,-5.8,0,4.2,330,38.5,1016
1986010500,-8.4,0,4.3,330,42.5,1015.5
1986010506,-8.8,0,4.4,330,47.5,1016.2
1986010512,-5.3,0,5.4,333.4,35.5,1016.2
1986010518,-7.1,0,3.3,330,40.5,1016.7
1986010600,-7.9,0,1.6,357.6,48.5,1018.2
1986010606,-6.2,0,3.5,346.9,50,1020.4
1986010612,0.9,0,4,315.7,32,1018.9
1986010618,-2.4,0,1.5,304.2,41.5,1019.2
1986010700,-5.2,0,1.3,307.2,69.5,1019.2
1986010706,-2.8,0,1.5,274.4,75,1018
1986010712,5.2,0,3.4,273.4,39,1016.3
1986010718,1.8,0,0.8,312.8,46,1015.5
1986010800,0.9,0,3.5,310.7,69,1014.1
1986010806,-1,0,5.2,330,50.5,1018
1986010812,0.6,0,5,310.1,33,1019.8
1986010818,-3.1,0,2.5,340,39,1022.3
1986010900,-5.3,0,2.6,340,55,1024.3
1986010906,-4.4,0,2.7,331.9,47.5,1026.7
1986010912,0.9,0,4.3,320.7,30,1025.7
1986010918,-2.5,0,1.9,344.8,42,1026.1
1986011000,-5.1,0,3.4,343.4,58.5,1027.1
1986011006,-5.1,0,3.5,346.8,48.5,1028.1
1986011012,-0.6,0,4.3,343.3,33,1027.1
1986011018,-3.9,0,4.3,333.4,36.5,1027.6
1986011100,-7.2,0,3.1,6.6,51.5,1028.6
1986011106,-6,0,4.2,353.1,56,1030
1986011112,0.7,0,2.3,15,28.5,1028.9
1986011118,-3,0,1.8,348.4,32,1029.6
1986011200,-6.4,0,1.5,13.9,48,1029.8
1986011206,-5.4,0,1.5,315.4,53,1030.1
1986011212,5.1,0,1.7,129.8,30,1027.3
1986011218,1,0,0.6,310.4,57,1024.8
1986011300,-0.5,0,0.4,310.4,58.5,1022.7
1986011306,-0.3,0,1.6,312.7,71.5,1020.3
1986011312,4.5,0,4.5,333.4,27.5,1019.8
1986011318,-0.9,0,3.4,6.9,26.5,1022.5
1986011400,-2.8,0,3.9,16.7,32.5,1023.3
1986011406,-0.6,0,2.6,7.9,33,1022.9
1986011412,7.1,0,3.7,0,21,1020.9
1986011418,2.3,0,2.7,7.4,34.5,1021.1
1986011500,0.1,0,1.9,3.6,53.5,1021.2
1986011506,1.3,0,1,340,59,1021.3
1986011512,7.6,0,1.7,76.2,32.5,1017.7
1986011518,3.4,0,0.9,343.7,40.5,1017.3
1986011600,-0.8,0,0.8,296.9,64.5,1016.7
1986011606,2.1,0,1.9,339.1,63.5,1016.8
1986011612,9.6,0,3.5,346.9,36,1015.9
1986011618,4.5,0,2,341,49.5,1018.3
1986011700,-1.3,0,0.6,279.4,81,1018.8
1986011706,-1.2,0,0.6,285.8,89,1020.3
1986011712,9.2,0,3,328.4,35,1020.1
1986011718,5,0,1.2,6.6,37,1020.3
1986011800,1.1,0,1,277.9,63.5,1020.9
1986011806,2.5,0,0.6,17.5,60,1021.8
1986011812,8.2,0,3.3,55.3,69,1020.8
1986011818,7.3,0.8,2.2,60,78.5,1021.6
1986011900,5.3,0.2,1,303.8,78,1021.9
1986011906,4.8,0,0.6,211.4,89.5,1022.3
1986011912,11.2,0,2.2,130.4,47,1020.5
1986011918,4.5,0,0.8,264.9,70.5,1020.9
1986012000,0.6,0,1.3,279.7,84,1021.2
1986012006,3.8,0,3.4,17.3,46.5,1021.4
1986012012,9.4,0,3,52.7,34,1021.2
1986012018,4.8,0,1.7,322.8,71.5,1021.3
1986012100,1.5,0,0.7,301.6,91,1021.2
1986012106,1.8,0,1.4,282.9,91.5,1020.3
1986012112,6.8,0,4.7,350,45,1017
1986012118,2.3,0,3.2,353.4,43.5,1017.4
1986012200,-1.5,0,3.5,336.1,39,1017.6
1986012206,-3,0,6.5,333.4,36.5,1018.2
1986012212,1.4,0,5.6,326.6,22,1017.3
1986012218,-1.1,0,4.5,326.6,37,1015.8
1986012300,-2.7,0,2.1,316.7,52,1016.2
1986012306,-2.2,0,0.6,309.6,63.5,1016.7
1986012312,6.4,0,3,286.7,31.5,1015
1986012318,2.9,0,0.9,277.8,49.5,1015.5
1986012400,-1.1,0,2.2,302.7,59.5,1018.9
1986012406,-1.1,0,4.2,323.3,41.5,1022.3
1986012412,4,0,3.6,336.6,26,1022.5
1986012418,0.2,0,3.3,356.7,25.5,1024
1986012500,-3.3,0,2,8.1,37,1026.4
1986012506,-2.5,0,2,19.3,53.5,1027.2
1986012512,2.2,0,4.2,340,34,1024.8
1986012518,-1.2,0,3.3,326.6,26,1024.3
1986012600,-4.9,0,4.1,336.6,39.5,1024.7
1986012606,-4.8,0,3.2,353.4,47.5,1024.8
1986012612,1.2,0,3.8,336.7,27,1022.8
1986012618,-3,0,2.8,343.4,27.5,1021.9
1986012700,-5.3,0,4.6,336.7,38,1023.2
1986012706,-3.4,0,4.1,336.7,54,1023.5
1986012712,2.8,0,2.7,315.4,27,1022.8
1986012718,-1.7,0,1.6,337.2,23.5,1022.2
1986012800,-4.6,0,1.5,311.3,52,1022
1986012806,-2.4,0,1.5,239.6,59.5,1023.2
1986012812,7.4,0,2.6,253.4,40.5,1021.6
1986012818,2.5,0,0.8,255,48,1022.2
1986012900,-2,0,0.6,316.9,77,1023.5
1986012906,-0.9,0,0.9,279.4,81.5,1023.9
1986012912,9.4,0,1.9,139.8,29.5,1021.2
1986012918,3.4,0,0.9,21,57,1020
1986013000,-1.5,0,0.6,294.6,79.5,1019.2
1986013006,2.2,0,1.6,16.4,65.5,1017.6
1986013012,9.2,0,2.8,353.5,43,1015.6
1986013018,5.2,0,1.4,43.6,55.5,1016.2
1986013100,3.2,0,2.8,353.4,62.5,1016.9
1986013106,1.8,0,4.2,340,51.5,1017.9
1986013112,4.7,0,3.4,340,32.5,1017.4
1986013118,1.5,0,3.1,340,28,1019.4
1986020100,-1.9,0,4.4,340,31.5,1022
1986020106,-2.5,0,3.5,346.6,34.5,1023.9
1986020112,3.2,0,3.8,346.6,26.5,1021.9
1986020118,-0.7,0,2.6,356.6,33,1021.8
1986020200,-3.8,0,2.5,3.4,35.5,1023.3
1986020206,-3.3,0,0.7,311.2,46.5,1024
1986020212,6.4,0,2.4,219.3,28.5,1019.6
1986020218,3.3,0,2.5,201.1,32,1016.8
1986020300,2.6,0,2.5,319.3,60.5,1017.2
1986020306,-1.5,0,4.1,343.7,63,1019.8
1986020312,0.4,0,4.7,333.4,32.5,1021
1986020318,-3.1,0,3.2,340,37,1023.2
1986020400,-5.3,0,4.1,336.7,48,1024
1986020406,-4.7,0,4.4,336.7,53,1024.2
1986020412,0.8,0,4.8,323.8,33,1022.8
1986020418,-2.5,0,2.6,318.4,28.5,1024.1
1986020500,-4.5,0,2.8,329.8,47.5,1025.2
1986020506,-4,0,1.4,316.5,65.5,1025.7
1986020512,3.5,0,3.2,343.4,37,1023.4
1986020518,-1.2,0,3.6,350,36.5,1022.7
1986020600,-5.9,0,3.7,0,40.5,1024.2
1986020606,-4.8,0,3.4,343.1,41,1025
1986020612,1.9,0,4.1,333.4,33,1023.5
1986020618,-3,0,2.4,0.4,37.5,1023.8
1986020700,-6.5,0,2.2,357,41.5,1024.1
1986020706,-4.3,0,4.2,333.4,43,1024.4
1986020712,2.5,0,3.5,340,30,1022.3
1986020718,-1.6,0,3.5,340,32,1022.5
1986020800,-4.7,0,3.8,356.7,39.5,1024.1
1986020806,-3.2,0,3.5,353.4,55,1024.8
1986020812,4.3,0,3.8,336.7,29.5,1022.9
1986020818,0.6,0,3.6,330,28.5,1023.1
1986020900,-2.9,0,3.8,6.8,41,1025.3
1986020906,-1.2,0,3.3,340,55.5,1026.4
1986020912,5.3,0,3.1,11.7,34.5,1025.9
1986020918,0.1,0,1.4,5,51,1026.7
1986021000,-4,0,0.2,302.3,71,1026.9
1986021006,-2.9,0,0.6,268.1,75.5,1026.4
1986021012,6,0,2.1,100,50.5,1023.8
1986021018,3.1,0,2.2,41.3,61,1022.2
1986021100,1.7,0,2.3,353.6,72,1020.4
1986021106,0.9,0,1.8,356.7,51.5,1021.2
1986021112,7.5,0,2.4,11.6,23,1020.1
1986021118,2.2,0,2.3,34.5,25.5,1020.8
1986021200,-1,0,3.1,0,42.5,1021.4
1986021206,0.3,0,3.2,0,51,1023
1986021212,8.9,0,2.8,151.8,27,1021.3
1986021218,3.3,0,0.7,240,48,1020.4
1986021300,-1.9,0,0.8,16.9,66.5,1019.5
1986021306,0.5,0,0.8,319.7,69,1018.6
1986021312,8.6,0,2.7,226.1,49.5,1016.8
1986021318,8.1,0,1,7.1,65,1015.1
1986021400,6.3,0,0.6,53.1,69,1014.1
1986021406,8.1,0,2.5,13.4,66,1013.7
1986021412,10.2,0,4.3,73.3,60.5,1012.6
1986021418,6.3,0,2.8,24.9,75,1014.7
1986021500,4.2,0,2.7,16.7,86,1016.1
1986021506,2.2,0.6,2.9,0,92.5,1018.2
1986021512,3.2,0.1,3.2,20,70,1020.3
1986021518,0.4,0.4,1.3,346.6,89,1022.7
1986021600,-2.7,0,0.5,29.7,91,1025.3
1986021606,-1.6,0,1.1,6.6,90,1027.4
1986021612,5.7,0,3,71.1,42,1027.3
1986021618,1.5,0,0.9,315,62,1027.1
1986021700,-2.3,0,0.7,281.6,88,1027.6
1986021706,-0.6,0,0.5,282.6,90,1027.6
1986021712,6.1,0,2.5,94.4,65,1025.8
1986021718,4.9,0,3.3,90,69,1024
1986021800,2.1,8.1,2.7,51.4,94.5,1019.8
1986021806,2.2,21.7,2.8,16.7,94,1014.9
1986021812,4.9,1,3.5,10,84.5,1012.1
1986021818,3.2,0.2,2.6,0,84.5,1013.8
1986021900,1.6,0,1,38.4,85,1015.5
1986021906,3,0,2.7,340,77,1018.1
1986021912,7.8,0,3,337.1,43,1018.2
1986021918,3.3,0,2.1,6.6,54,1019.8
1986022000,1.5,0,1.7,357.7,66,1021.4
1986022006,2.2,0,3.1,0,63.5,1020.8
1986022012,5.5,0,5.1,340,42,1018.7
1986022018,1.3,0,3.8,343.3,43,1019.7
1986022100,-1.6,0,3.2,340,55,1021.4
1986022106,-0.8,0,4.5,346.6,52.5,1021.3
1986022112,5.9,0,3.5,353.4,32.5,1019.1
1986022118,2,0,2.7,320.3,41,1018.2
1986022200,-1.2,0,0.9,348.3,47,1017.9
1986022206,0.6,0,0.9,250.6,59.5,1017.6
1986022212,8.2,0,2.9,325.8,32,1015.8
1986022218,3.6,0,1.3,311.6,38,1015
1986022300,-1.1,0,0.8,270.4,67.5,1016.2
1986022306,0.1,0,1.5,310.5,63,1017.7
1986022312,7.7,0,3.3,304.2,24.5,1016.2
1986022318,2.6,0,3.4,13.4,37.5,1016.6
1986022400,-1.7,0,2.3,16.7,77,1019.2
1986022406,-1.9,0,1.7,16.5,66.5,1021.1
1986022412,4.9,0,2.6,346.6,27,1021.1
1986022418,0.9,0,1.4,325.3,34.5,1021.5
1986022500,-2.4,0,1.2,11.9,56,1023.4
1986022506,-0.2,0,1.9,33.9,58,1024.2
1986022512,6.9,0,2.8,118.5,43.5,1023.4
1986022518,2.5,0,1.1,237,62,1023.3
1986022600,-0.7,0,0.3,327.6,81.5,1023
1986022606,1.3,0,2.9,353.4,59,1022.4
1986022612,7.1,0,3.9,310.4,36,1019.8
1986022618,2.2,0,4.6,340,40,1018.2
1986022700,-4.4,0,3.8,326.6,41.5,1021.2
1986022706,-4.2,0,2.9,303,49,1021.4
1986022712,0.9,0,6.1,287.7,36,1018
1986022718,-3.2,0,4.6,336.1,42.5,1018.2
1986022800,-4.4,0,5.1,346.6,54,1020.6
1986022806,-1.6,0,5.1,350,49,1021.8
1986022812,5,0,5.2,330,31,1021.1
1986022818,1.3,0,2.8,336.7,36,1023.1
1986030100,-1.6,0,3.1,340,52,1025
1986030106,-0.7,0,4.1,340,59.5,1024
1986030112,4.7,0,3.7,339.6,38,1020.3
1986030118,0.3,0,3.4,336.6,45,1019.3
1986030200,-2.1,0,3.5,333.4,54,1018.9
1986030206,-0.6,0,4.4,333.4,49.5,1018.2
1986030212,5.9,0,4.6,333.4,35.5,1015.1
1986030218,3.2,0,2.9,330,39.5,1015.6
1986030300,0.8,0,2.7,3.3,46.5,1016.8
1986030306,3,0,3.3,356.6,50.5,1018.2
1986030312,8.6,0,3.8,46.8,36.5,1019.1
1986030318,4.5,0,2,23.2,72.5,1021.8
1986030400,1.5,0,0.5,341,78,1022.7
1986030406,3.4,0,1.3,256.8,86.5,1021.3
1986030412,13.9,0,3.6,260.2,28,1017.2
1986030418,9.3,0,2.1,235,30.5,1015.5
1986030500,7.2,0,1.8,230.6,33.5,1014.6
1986030506,8,0,1.8,27.6,34,1017.5
1986030512,10.4,0,4.8,76.6,39,1020.5
1986030518,5.4,0,2.3,24.5,56,1024.5
1986030600,0.5,0,0.3,316.2,79.5,1026.5
1986030606,2.7,0,0.8,273.3,85.5,1029.1
1986030612,11.1,0,3,119.9,43.5,1027.8
1986030618,5.4,0,1.1,238.8,67,1026.5
1986030700,0.7,0,0.5,307.2,91.5,1026.6
1986030706,4.2,0,1.1,290.5,86,1027.3
1986030712,13.6,0,4.4,76.1,35,1026.5
1986030718,8.1,0,2.1,7.7,71,1029.1
1986030800,6.5,0,0.5,325.7,79.5,1029.7
1986030806,7.3,0,0.9,80.6,86.5,1029.8
1986030812,13.7,0,3.1,140,56.5,1027.2
1986030818,9,0,1.2,220.2,74.5,1024.9
1986030900,3.7,0,0.3,296.6,94.5,1023.9
1986030906,6.3,0,0.9,160,87,1022.7
1986030912,14.8,0.2,3.5,198.2,68.5,1018.8
1986030918,13.8,2.6,5.4,231.8,80.5,1014.3
1986031000,9.7,0,3.2,298.3,76.5,1014.2
1986031006,5.9,0,2.3,353.4,50.5,1016.8
1986031012,12.6,0,2.2,356.9,24.5,1017
1986031018,8.3,0,2,52.4,35,1017
1986031100,5.4,0,1.2,307.2,42,1015.8
1986031106,6.9,0,1.5,5.1,43.5,1014.4
1986031112,11.6,0,3.5,110.7,51.5,1012.3
1986031118,8.6,0,1.8,205,76,1012.8
1986031200,3.8,0,2.6,13.4,69.5,1014.8
1986031206,4.9,0,1.1,74.5,50,1017.2
1986031212,12.8,0,3.3,149.8,27,1017.9
1986031218,8.6,0,0.8,59.7,56,1018.5
1986031300,3.4,0,0.4,275.3,76,1019.7
1986031306,5.7,0,1.1,193.8,74,1020.7
1986031312,10.2,0.5,3.2,68.1,61,1019
1986031318,6.6,17.2,2.6,29.9,92.5,1018.8
1986031400,5.5,7.3,2.9,13.4,94.5,1016.7
1986031406,7.6,5,3.6,29.9,92,1014.9
1986031412,7.4,0.8,4,20,91,1014.3
1986031418,7,0.1,3.4,13.4,80.5,1013.8
1986031500,6.7,0,2.6,10,78.5,1013.3
1986031506,6.9,0,2.3,3.3,72.5,1013
1986031512,12.7,0,3,145,61,1009.7
1986031518,10,0,1.6,76.3,79.5,1008.5
1986031600,4.9,0,3.7,353.5,45,1011.6
1986031606,4.4,0,3.3,19,43.5,1013.8
1986031612,9.1,0,4.4,64.3,35.5,1014
1986031618,4.6,0,3,26.2,48.5,1017
1986031700,1.3,0,1.1,335.9,69.5,1019.8
1986031706,3,0,1.5,244,73,1020.4
1986031712,10.8,0,3.1,150,31,1018.8
1986031718,5.8,0,1.5,215,49,1017.4
1986031800,3.4,0,0.8,285.7,74.5,1016.1
1986031806,5.6,0,2,15,75.5,1013.2
1986031812,6.8,2.3,3.2,69.6,87,1008.5
1986031818,5.7,11.4,4,14.7,94,1002.8
1986031900,4.7,3,4.9,6.6,92,1002
1986031906,6.3,0,2.2,14.7,83.5,1004.8
1986031912,10.1,0,5.2,332.1,50,1005.4
1986031918,5.8,0,2.4,353.4,54,1009.1
1986032000,4.7,0,2.3,343.4,67,1011.8
1986032006,5.5,0,2.3,340,59.5,1014.2
1986032012,10.8,0,3.1,153.2,43.5,1015.4
1986032018,7.3,0,2.2,70,57.5,1016.8
1986032100,5.7,0,1.2,4.3,71,1018.7
1986032106,6.5,0,1.8,15,75,1019.5
1986032112,9.5,0,3.9,90,56,1018.3
1986032118,7.4,0,1.4,40.1,62,1018.9
1986032200,5.1,0,0.9,304.2,83,1018.2
1986032206,6.9,0,2,25.7,73,1017.5
1986032212,6.6,0.7,3.8,50,77.5,1015.9
1986032218,4,4.3,3.1,24.9,93,1015
1986032300,3.4,1.2,3.8,3.3,92.5,1014.5
1986032306,5.5,0,4.6,13.4,76.5,1014.7
1986032312,9,0,3.9,36.2,49,1015
1986032318,6.1,0,1.4,1.4,63.5,1016.6
1986032400,2.5,0,0.7,342.7,80,1017.7
1986032406,4.8,0,1.4,274.1,82.5,1019.2
1986032412,12.6,0,3.7,153.2,29.5,1018.8
1986032418,8.8,0,1.8,268,48,1018.8
1986032500,4.1,0,0.7,273.7,72,1020.8
1986032506,6.9,0,1,305,59,1022
1986032512,14.1,0,3.6,141.8,34,1021.7
1986032518,9,0,1.2,236.4,57.5,1022.2
1986032600,5.2,0,0.9,282.4,79.5,1023.2
1986032606,7.8,0,1.5,314.7,69,1023.6
1986032612,15.9,0,3.5,133.4,30,1022.3
1986032618,10.1,0,1.6,205,58.5,1022.2
1986032700,4.8,0,0.6,216.7,82.5,1023
1986032706,6.6,0,0.7,229.7,80.5,1022.8
1986032712,15.4,0,3.6,138.4,35,1020.8
1986032718,11.1,0,1.3,209.5,60,1018.4
1986032800,8.9,0,0.5,19.6,83.5,1016.6
1986032806,8.4,0,3.8,20,88.5,1014.3
1986032812,11.2,0,3.8,24.9,75.5,1012.8
1986032818,8.5,0,1.4,29.9,80.5,1011.8
1986032900,5.3,0,0.6,341.3,94.5,1013.2
1986032906,6.8,0,0.7,50.7,96.5,1013.4
1986032912,13.9,0,3.4,137.4,56,1012
1986032918,10.4,0,2.3,122.9,74.5,1012.5
1986033000,9,0,0.7,296.6,88.5,1011.2
1986033006,11.5,0,1.2,252.7,85.5,1009.4
1986033012,14.8,0,3,23.9,52,1006.9
1986033018,8.7,0,1.4,305,81,1010.6
1986033100,4.3,0,1.1,298.7,84.5,1013.8
1986033106,8.1,0,4.2,5.1,41,1015.3
1986033112,15.1,0,3.8,39.8,19,1015.2
1986033118,9.6,0,1.9,195.9,47.5,1016.9
1986040100,3.5,0,0.7,287.3,80.5,1019.3
1986040106,6.7,0,0.8,267.1,71,1019.7
1986040112,17.3,0,3.9,159,22.5,1016.8
1986040118,11.6,0,1.1,115,52.5,1016.7
1986040200,7.1,0,0.9,359.2,68.5,1018.7
1986040206,12.1,0,2.5,24,42.5,1021.2
1986040212,16.6,0,4.2,86.7,34.5,1021.2
1986040218,10.7,0,1.2,21.2,69.5,1022.2
1986040300,7.1,0,0.7,283.3,89,1022
1986040306,8.4,0,0.9,249.6,82,1020.7
1986040312,13.2,0.2,1.8,244.9,67.5,1018.5
1986040318,10.2,1.2,0.8,353.4,89.5,1016.9
1986040400,9.2,2.4,0.4,324.9,95.5,1014.9
1986040406,11.4,0,0.8,310.4,92.5,1012.7
1986040412,18.6,0,2.1,133.3,54,1009.2
1986040418,13.6,0,1.1,42.8,80,1009
1986040500,12.4,0,3.5,0,44.5,1012
1986040506,12.1,0,2.5,16.7,52.5,1016
1986040512,18.2,0,4.1,137.8,22,1015.7
1986040518,12.8,0,2,290.9,29,1014.9
1986040600,7.9,0,1.1,312.7,50,1016
1986040606,12,0,3.3,288.2,43,1015.7
1986040612,18.3,0,5.9,310.4,17.5,1014
1986040618,11.5,0,3.7,357.2,20,1017.2
1986040700,5.1,0,1.3,11.2,40.5,1023
1986040706,6.7,0,1.6,58.2,49.5,1025.2
1986040712,12.9,0,3.7,143.3,29.5,1025.4
1986040718,9.1,0,2.5,195,42.5,1023.8
1986040800,6.2,0,0.5,297.4,57.5,1022.9
1986040806,7,0,0.4,340,68,1022.1
1986040812,17.2,0,3.8,220.9,35.5,1019.4
1986040818,12.6,0,3.4,230.3,70,1018.9
1986040900,11.6,0,1,68.4,93,1017.9
1986040906,12.8,2.6,1.4,116.4,93.5,1015.8
1986040912,14.6,1.6,1,101.7,94,1012
1986040918,14,0.1,1.8,73.3,93,1008.7
1986041000,13.7,0.2,0.6,29.7,94,1006.7
1986041006,17.3,0,1.4,26.8,86,1006.2
1986041012,24.4,0,3.5,35,43,1005.8
1986041018,19.1,0,2.2,343.3,35,1008.7
1986041100,14.3,0,3.2,21.6,42,1009.7
1986041106,11.8,0,2.9,23.1,33,1013.2
1986041112,16.4,0,5.4,343.4,21.5,1012.8
1986041118,10.8,0,3.3,353.4,23,1014.2
1986041200,5.9,0,1.6,350,32.5,1017.5
1986041206,8.6,0,3.6,0,38.5,1019
1986041212,17.1,0,3.4,125,26.5,1018
1986041218,12.2,0,1.6,92.7,57.5,1017.9
1986041300,10.8,0,3.4,6.8,32,1019.5
1986041306,13.4,0,2.2,8.7,30,1020.3
1986041312,21.5,0,3.5,153.2,18,1019.5
1986041318,14.7,0,1.3,184.3,34.5,1019.9
1986041400,7.1,0,0.4,296.6,68,1021.4
1986041406,10.6,0,1,192.7,65,1020.9
1986041412,20,0,4.1,133.4,25,1018.7
1986041418,14.9,4.7,1.5,190.7,67.5,1016.4
1986041500,11.4,18,1.8,6.6,92.5,1010.3
1986041506,11.9,4.2,3.1,3.3,93.5,1006.5
1986041512,17.5,0,3.1,7.7,62,1006.8
1986041518,14.1,0,2.5,44.3,70.5,1009.2
1986041600,8,0,3.2,3.3,46.5,1015.4
1986041606,8.8,0,3.1,31.4,55,1019.2
1986041612,13.2,0,3.3,117.1,46.5,1018.8
1986041618,9.7,0,2.3,192.4,62.5,1016.7
1986041700,5.7,0,0.6,319,87,1016.3
1986041706,9.3,0,0.7,181.5,80,1015.8
1986041712,20.3,0,3.5,190,30,1012.5
1986041718,15.1,0,1.9,165.3,44,1012.7
1986041800,11.6,0,1,10.3,62,1013.7
1986041806,13.5,0,1.1,264.1,63,1015.2
1986041812,20.2,0,3.5,146.4,46,1014.1
1986041818,14.9,0,1.6,19.8,65.5,1013.2
1986041900,11.9,0,1.6,356.7,86,1013.2
1986041906,14.6,0,2.4,11.7,82,1013
1986041912,20,0,3.4,76.9,56.5,1011.3
1986041918,15,0,1.7,190.1,78,1011.5
1986042000,11.1,0,0.9,307.2,94,1011.5
1986042006,15.3,0,1.6,217.4,81.5,1011.6
1986042012,20.9,0,3.9,111.6,55,1011.2
1986042018,15.8,0,2,26.2,67.5,1012.3
1986042100,10.4,0,2.5,13.4,44.5,1016
1986042106,11.7,0,3.2,22.4,49,1019.7
1986042112,14.5,0,4.8,66.7,39,1019.5
1986042118,11.1,0,2.5,11.5,48,1019.8
1986042200,9.4,0,2.3,356.7,76,1018.3
1986042206,12.2,0,1.4,13.5,75,1016.4
1986042212,18.6,0,3.1,115,59,1014.3
1986042218,14.1,0,1.6,170,82.5,1013.5
1986042300,10.7,0,0.6,353.4,93.5,1013.5
1986042306,13.5,0,1.8,288.9,77,1014.5
1986042312,19.4,0,4.4,119.9,42,1014.7
1986042318,14.6,0,1.8,96.8,76,1015.2
1986042400,10.8,0,0.6,307.2,90,1015.3
1986042406,14.1,0,1.6,215,84,1014.6
1986042412,24.1,0,5.4,223.8,29,1011.8
1986042418,19.8,0,3.7,215.3,51,1012.2
1986042500,18.3,0,1.4,130.1,79.5,1013.8
1986042506,18.8,0,2.3,116.7,86,1014
1986042512,15.3,0,1.7,87,85,1015.4
1986042518,13.1,0.6,1.8,38.4,93.5,1015.7
1986042600,12,5.5,0.8,3.3,96,1016.1
1986042606,12.2,1.9,0.7,25,94,1014.5
1986042612,12.6,4.8,2.1,53.3,93.5,1013.5
1986042618,12,2.5,1.1,50,93.5,1011
1986042700,12.1,2.1,0.3,0,94,1007.5
1986042706,12.8,0.2,0.7,51.2,94,1006
1986042712,15.6,0,1.3,140.5,94.5,1007
1986042718,15,0,1.1,76.1,87.5,1008.9
1986042800,12.5,0,1.3,276.6,89.5,1010.8
1986042806,14.7,0,2.1,8.5,62,1012.9
1986042812,18.4,0,5.2,70,37.5,1013.5
1986042818,13.1,0,1.4,329.9,47.5,1015.5
1986042900,8.4,0,0.5,284.3,81,1017.7
1986042906,12.2,0,0.8,220.2,78.5,1018.8
1986042912,18.3,0,3.8,90,51.5,1019
1986042918,13.3,0,1.7,67.1,77.5,1020.2
1986043000,9.4,0,0.9,277.8,93,1021.1
1986043006,12.5,0,1,190.5,83.5,1021.5
1986043012,19.5,0,1.9,109.7,24.5,1020.6
1986043018,15.3,0,1.5,56.7,57,1020.1
1986050100,13.2,0,0.9,311.3,89,1018.1
1986050106,12.2,5.4,1.2,325.3,94,1016.1
1986050112,11.9,23.4,1.4,6.6,94,1013.7
1986050118,11.6,2.9,1.3,353.4,94.5,1012.8
1986050200,11.2,0,1.1,4.3,95,1013.3
1986050206,13.3,0,1.2,354.1,87.5,1014.6
1986050212,19.3,0,3,144.5,58.5,1014.2
1986050218,14.8,0,1.2,175.7,78,1014.7
1986050300,12.7,0,0.5,312.1,90.5,1014.9
1986050306,14.8,0,0.8,181.2,88.5,1015.8
1986050312,19.6,0,2,127.1,57.5,1014.7
1986050318,15,0,1,25,80,1014.8
1986050400,11.4,0,0.6,329.4,91,1015.5
1986050406,15.7,0,2.1,106.1,77,1015.4
1986050412,21.9,0,4,83.6,44.5,1015
1986050418,16.9,0,1.8,21.4,56,1014.3
1986050500,10.5,0,0.9,279.4,89,1015.2
1986050506,15.1,0,1.3,143.3,79.5,1014.2
1986050512,23.5,0,2.9,116.2,50.5,1012.4
1986050518,17.3,0,1.3,311.3,72.5,1010.5
1986050600,13.6,0,0.9,271.2,92.5,1009.3
1986050606,17.7,0,1.8,150,84,1008.1
1986050612,23.3,0,3.5,111.6,63.5,1006.2
1986050618,18.3,0,1.6,69.4,80,1005.7
1986050700,14.2,0,0.7,312.4,88,1006.9
1986050706,18.7,0,1.5,256.4,65.5,1007.2
1986050712,28.8,0,4.1,253.4,20,1006.2
1986050718,22.4,0,2.5,247.1,32.5,1006.2
1986050800,14.9,0,1.6,49.8,73,1007.4
1986050806,20.2,0,1.6,143.9,59.5,1007.7
1986050812,27.7,0,4.3,204.9,23.5,1006.2
1986050818,21.4,0,2.8,198.2,33,1005.3
1986050900,18.8,0,3.1,218.8,54.5,1004
1986050906,21.5,0,3.2,220.5,68,1002.8
1986050912,17.8,0,5.2,58.8,49.5,1005.7
1986050918,11.1,0,2.7,11.7,71,1012.2
1986051000,7.9,0,0.5,353.4,85,1014.4
1986051006,12.3,0,1.4,104.7,79,1013.8
1986051012,18.6,0,3.2,140,50,1010.4
1986051018,14.6,0,2.1,112.5,75.5,1007.3
1986051100,13.3,0,1.2,2,89.5,1007.8
1986051106,15.4,0,1.3,0.5,84,1008.7
1986051112,20.6,0,3.5,117.4,53.5,1009.1
1986051118,15.5,0,1.8,83.4,73.5,1010.8
1986051200,13.3,0,0.6,323,87.5,1012.6
1986051206,15.9,0,1,225,84,1014.3
1986051212,21.1,0,3.5,130.1,58,1014.8
1986051218,16.1,0,1.7,84.2,74.5,1014
1986051300,12,0,0.7,348.5,92.5,1013.5
1986051306,14.7,0,1.2,98.7,89,1011.3
1986051312,21,0,2.9,152.3,69,1007.5
1986051318,17.6,12.5,1.7,97.9,92,1004.6
1986051400,16.2,3.9,1.7,136.9,96,1001.3
1986051406,16.9,0,2.5,328.6,74,1000
1986051412,24,0,4.2,296.6,31.5,997.9
1986051418,18.4,0,2.7,318.7,31.5,997.7
1986051500,12.5,0,1.6,306.4,54,998.2
1986051506,15.2,0,3.6,313.4,62.5,999.3
1986051512,20.5,0,2.9,87.9,47,999.8
1986051518,16.5,0,2.4,13.8,57.5,1000.5
1986051600,12.8,0,2.5,343,66.5,1002.5
1986051606,16.6,0,2.5,4.4,65,1006.5
1986051612,21.5,0,3.3,147.3,46.5,1007.1
1986051618,16.5,0,1.3,53.1,72,1006.8
1986051700,11.9,0,0.4,274.3,89,1008.5
1986051706,17.3,0,1.6,158.4,62,1011.6
1986051712,24,0,3,125,41,1012.5
1986051718,18.4,0,1.4,63.1,70.5,1012.3
1986051800,14.6,0,0.4,350.4,90.5,1012.2
1986051806,19.7,0,1.1,5.8,76,1012.8
1986051812,27.9,0,3.1,212.7,39,1011.5
1986051818,23.2,0,3.8,223.4,49.5,1009.6
1986051900,19.5,28.6,2.5,160,88.5,1009.7
1986051906,18,0.1,2,160,94,1006.5
1986051912,18.9,2.1,1.6,84.9,93,1002.8
1986051918,17.7,3.5,1.1,6.8,92.5,1000.8
1986052000,16.7,0.1,1.6,0.9,91,1001
1986052006,18,0,1.4,24.1,81,1003.2
1986052012,20.8,0,2.6,84.2,60,1003.2
1986052018,15.6,0,1.4,14.7,78.5,1004.8
1986052100,11.6,0,0.7,307.3,92.5,1006.4
1986052106,14.7,0,2.1,39.2,79.5,1007.7
1986052112,17.2,1.2,4.5,80.2,61,1007.5
1986052118,14.4,0,1.5,331.3,74.5,1010.1
1986052200,11.8,0,0.6,337.1,84.5,1011.4
1986052206,13.3,0,1,253.4,84.5,1011.8
1986052212,21.5,0,2.8,148.5,51.5,1011.2
1986052218,16.8,0,1.7,95.1,70.5,1011.1
1986052300,12.8,0,0.3,279.5,94,1012.4
1986052306,14.9,0,0.7,341.6,80,1013.2
1986052312,26.4,0,3.1,112.4,41,1011.1
1986052318,23.8,0,3.7,256.8,41.5,1009.2
1986052400,17.8,0,1.4,309.2,61.5,1009.1
1986052406,20.8,0,3.1,261.6,50.5,1008.6
1986052412,24.7,0,3.5,220.1,36.5,1006.8
1986052418,20,0,1,19.6,60.5,1007.4
1986052500,18.1,0,0.9,359.9,79.5,1009.3
1986052506,18.8,0,1.4,45.7,66.5,1010.8
1986052512,20.6,0,4.6,73.3,60,1011.3
1986052518,15.9,0,1.5,11.3,67,1012.2
1986052600,10.9,0,0.8,312.1,79.5,1013.1
1986052606,15.1,0,1.4,27.3,69.5,1013.7
1986052612,19.4,0,3.4,70,33.5,1014
1986052618,16.2,0,1.5,31.6,46.5,1013.9
1986052700,13.1,0,0.8,320.2,60.5,1014.2
1986052706,16.2,0,0.9,62.4,69.5,1013.8
1986052712,22.1,0,2.2,133.4,54.5,1012.8
1986052718,17.7,0,1.6,165.8,77,1012.5
1986052800,13.7,0,0.5,292.8,93,1013
1986052806,18.1,0,1.2,77.2,84.5,1012.3
1986052812,24.9,0,3.7,162.4,64.5,1008.8
1986052818,21.1,0,2,196.2,76.5,1007.2
1986052900,18.9,6.6,1.6,210.4,93.5,1005.9
1986052906,18.6,2.6,1.5,101.7,94,1004.4
1986052912,18.3,10.4,2.4,80,92.5,1001.4
1986052918,17.8,5,2.2,16.7,91.5,999.2
1986053000,17.6,0,2.9,3.3,90,999.3
1986053006,20.9,0,3.6,14.7,79,1001
1986053012,24,0,3.4,70,61.5,1002.2
1986053018,19.8,0,1.5,148.2,75,1003.3
1986053100,15.9,0,0.4,348.6,91,1005
1986053106,20,0,0.7,82.2,85.5,1004.8
1986053112,28.7,0,2.2,149.3,53.5,1003.2
1986053118,22,0,2.1,340,60.5,1005.4
1986060100,15.6,0,0.6,11.2,86,1009.1
1986060106,16.6,0,1.1,190.5,90,1010.5
1986060112,21.5,0,2.6,143.3,68.5,1010.8
1986060118,18.6,0,1.3,83.1,82.5,1009.7
1986060200,16.9,0,0.5,12.5,92,1009.1
1986060206,20.2,0,0.6,91.2,88,1009.7
1986060212,26.3,0,2.6,130.1,63,1008.2
1986060218,21.1,0,1.2,83.7,79.5,1007.2
1986060300,20.2,0,0.6,12.2,87.5,1006.6
1986060306,23,0,2,6.3,69.5,1008.3
1986060312,26.9,0,3.9,153.1,43.5,1006.5
1986060318,22.1,0,2.2,101.6,54.5,1006.5
1986060400,15.5,0,1.7,48.4,91.5,1008.8
1986060406,16.9,0,2.3,45,85,1010.3
1986060412,21.7,0,2.9,76.9,64.5,1010.3
1986060418,17.2,0,3,55,78.5,1010.7
1986060500,16.3,0,1.7,3.3,86,1011.5
1986060506,18.4,0,2.3,41.5,79.5,1011.8
1986060512,21,0,3.7,70,66,1011.6
1986060518,17.6,0,2.7,43.4,79,1011.8
1986060600,16.2,0,2.2,45.1,86,1011.8
1986060606,15.8,0,2.8,29.9,88.5,1011.6
1986060612,18.9,0,3.3,40.9,68,1009.2
1986060618,16.1,0.2,2.4,19.7,60.5,1008.9
1986060700,12.6,1.2,1.2,320,92.5,1008.5
1986060706,17.2,0,1.2,342,74.5,1008.2
1986060712,24.1,0,2.9,140,43.5,1007.6
1986060718,19,0,1.5,195.8,58.5,1007.8
1986060800,13.8,0,0.4,317.1,88.5,1007.8
1986060806,20.1,0,1.1,287.5,77,1008.4
1986060812,32.2,0,3.3,329.8,28.5,1006.5
1986060818,26.9,0,1.3,357,31,1006.8
1986060900,22.4,0,2.8,6.1,47,1008.8
1986060906,23.1,0,2.5,52.3,57.5,1011.2
1986060912,25.9,0,2.9,135.3,57,1010
1986060918,19.9,0,1.7,85.5,77.5,1010.6
1986061000,16.7,0,0.9,23.4,93,1011.6
1986061006,19.9,0,1,125,88,1012
1986061012,26.5,0,2.9,141.1,58,1011.8
1986061018,21.5,0,1,37.2,49.5,1012.9
1986061100,17.5,0,0.8,341,71.5,1014.8
1986061106,20.2,0,2.2,33.1,73.5,1016.8
1986061112,24.3,0,4.2,70,36,1017.3
1986061118,19.8,0,2,21.5,43,1017.2
1986061200,15.1,0,2.1,340,61.5,1018.5
1986061206,19.2,0,2.2,63.5,71,1019.3
1986061212,23.9,0,3.1,100,61.5,1017.5
1986061218,19.8,0,2,58.9,75.5,1017
1986061300,17.3,0,0.4,333.1,88.5,1017.2
1986061306,19.3,0,0.8,177.5,83.5,1017
1986061312,22.9,0,2.3,163.4,68.5,1016.1
1986061318,21.2,0,0.9,75.6,74.5,1015.2
1986061400,18.9,0.4,0.7,332.1,88.5,1014.7
1986061406,19.5,0,0.9,248.4,91.5,1013.6
1986061412,20.2,10,1.9,230.7,88,1013.2
1986061418,19.5,0,0.7,360,73.5,1011.8
1986061500,17.3,2.2,0.5,346.9,92.5,1011.2
1986061506,18.5,4.4,1.6,196.1,94,1009.4
1986061512,19.9,0.6,2.4,196.7,93.5,1007
1986061518,19.9,1.3,1,183.1,94,1005.6
1986061600,20,4.2,2,191.7,95,1004.9
1986061606,19.5,24.8,3.1,156.6,95,1002.8
1986061612,19.2,54.2,2.7,113,93,998.3
1986061618,20,13.6,0.4,3.3,93,992.8
1986061700,19.6,0.6,0.8,302,93,992.7
1986061706,22.1,0,1.2,280,87,996.2
1986061712,27.5,0,2.7,9.4,58.5,997
1986061718,23.9,0,1.6,225,62.5,999.4
1986061800,19.4,0,0.8,305,83,1002
1986061806,22.3,0,3.2,263.4,80,1003.1
1986061812,26.7,0,4.2,263.4,55.5,1002.2
1986061818,24.2,0,1.3,279.7,64.5,1002.8
1986061900,18.5,0,0.3,342.8,91,1004.8
1986061906,21.2,0,0.4,58.2,79.5,1005.6
1986061912,29.1,0,2.8,32.4,50,1004.5
1986061918,21.9,0,2,63.2,73.5,1007.3
1986062000,17.7,0,0.8,331.5,92.5,1009
1986062006,19.4,0,1.3,190.5,88,1009.2
1986062012,23.6,0,2.7,160,71.5,1008.6
1986062018,20.5,0,1.9,116.7,83,1008.1
1986062100,19.6,0,0.5,13.6,91.5,1008.2
1986062106,20.2,0,1.7,56.9,91,1008
1986062112,21.9,0,2,63.2,80,1007.5
1986062118,20.8,0,1.4,80,82,1007.8
1986062200,18.3,0,0.6,337.2,93,1008.4
1986062206,19.8,0,0.8,142.3,93,1009.5
1986062212,23.7,0,2.8,146.6,72.5,1009.9
1986062218,20.8,1.4,1,138.9,93,1009.2
1986062300,20,21.2,1.2,78.5,94,1008.2
1986062306,19.7,39,2.5,73,94.5,1008.6
1986062312,19.8,4,2,70,92,1008.8
1986062318,19.7,0.3,0.7,56.1,92,1009.8
1986062400,19.5,0,0.5,348.7,93,1011
1986062406,20.3,2.6,0.7,27.9,93.5,1011.7
1986062412,20.4,26,0.7,84.8,93,1010.8
1986062418,20.8,32.7,1.1,141.1,94.5,1009.4
1986062500,21.1,16.5,0.4,246.9,96,1006.7
1986062506,22.1,65.2,2.2,39.5,96,1000.4
1986062512,26.5,0,3.2,60.6,86.5,999.4
1986062518,22.2,0,1.9,162.7,90.5,1003.3
1986062600,20.5,0,0.6,305,94.5,1004.7
1986062606,22.3,0,1.1,82.5,91.5,1006.1
1986062612,24.4,0,2.7,143.8,80.5,1006.2
1986062618,21.5,0,1.7,156.7,90,1006.7
1986062700,20,0,1,180.6,96,1007.1
1986062706,20.2,0,1,157.9,95.5,1007.5
1986062712,22.7,0,3.1,143.3,85.5,1005.7
1986062718,20.8,0.5,2,117.7,93,1004.1
1986062800,20.1,0.9,0.9,51.2,96,1002.5
1986062806,20.8,0.3,0.9,12.5,96,999.5
1986062812,23.2,0.1,2,146.4,93.5,996.8
1986062818,24.1,9.8,1.2,210.3,92.5,994.9
1986062900,22.2,0.1,1,63.4,95,995.2
1986062906,21.8,0,1,102.4,96,996.2
1986062912,22.4,0,1.3,136.8,92,995.8
1986062918,23.7,0,1.2,82.4,92.5,995
1986063000,21.3,0,0.9,45,96.5,996.2
1986063006,19.5,0,1.5,177.1,96,998.7
1986063012,20.9,0,2.5,136.8,86,1001.3
1986063018,18.5,0,2.6,103,92.5,1002.3
1986070100,17.3,0,1.2,33.8,90.5,1003.6
1986070106,17.6,0,1.9,24.9,88.5,1005.2
1986070112,19.8,0,2.5,60.5,76.5,1006.1
1986070118,18.3,0,2.7,63.2,80.5,1006.8
1986070200,16.4,0,1.9,14.7,90,1007
1986070206,16.9,0,2.2,38.2,90.5,1007.5
1986070212,17.5,0.2,3.3,51.8,91,1007.2
1986070218,16.6,0,3,24.9,80.5,1008.3
1986070300,15.7,0,2.1,26.6,88.5,1008.6
1986070306,16.3,0,2.5,36.2,82.5,1009.5
1986070312,19.2,0,3.4,70,70.5,1009.3
1986070318,17.1,0,2.1,26.2,80.5,1010.4
1986070400,15.9,0,1.9,16.7,90,1011.2
1986070406,17.9,0,2,49.8,88,1011.8
1986070412,19.5,0,3,80.2,80.5,1011.6
1986070418,18.2,1.6,1.5,48.4,90.5,1010.5
1986070500,16.9,9.6,1.5,31.6,96.5,1008.7
1986070506,17.5,3.7,2.1,0,97,1006.1
1986070512,19.5,1.9,2,10,95.5,1004.7
1986070518,18.7,0,1,23.2,91,1005.2
1986070600,17.8,0,0.4,10,91.5,1007
1986070606,18.8,0,0.8,35.7,92,1007.8
1986070612,23.3,0,2.2,121.9,74.5,1007.2
1986070618,19.6,0,1.4,121,84.5,1007.7
1986070700,16.3,0,0.3,335.9,96,1009.2
1986070706,18.4,0,0.9,28.4,95,1010.6
1986070712,22.8,0,2.3,160,78,1010.8
1986070718,20,0,0.9,82.6,86.5,1011.5
1986070800,16.8,0,0.7,325.3,95,1012.6
1986070806,18.5,0,2,46.8,93,1013.2
1986070812,20,0,2.5,76.6,86.5,1013.3
1986070818,19.5,0,2.1,63.4,86.5,1012.8
1986070900,18.5,6.4,1.3,30.2,93,1012.6
1986070906,19,8.1,1,12.8,97,1012.2
1986070912,21.2,0,1.4,75.4,92,1011.4
1986070918,20,0,1.5,62.6,92.5,1011
1986071000,19.1,0,0.4,0,95.5,1011.5
1986071006,19.8,0,0.6,125,95,1012.4
1986071012,22.1,0,1.2,165.1,87,1013.8
1986071018,21,0,1.6,145.3,91,1012.4
1986071100,20.1,5.8,0.5,356.3,96,1011.7
1986071106,20.9,0.1,1,144.9,97,1011.4
1986071112,22.2,4.1,1.9,159,95,1011.2
1986071118,21.5,5.3,0.8,357,96,1008.6
1986071200,21.4,0,1.2,335.3,96,1008.5
1986071206,22.5,0.6,4.3,260.2,83.5,1010.2
1986071212,26.8,0,2.6,207.9,71.5,1008.8
1986071218,23,0.3,1.1,110.4,92.5,1008
1986071300,21,0,1,264.2,96.5,1007.7
1986071306,23.2,0,1.1,291.2,92,1007.6
1986071312,27.6,0,3.5,162,67.5,1007.1
1986071318,23.2,0,1.3,92.8,86.5,1007
1986071400,21,0,0.4,297.9,95.5,1006.8
1986071406,22.3,0,1.4,149.2,94,1006.7
1986071412,22.4,29.1,2.7,143.5,95.5,1005.5
1986071418,20.1,0.5,0.7,0,94.5,1005
1986071500,19.1,0,0.1,353.6,95.5,1005.2
1986071506,22.2,0,0.5,84.8,96,1006.2
1986071512,24.3,2.6,1.5,273,92.5,1006.1
1986071518,25.9,0.3,0.9,315.6,94,1006.5
1986071600,22.1,1,0.4,46.1,95.5,1006.7
1986071606,22.1,4.8,1.3,132.6,97,1005.5
1986071612,21.9,7.4,1.3,97.9,96,1005.8
1986071618,20.9,0,1.2,221.4,95,1004.8
1986071700,22.9,0,1.7,181.5,96,1001.2
1986071706,26.3,0.4,2.9,236.4,89.5,1000.2
1986071712,31.2,0,4,276.8,62,998.9
1986071718,26.9,0,1.3,348.7,68,1001.2
1986071800,22.2,0,1.5,325,87.5,1004
1986071806,24.8,0,0.9,201.1,84,1004.8
1986071812,29.5,0,3,143.5,64,1004.8
1986071818,25.2,0,1,78.4,81.5,1004.8
1986071900,23.6,0,0.7,25,93,1005.7
1986071906,26.8,0,2.3,206.8,87,1005.3
1986071912,31.2,0,3.5,201.9,71.5,1005.9
1986071918,27.1,0,2.3,145.9,79,1006.4
1986072000,23,0,0.9,100.4,92.5,1008
1986072006,23.2,0,1,87.2,95,1009.2
1986072012,25.5,0,2.2,159.6,81.5,1008.4
1986072018,23.5,0,1.5,92.1,88,1009
1986072100,22,0,0.7,39.1,95,1009.4
1986072106,21.9,0.5,0.5,45.6,96,1008.8
1986072112,22.5,2.1,1.7,162,95,1006.6
1986072118,22.3,0,0.6,192.7,95.5,1004.5
1986072200,22,0,0.4,15.7,97,1003.9
1986072206,23.2,0.5,1.7,87,96.5,1003.5
1986072212,22.4,0.1,1.7,69.6,93.5,1006
1986072218,20.3,17.8,1,41.9,95.5,1007
1986072300,19,0.8,0.5,6.6,95.5,1008.4
1986072306,19.6,0,1.2,41.2,96,1009.5
1986072312,22.9,0,1.3,133.4,79,1010.2
1986072318,21.8,0,1.3,175.6,84,1009.9
1986072400,20.8,0,0.2,341,93,1010.7
1986072406,21.9,0,1,230.8,92,1010.2
1986072412,26.6,0,3.4,156.7,77,1010
1986072418,24,0,1.2,72.7,88,1009.2
1986072500,22.5,0,0.5,30.7,96,1010.6
1986072506,22.8,0,0.7,51.7,96,1011.1
1986072512,26.8,0,2.9,160,81.5,1010.8
1986072518,24.9,0,1.5,195,92,1010.2
1986072600,24,0,0.5,23.4,95.5,1009.8
1986072606,26.9,0,2.5,266.2,88.5,1009.5
1986072612,33.1,0,3.8,249.1,63,1009.5
1986072618,27.8,0,1.6,115.8,82,1009.5
1986072700,23.5,0,0.4,30.7,93.5,1011
1986072706,26.2,0,0.9,182.1,85,1011.6
1986072712,33.7,0,2.8,162.1,60,1010.5
1986072718,30,0,1.8,311.1,72.5,1010.3
1986072800,25,0,0.6,350.6,92.5,1011.8
1986072806,27.4,0,0.9,297.4,89.5,1012
1986072812,32.6,0,2.5,104.9,62.5,1011.8
1986072818,27.9,0,1.7,61.4,82.5,1011.2
1986072900,23.9,0,0.5,5,94,1011.6
1986072906,26,0,1.2,307.7,87,1011.8
1986072912,33.5,0,3.9,275,53,1011
1986072918,29.1,0,1.9,288.4,70.5,1010.4
1986073000,24.4,0,0.2,6.5,92,1011
1986073006,25.6,0,1.5,229.8,87,1011.8
1986073012,34.3,0,4.1,256.6,54,1010
1986073018,28.8,0,2,266,67,1010
1986073100,24.8,0,0.3,26.6,89,1010.3
1986073106,27.4,0,1.4,232.8,86.5,1011
1986073112,33.2,0,4,184.4,65,1010.4
1986073118,28.5,0,1.7,132.8,78.5,1010.1
1986080100,25.2,0,0.3,338.1,92,1011.7
1986080106,26,0,1.3,250,85,1011.6
1986080112,32.8,0,3.9,160,62.5,1010.7
1986080118,29.6,0,1.1,158.6,77,1010.8
1986080200,25,0,0.4,350.2,92,1012.2
1986080206,27.5,0,0.9,190.6,86.5,1012.2
1986080212,33.5,0,3,173.2,55,1009.8
1986080218,28.4,0,1,277,70,1008.7
1986080300,24.1,0,0.5,342.7,89,1008.5
1986080306,25.3,0,1.1,247.8,86.5,1007.3
1986080312,29.2,0,3.5,103.4,73.5,1005.3
1986080318,25.7,0,1.8,56.1,82.5,1003.8
1986080400,23.4,0,1.4,18.2,92,1002.3
1986080406,25.4,0,1.2,37.8,88.5,1000.3
1986080412,29.7,0,2.9,128.9,65.5,998.2
1986080418,25.8,0,1.5,105.5,80,997.5
1986080500,22.9,0,0.8,345.1,92.5,999
1986080506,24.7,0,1.7,45.4,85,1000.6
1986080512,27.7,0,4.3,96.8,70.5,1001
1986080518,24.2,0,2.1,50.3,81.5,1002.6
1986080600,21.9,0,0.5,11.7,91,1004.7
1986080606,23.5,0,1,32.8,89,1006
1986080612,25.5,0,3,93.4,76.5,1006.9
1986080618,23.7,0,1.4,59.8,83.5,1008
1986080700,21.1,0,0.4,333.3,95,1008.4
1986080706,23.2,0,0.8,43.5,93,1009.5
1986080712,28.2,0,2.9,160,70,1009.3
1986080718,25.4,0,1.5,119.3,78.5,1009.2
1986080800,22.3,0,0.2,342.8,91.5,1010.4
1986080806,25,0,1.3,73.4,88.5,1010.3
1986080812,29.5,0,3.2,170,66.5,1009.8
1986080818,25.7,0,1.3,125,80.5,1009
1986080900,23.1,0,0.3,339.1,94,1009.9
1986080906,25.2,0,0.5,279.8,87.5,1010.7
1986080912,30.4,0,3.7,160,63.5,1010.5
1986080918,26.4,0,1.1,75,81,1010.9
1986081000,23.4,0,0.1,3.3,94,1011.9
1986081006,25.6,0,1.4,191.8,92.5,1012.3
1986081012,31.1,0,3.2,208.5,71,1011.9
1986081018,26,0.8,1.1,299.6,92.5,1012
1986081100,24.8,0,0.2,350.3,96,1012.1
1986081106,25.2,0.3,1.5,318.7,90,1011.8
1986081112,24.7,3.8,1.9,348.2,88,1010.8
1986081118,24.9,0,1.4,312.1,88.5,1008.2
1986081200,21.6,0,0.7,339.2,96,1008.2
1986081206,24,0,0.7,245.5,91.5,1008.2
1986081212,29.4,0,2.6,270.9,62,1006.6
1986081218,27.3,0,2.4,240,77,1005.7
1986081300,26.2,0,3.1,266.7,81.5,1004.5
1986081306,28.4,0,4.8,250,75.5,1003.2
1986081312,29.1,1.2,5,263.4,70,1003.4
1986081318,26.7,0.8,3.9,256.6,86.5,1004.1
1986081400,25.5,1.9,0.9,304.1,88.5,1006.2
1986081406,25.5,0.4,1.2,286.9,92,1008.5
1986081412,29.5,0.7,3,256.9,78.5,1007.8
1986081418,27.8,0,2.2,266.7,76,1008.5
1986081500,25.8,0,0.8,32,87.5,1010.2
1986081506,26.7,0,0.8,149.9,88.5,1010.9
1986081512,31.3,0,2.1,103.8,64,1009.8
1986081518,29,0,1.1,18.9,78.5,1010.2
1986081600,25.6,0,0.5,353.6,92.5,1010
1986081606,26.3,0,0.9,18.9,94,1010.6
1986081612,28.8,0,2.1,110.7,78,1010.3
1986081618,26,0,0.8,298.3,87.5,1009.5
1986081700,23.6,0,0.3,333.4,96,1009.4
1986081706,25.6,0,0.8,18.4,91.5,1008.8
1986081712,29.7,0,3.2,103.6,67.5,1008
1986081718,26.3,0,0.6,38,76.5,1007.8
1986081800,24.4,0,0.4,6.6,89,1008.3
1986081806,26.1,0,0.8,47.1,84.5,1007.8
1986081812,30.2,0,3.1,114.3,64,1008
1986081818,27,0,1.1,57.9,84.5,1008
1986081900,25.4,0,0.4,324.1,94.5,1007.9
1986081906,27,0,1.1,251.8,88,1006.5
1986081912,33.4,0,3.3,215,59.5,1004.8
1986081918,28.7,0,1.1,22.6,76,1003.6
1986082000,25.3,0,0.2,7.7,90.5,1002.8
1986082006,27.9,0,2.5,270,80.5,1001.2
1986082012,33.2,0,4.2,260.2,54,998.5
1986082018,28,0,2.8,221.3,70,997.1
1986082100,24,21.4,1.4,50,93,997.8
1986082106,23.3,0.6,1.5,42.3,96,998.8
1986082112,26.1,0,3,83.5,78,998.4
1986082118,23.4,0,0.9,51.6,83,999.9
1986082200,21,0,0.1,338.1,95.5,1001.7
1986082206,22.5,0,2,75.6,87.5,1003.8
1986082212,25.5,0,4.2,90.4,68.5,1005.3
1986082218,21.3,0,2.2,70,86,1007.8
1986082300,18.9,0,1.5,26.2,94,1009.5
1986082306,20.1,0,1.7,17.7,92.5,1010.2
1986082312,26.9,0,2.5,89.3,67.5,1009.5
1986082318,22.5,0,1.7,37.8,83,1010.2
1986082400,20.1,0,0.9,296.9,95.5,1011.3
1986082406,23,0,1.4,25.8,92.5,1012.1
1986082412,28.4,0,3.7,56.4,68,1011.4
1986082418,24.7,0,2.1,19.7,82.5,1011.8
1986082500,23.5,0,1.8,3.3,93,1011.8
1986082506,24.9,0,2.4,29.6,92,1012.8
1986082512,27.5,0,3.5,50,77,1012.1
1986082518,25.5,0,2.5,24.9,87.5,1011.8
1986082600,24.5,0,2.2,20,91,1011.2
1986082606,24.7,0,2.8,20,90,1011.1
1986082612,26,0,3.3,45.1,87,1010.2
1986082618,25,0,3.7,50,92,1009.5
1986082700,25.3,0,2.8,50,88.5,1008.7
1986082706,26.2,0,2.4,31.8,95,1006.8
1986082712,29.5,0,3.3,66.6,71,1004.7
1986082718,24.7,0.3,2.8,60,90,1004.3
1986082800,24.3,0,3.9,66.6,92.5,1002.2
1986082806,25.1,6,7,132.3,94,997.9
1986082812,25.6,12.6,9,153.1,94.5,988.8
1986082818,24.3,1.4,7.9,222.3,87.5,987.4
1986082900,23.7,0,6.4,233.3,75.5,990.7
1986082906,24.9,0,6.3,256.6,65.5,993
1986082912,29.8,0,6.1,256.6,46,994.9
1986082918,25.6,0,3.6,265.6,49.5,998.7
1986083000,20.5,0,1.6,328.5,72,1001.6
1986083006,22.1,0,1.2,248.4,78,1003.7
1986083012,30.1,0,3.3,353.6,40,1003.9
1986083018,24.5,0,1.6,327.4,57.5,1006.2
1986083100,20.5,0,0.8,315.3,86.5,1008
1986083106,23.6,0,0.9,281.3,81.5,1009.7
1986083112,29.9,0,2.8,145.3,51.5,1009
1986083118,24.9,0,0.9,77.5,75.5,1009.8
1986090100,21.8,0,0.5,332.3,91,1011
1986090106,24.2,0,1.3,42.3,87.5,1011.4
1986090112,28.4,0,3.8,83.5,46.5,1010.8
1986090118,24.7,0,1.6,10,76.5,1010.8
1986090200,22.4,0,0.9,340,83,1009.9
1986090206,23.5,0,1.4,55.3,88,1008.8
1986090212,27,0,3.4,73.2,72,1006.3
1986090218,22.7,0,1.6,33.8,89,1005.8
1986090300,21.7,0,0.6,2.9,93.5,1005.8
1986090306,22.5,0,0.9,47.9,93,1006.5
1986090312,24.3,0,2.1,109.6,81,1007.2
1986090318,21.9,0,1.6,70,86.5,1009.1
1986090400,20.9,0,0.4,10,93.5,1010.8
1986090406,21.3,0,0.6,52,94.5,1012
1986090412,26.5,0,2.9,156.7,74,1011.8
1986090418,23.5,0,0.8,9.4,85.5,1012.7
1986090500,20.1,0,0.3,348.7,95,1014.3
1986090506,21,0,0.2,18.4,94.5,1015.2
1986090512,26.5,0,1.2,135.8,70,1014.8
1986090518,24.3,0,0.7,45,83.5,1014.6
1986090600,22.4,0.2,0.6,49.4,89.5,1015.4
1986090606,20.8,5.3,1.3,298.4,94,1016
1986090612,25.5,0.2,1.5,246.6,77.5,1014.2
1986090618,23.5,0,0.8,0,73.5,1012.5
1986090700,19.5,0,0.2,4.3,93,1013
1986090706,21.4,0,1,201.1,90.5,1013.5
1986090712,24,0,2.7,108.2,78,1013
1986090718,21.2,0,1.4,78.7,88,1013.7
1986090800,20.2,0,0.5,28.1,93.5,1013.3
1986090806,21.5,0,0.3,53.1,93.5,1013.2
1986090812,24.7,0,2,163.4,81,1011.3
1986090818,22.5,0,0.8,295.6,91.5,1009.7
1986090900,20.3,0,0.6,338.9,90.5,1009.1
1986090906,20.5,0.5,1,13.9,91.5,1008
1986090912,22.9,0.9,0.8,321.4,92,1007.2
1986090918,22.2,0,0.9,38.9,89,1007.2
1986091000,20.4,0.6,0.7,0,89.5,1007.7
1986091006,20.9,0.1,0.2,3.3,96,1007.6
1986091012,23.6,0,1.2,129.8,90,1007.8
1986091018,22.2,0,0.7,113.5,88,1009
1986091100,21.6,0,0.2,348.7,94,1010.4
1986091106,21.8,0,0.3,342.8,95,1010.6
1986091112,23.8,1.1,1.1,159.4,90,1009.2
1986091118,22.4,0.1,0.3,21.9,94.5,1009.2
1986091200,20,0,0.9,318.7,93.5,1009.3
1986091206,21.5,0,1.5,23,86,1009.8
1986091212,26.5,0,2.2,64.4,59,1009.8
1986091218,22.3,0,1,246.6,79,1011
1986091300,18.7,0,0.5,314.4,94,1011.2
1986091306,19.8,0,1.3,309.8,90,1012.5
1986091312,24.8,0,1.6,184.4,64,1011.5
1986091318,20.3,0,0.8,70,81,1011.8
1986091400,16.5,0,1.3,0.3,81.5,1013.4
1986091406,18.7,0,1.4,19.3,80,1014.4
1986091412,22.5,0,3.8,96.9,65,1013.5
1986091418,19,0,1.6,14.6,83.5,1014.3
1986091500,16.1,0,0.6,296.6,93.5,1014.2
1986091506,19.2,0,1.8,26.2,86.5,1013.9
1986091512,23.4,0,4.6,86.9,62,1013.4
1986091518,19.2,0,2,27.7,78.5,1014
1986091600,16.8,0,0.8,320.7,93.5,1014.6
1986091606,18.6,0,1.5,29.3,90,1014.2
1986091612,23,0,3.8,93.4,66,1012.7
1986091618,19.5,0,1.2,30.7,75,1012.2
1986091700,16.7,0,0.9,340,87.5,1011.1
1986091706,18.2,0,0.4,12.4,87.5,1009.5
1986091712,26.3,0,2.3,37.3,51.5,1006.4
1986091718,18.7,0,3.4,12.4,32.5,1008.3
1986091800,12.7,0,0.4,7,50.5,1011.9
1986091806,16,0,1.3,260,68,1012.1
1986091812,25.5,0,2.1,151.7,37,1010.9
1986091818,19.5,0,1,244.2,62,1011.7
1986091900,13.5,0,0.9,313.7,83,1012.4
1986091906,15.1,0,0.8,270,84.5,1013.5
1986091912,19.7,0.6,1.4,10,76,1013.7
1986091918,17.9,2.4,0.8,318.4,94,1014
1986092000,16.7,21.3,2.3,36.2,95.5,1013.8
1986092006,17.2,28.8,3.9,55.7,95,1012.8
1986092012,17.8,21.1,3.4,31.8,94.5,1010
1986092018,17.6,14.1,3.5,31.8,93.5,1008.1
1986092100,16.4,9.5,2.2,358.4,94.5,1007
1986092106,17,11.9,1.7,344,96,1002.2
1986092112,19.2,5,0.6,346.9,95.5,1002.2
1986092118,18,0.5,1,10.3,94.5,1007.8
1986092200,15.5,0,1,322,94,1011.7
1986092206,17.6,0,2.6,327.6,82,1014.4
1986092212,26.3,0,2.2,272.1,47.5,1013.8
1986092218,20.9,0,1.2,0,77.5,1014.8
1986092300,15.1,0,0.2,334.8,93.5,1014.8
1986092306,17.5,0,0.3,353.4,92.5,1015.2
1986092312,27.6,0,2.9,250,41.5,1013.1
1986092318,21.8,0,1.1,322,69.5,1013.4
1986092400,16.6,0,0.7,251.6,94,1014.8
1986092406,18.3,0,1.1,50,86.5,1015.7
1986092412,23.5,0,3.5,122.9,54,1015.2
1986092418,17.4,0,1.2,22.6,76.5,1016.5
1986092500,13.1,0,0.2,0,92,1017
1986092506,16.8,0,1.3,42.8,84.5,1017.8
1986092512,23.7,0,3.5,97.5,48,1017.5
1986092518,17.6,0,1,10,76.5,1018.7
1986092600,12.9,0,0.2,333.4,96,1019.4
1986092606,15.1,0,0.6,353.3,90.5,1019.9
1986092612,22.9,0,2.9,103.6,49.5,1018.3
1986092618,17.7,0,0.9,13,74.5,1017.8
1986092700,13.2,0,0.2,348.7,94.5,1017.1
1986092706,16.1,0,0.6,190,91.5,1016.6
1986092712,26.3,0,2.4,20,36,1014.7
1986092718,20.8,0,1.6,48.9,76.5,1015.5
1986092800,18.1,0,2.3,27.7,69.5,1016.6
1986092806,18.4,0,3.3,51.8,82.5,1018.1
1986092812,20.1,0,4.4,80,57.5,1017.1
1986092818,15.5,0,2.9,14.7,74,1017
1986092900,12.3,0,1.1,341.6,84,1016.5
1986092906,14.9,0,1.7,17.2,81.5,1015.6
1986092912,20.2,0,4.8,73,52,1014.2
1986092918,15.5,0,2.6,18.2,65,1014.6
1986093000,13.4,0,3,21.6,77,1015
1986093006,15.9,0,3.3,40.4,77.5,1015.8
1986093012,19.2,0,4.7,51.8,66,1016.1
1986093018,17.8,0,4.2,35,79.5,1016.6
1986100100,17.3,0,4.8,50,82.5,1016
1986100106,16.1,27.9,4.9,26.6,90.5,1014.9
1986100112,15.4,14.8,5.4,20,96,1014.4
1986100118,14.6,0.6,3.7,18.2,84.5,1015
1986100200,12.4,0,1.1,16.7,93,1015.8
1986100206,14.2,0,2,24.9,90,1017.8
1986100212,17.1,0,1.6,60,71.5,1017
1986100218,14.7,0,1.8,10,84,1018.1
1986100300,11.7,0,0.7,357.3,94.5,1018.4
1986100306,12.5,0,0.6,284.1,94.5,1018.9
1986100312,20.5,0,2.8,7.9,56.5,1018.3
1986100318,15.9,0,0.7,359.5,76.5,1019.8
1986100400,11.6,0,0.5,318.7,94,1021.2
1986100406,14.5,0,2.6,16.7,84,1022.9
1986100412,21.6,0,3.9,45.1,48,1022.7
1986100418,15.5,0,1.3,354.2,72.5,1023.3
1986100500,11.6,0,0.6,347.4,94,1023.7
1986100506,14,0,0.7,10.8,94,1022.8
1986100512,22.6,0,1.9,155.9,57.5,1019.5
1986100518,17.4,0,0.1,0,83.5,1019.1
1986100600,15.1,0,0.3,3.8,95,1018.4
1986100606,17.3,0,0.4,0.9,84.5,1018.3
1986100612,23.1,0,2.3,96.8,56.5,1017.5
1986100618,18.5,0,2.4,38.2,84.5,1018.8
1986100700,15.9,0,2.5,29.9,89.5,1019.8
1986100706,17.6,0,3.1,36.2,79.5,1020.1
1986100712,20.1,0,3.5,66.6,58,1018.8
1986100718,15.2,0,1.8,13.6,81.5,1018.7
1986100800,12.9,0,1,3.3,90.5,1018.5
1986100806,15.6,0,1.6,356.6,88,1018.2
1986100812,20.2,0,3.4,80.2,61.5,1016.5
1986100818,16.3,0,1.1,28.4,79,1017.1
1986100900,14.9,0,0.4,0.8,91.5,1018
1986100906,15.8,0,0.3,63.7,92.5,1018.6
1986100912,20.8,0,2.7,177.3,61.5,1017.9
1986100918,17.4,0,1.2,317.6,74,1017.4
1986101000,15.4,0.4,0.7,11.2,93,1016.6
1986101006,16.3,0,0.9,352.4,95.5,1014.9
1986101012,18.5,5.1,3,80,83.5,1011.2
1986101018,12.7,12.2,1.4,344.5,95.5,1009.4
1986101100,12.2,0,1.7,324.9,87,1007.8
1986101106,16.1,0,4.3,340,74,1007.8
1986101112,19.8,0,4,8.7,51.5,1010.7
1986101118,15.3,0,1.5,14.7,74.5,1014.4
1986101200,11.8,0,1,335,89.5,1015.7
1986101206,13.6,0,1.5,297.9,84.5,1017.3
1986101212,19.1,0,2.6,65.9,51.5,1017.4
1986101218,13.7,0,1,353,75,1018.3
1986101300,9.5,0,0.2,348.7,93,1018.6
1986101306,12.3,0,0.6,318.7,88.5,1018.7
1986101312,21.6,0,2.8,160,44.5,1016.5
1986101318,15,0,0.7,289.8,70.5,1016.3
1986101400,10.2,0,0.2,333.4,92,1016.3
1986101406,12.9,0,1,289,90.5,1016.9
1986101412,22.1,0,2.5,205,46,1014.9
1986101418,15.9,0,0.6,340.5,73,1014.7
1986101500,11.4,0,0.4,317.1,89,1016.2
1986101506,13.6,0,1,336.6,89,1017
1986101512,21.4,0,2.8,155,53.5,1016.4
1986101518,15.5,0,0.6,307.2,74.5,1015.5
1986101600,10.8,0,0.2,335.9,94,1015.8
1986101606,13.5,0,1.1,335.4,91.5,1016.4
1986101612,22.7,0,3.3,348.3,33.5,1015.8
1986101618,17.2,0,2.7,27.7,51.5,1017.3
1986101700,12.7,0,0.9,11.2,83,1019.6
1986101706,13.5,0,1.9,25,83,1021.8
1986101712,15.7,0,4,63.2,53.5,1022.1
1986101718,11.8,0,2.9,40.1,74.5,1024.1
1986101800,10.3,0,2.5,10,79,1025.6
1986101806,11.2,0,2.2,32,73,1026.7
1986101812,13.8,0,2.8,76.4,54,1026.2
1986101818,11.1,0,1.6,18.5,63.5,1026.3
1986101900,7.2,0,0.4,298.4,86.5,1027.4
1986101906,9.7,0,2,75.1,84,1029.3
1986101912,15.3,0,4.6,76.8,39.5,1030.1
1986101918,11.9,0,2.7,24.9,56,1030.4
1986102000,10.7,0,3.2,3.9,60.5,1031.2
1986102006,11.8,0,1.3,5.2,67.5,1030.2
1986102012,17.4,0,2.4,215,46,1026.6
1986102018,11.9,0,0.7,308.4,71,1024.4
1986102100,10.2,0,0.3,335.9,90.5,1022.4
1986102106,11.6,0,0.2,357.1,92,1019.5
1986102112,15.1,6.3,1.4,292.3,96,1013.3
1986102118,15.1,0.2,1.7,71,95.5,1011.3
1986102200,12.6,0,3.8,18.2,89.5,1015.2
1986102206,12.5,0,5.4,35,79,1020.8
1986102212,12.8,0,4.7,50,60.5,1023.7
1986102218,9.4,0,1.8,11.7,69,1024.7
1986102300,5.7,0,0.2,0,91,1026
1986102306,7.8,0,0.4,341.1,90.5,1027.1
1986102312,16.9,0,3,166.8,45,1024
1986102318,12.4,0,0.9,308,71,1022.7
1986102400,10.2,0,1.2,312.9,89.5,1022.5
1986102406,12.4,0,1.4,14.7,89,1021.7
1986102412,13.9,0.6,2,354.2,78.5,1020.7
1986102418,11.4,0,0.4,340.3,91,1020.3
1986102500,8.1,0,1.4,276.5,94.5,1021.1
1986102506,10.8,0,1.7,353.2,87,1021.5
1986102512,20.2,0,2.2,136.1,43,1019
1986102518,13,0,0.2,348.7,66,1017.8
1986102600,9.3,0,0.5,263.6,91,1017.1
1986102606,11,0,0.6,350.3,86.5,1015.8
1986102612,16,0,1.9,340.5,65,1013
1986102618,12.7,0,3,3.3,36.5,1012.8
1986102700,8.1,0,1.7,21.9,47,1014
1986102706,9.1,0,2.9,34.2,46,1016.1
1986102712,16,0,3,101.8,26,1015.7
1986102718,10.4,0,0.8,315,53,1015.7
1986102800,7.7,0,0.3,13.6,81.5,1015.5
1986102806,10.5,0,0.5,29.5,67.5,1016.1
1986102812,18.4,0,3.6,17.3,42,1016
1986102818,10.4,0,2.4,37.1,44,1019.2
1986102900,7.2,0,3.2,20,42,1021.4
1986102906,7,0,1.6,18.2,49.5,1023.5
1986102912,11.5,0,1.8,354.1,41.5,1021.5
1986102918,7.3,0,0.5,322.4,64,1021
1986103000,5,0,2.2,359.1,84.5,1022.5
1986103006,7.1,0,4.1,343.4,57.5,1024.5
1986103012,12.1,0,4.4,0.4,33,1025.6
1986103018,6.6,0,1.9,341.6,45,1026.7
1986103100,2.3,0,1.4,314.3,71,1028
1986103106,4.8,0,0.8,293.2,74.5,1027.6
1986103112,15.7,0,2.7,171.6,48.5,1024.5
1986103118,10.5,0,1,296.6,66,1023.5
1986110100,5.5,0,0.6,333.4,92.5,1022.8
1986110106,7,0,1,285.2,89.5,1022.4
1986110112,18.1,0,2.3,163.3,37,1018.5
1986110118,11.3,0,0.9,265.5,63.5,1018.2
1986110200,6.8,0,0.1,350,93,1019
1986110206,8.7,0,1.4,346,91,1019.2
1986110212,18.7,0,2.2,160,36.5,1017.8
1986110218,11.2,0,0.4,0,67,1017.5
1986110300,5.5,0,0.6,311.9,93.5,1016.3
1986110306,7.6,0,0.3,305,88,1015
1986110312,17.9,0,4,322.9,40,1011.8
1986110318,10.4,0,0.5,25,84.5,1014.2
1986110400,7.9,0,2.6,350.2,74,1016.7
1986110406,8.1,0,2.8,356.7,58.5,1020.2
1986110412,12.8,0,3.9,49.8,28.5,1018.9
1986110418,6.8,0,1.5,336.5,43.5,1020.4
1986110500,1.9,0,0,0,72.5,1021.5
1986110506,4.5,0,0.8,208.9,80,1022.2
1986110512,15.8,0,2.7,153,32.5,1022.4
1986110518,8.7,0,0.5,296.6,54,1023
1986110600,3.6,0,0.3,312.1,87,1023.9
1986110606,5.9,0,0.5,70,90.5,1024.5
1986110612,17,0,2.4,193.1,34.5,1022.2
1986110618,10.6,0,0.3,345.1,48.5,1021
1986110700,8.2,0,0.3,350,71.5,1020.5
1986110706,11.5,0,1.1,339.2,61,1019.3
1986110712,19.9,0,4.8,307.1,45.5,1016.1
1986110718,13.6,0,2.5,0,55,1017.2
1986110800,8.7,0,3.4,353.6,48.5,1020
1986110806,7.8,0,3,42.3,53,1020.8
1986110812,14.4,0,2.4,97.5,29,1020.4
1986110818,8.5,0,0.9,271.4,54,1019.9
1986110900,8,0,1.4,317.1,56,1018.2
1986110906,7.2,2.8,1.3,353,87.5,1018.7
1986110912,13.9,0,1.9,38.5,67.5,1014.8
1986110918,9.4,0,1.4,3.3,61.5,1015.4
1986111000,3.9,0,0.6,315,92.5,1016.8
1986111006,5.6,0,0.7,280,93.5,1018
1986111012,15.7,0,3.8,331.1,26.5,1016
1986111018,10,0,2.4,346.2,41,1017.2
1986111100,7,0,3.3,0,51,1021.7
1986111106,6.9,0,2.9,17.7,47,1024.1
1986111112,12.5,0,3.8,76.5,25.5,1024.2
1986111118,6.5,0,0.2,315,50,1026.6
1986111200,4,0,0.2,324.9,77,1026.8
1986111206,6.3,0,0.5,356.5,78.5,1026.2
1986111212,14.8,0,1.8,170,56,1023.2
1986111218,12.7,0,1.2,254.7,69,1021.8
1986111300,11.2,0,0.6,158.4,79,1021.3
1986111306,11.7,0,0.2,348.7,92.5,1020.2
1986111312,14.6,5.2,0.4,45,94.5,1017.3
1986111318,11.9,0,0.3,338.1,93,1017.5
1986111400,7.6,0,0.3,344.8,97.5,1018.8
1986111406,9.6,0,1,318.7,96,1019.7
1986111412,16.2,0,1.6,17.9,62.5,1018.7
1986111418,14.7,0,2.5,14.7,53,1019.2
1986111500,11.1,0,3.5,35,44,1020.3
1986111506,8.5,0,3,35,43,1022.2
1986111512,11.9,0,3.2,18.2,25,1021.6
1986111518,7.4,0,4.1,28.5,30.5,1022.2
1986111600,3.7,0,2.9,22.6,38,1024.2
1986111606,4.4,0,2,5.7,43,1025.7
1986111612,10.5,0,2.2,38.2,40.5,1024.2
1986111618,7.3,0,1.5,339,63.5,1024
1986111700,4.6,0,0.2,339.4,78.5,1023.4
1986111706,5.3,0,0.4,350.1,82,1023
1986111712,14.6,0,3.3,16.1,28,1021.1
1986111718,9.3,0,2,26.9,33.5,1021.8
1986111800,5.8,0,3.6,29.9,63.5,1023
1986111806,6.9,0,1.1,359.3,73,1023.8
1986111812,14.9,0,2,107.7,42.5,1022.1
1986111818,9.1,0,1,356.4,70,1022.6
1986111900,5.5,0,0.5,335.9,87.5,1022.8
1986111906,7.9,0,1.2,7.2,77.5,1022.1
1986111912,15,0,2.6,48.4,33.5,1019
1986111918,8.9,0,1.2,15.7,48.5,1019.7
1986112000,7.2,0,2.9,24.8,55,1020.9
1986112006,8.1,0,2.6,8.7,47,1022.5
1986112012,13.5,0,3,19.4,28,1022.8
1986112018,7.4,0,1.2,347.4,37,1024.2
1986112100,3.5,0,1.4,348.4,64,1025.1
1986112106,5.2,0,1.8,285.6,72.5,1026.7
1986112112,14.9,0,1.6,110,37,1025.1
1986112118,8.5,0,0.9,340.1,47.5,1027.1
1986112200,4.1,0,0.9,326.4,64.5,1028.9
1986112206,6.1,0,0.8,11.9,70.5,1030.2
1986112212,15.3,0,2,80,49.5,1029.3
1986112218,11,0,1.1,14.4,67.5,1030.7
1986112300,8.3,0,0.8,0,83.5,1030.9
1986112306,10.3,0,3.1,312.7,88,1030.3
1986112312,14.4,0,4.8,110,68,1028.7
1986112318,14,0,2.4,94.8,73.5,1028.6
1986112400,12.9,0,1.2,318.5,82.5,1026.1
1986112406,13.2,0,1.2,322.7,87.5,1023.7
1986112412,17.6,0,1.3,172.4,73.5,1019.7
1986112418,15.3,0,1.7,44.2,83.5,1017.8
1986112500,12.5,0,5.1,6.6,82,1017.1
1986112506,10.1,0,5.5,346.6,64,1018.7
1986112512,10.3,0,6.4,350,31,1019.5
1986112518,4.2,0,3.4,0.4,34.5,1023.6
1986112600,0.5,0,4,21.9,45.5,1026.9
1986112606,0.9,0,5.3,10.2,43,1029.7
1986112612,6.4,0,4.5,1.3,27.5,1030
1986112618,1.3,0,1.7,27.3,35.5,1032.1
1986112700,-1.4,0,1.4,263,48,1033
1986112706,-0.5,0,1.5,338.7,55,1033.1
1986112712,6.4,0,2.2,43.3,36.5,1031.2
1986112718,3,0,1.7,23.7,40.5,1030.6
1986112800,0.3,0,1.5,8.7,55,1030.7
1986112806,3.1,0,2.5,49.1,61,1030.1
1986112812,7.4,0,3.9,0,46,1027.8
1986112818,6.2,0,0.7,353.4,49.5,1027.9
1986112900,4.7,0,1.9,357,59.5,1028.7
1986112906,2.2,0,4.7,6.6,54,1030.7
1986112912,5.9,0,4.2,353.4,27.5,1030.1
1986112918,1,0,2.9,20,32,1030.8
1986113000,-1.1,0,3.1,10,39.5,1030.1
1986113006,0.7,0,2.4,312.6,60.5,1029.2
1986113012,8.8,0,4.2,310.1,39.5,1025.2
1986113018,3.7,0,0.8,335.3,56,1024.8
1986120100,-0.4,0,0.8,283.4,80.5,1025.9
1986120106,2.6,0,1.7,11.7,86,1028.9
1986120112,11.4,0,2.4,109.6,40.5,1027.1
1986120118,5.5,0,0.1,353.7,63,1028.1
1986120200,1.6,0,0.1,11.4,90,1028.3
1986120206,2.3,0,0.2,29.5,94,1028.2
1986120212,12.9,0,1.7,95,59.5,1026.1
1986120218,10.9,0,1.5,335.1,79.5,1024.2
1986120300,7.1,0,0.8,1.5,96.5,1021.2
1986120306,6.1,0,0.8,358.9,97,1018.2
1986120312,12.9,0,2.9,293.2,56.5,1014.6
1986120318,9.3,0,1.5,358.5,63.5,1013.7
1986120400,6.8,0,3.2,350.4,63.5,1013
1986120406,7.1,0,4.7,340,56.5,1013.8
1986120412,10.5,0,3.9,356.7,43,1013.8
1986120418,5.7,0,2.8,356.7,41,1016.2
1986120500,3.7,0,3.4,16.2,49.5,1017.9
1986120506,2.2,0,1.5,338.6,60.5,1019.9
1986120512,10.3,0,2,74.3,37,1019.8
1986120518,6.4,0,1.2,341.3,56,1021.3
1986120600,1.3,0,0.4,335.5,81.5,1022
1986120606,3.3,0,0.6,264.9,86,1020.9
1986120612,14.5,0,3.2,115,61.5,1016.5
1986120618,8.6,0,3.2,40.9,64.5,1018.5
1986120700,4.9,0,4.4,353.6,51.5,1022.4
1986120706,4,0,3.3,346.5,54.5,1025.4
1986120712,8.8,0,2.6,43.4,40.5,1025.6
1986120718,4.2,0,2.4,26.6,49,1027.2
1986120800,1.5,0,0.8,344.5,64.5,1028
1986120806,0.6,0,0.7,350.4,73.5,1028.8
1986120812,11.5,0,1.8,75.9,44.5,1027.9
1986120818,7.2,0,1,357,52,1027.9
1986120900,0.5,0,0.1,350.2,78,1027.1
1986120906,1.9,0,0,0,80.5,1026.4
1986120912,14.3,0,1.1,148.2,29.5,1022.8
1986120918,6.5,0,0.7,341.3,34,1021.3
1986121000,1.8,0,0.6,348.4,65,1020.1
1986121006,4.8,0,2.3,278.1,69,1019.5
1986121012,11.8,0,4.2,336,37,1018.6
1986121018,6.7,0,1.8,310.9,49,1020.7
1986121100,4,0,1.8,23.2,58,1022.2
1986121106,4.4,0,1.5,323.1,62.5,1023.3
1986121112,13.9,0,2,40.4,32,1022.5
1986121118,6.5,0,0.4,304.7,46,1022.7
1986121200,0.9,0,1,304.2,65.5,1022.6
1986121206,3.5,0,1.4,267.1,63.5,1023.1
1986121212,15.7,0,3,74.8,31,1023.5
1986121218,10.1,0,1.4,331.5,73.5,1026.8
1986121300,7.3,0,0.7,290.8,90,1028.3
1986121306,8,0,0.3,305,91,1028
1986121312,14.8,0,3,86.6,60.5,1023.8
1986121318,11,0,1.1,63.2,77.5,1022.4
1986121400,9.2,0,0.3,315,87,1019.8
1986121406,10.5,0,0.4,340.4,91,1016.8
1986121412,13.4,0.2,2.8,24.9,83.5,1014
1986121418,10.2,11.6,3.9,16.7,95,1013.3
1986121500,8.5,6.2,4.1,13.4,95,1015.1
1986121506,6.7,0.1,3.8,16.7,85.5,1019.8
1986121512,6.4,0.1,3.4,20,76.5,1022
1986121518,5.2,0,3,16.7,72,1025.6
1986121600,3.9,0,3.7,20,71,1027.8
1986121606,4.5,0,1.1,22.4,77,1029.2
1986121612,9.8,0,3.2,83.4,52.5,1027.2
1986121618,5.4,0,0.3,353.5,73,1026.8
1986121700,2.1,0,0.2,334.8,92,1026.8
1986121706,3.3,0,0.4,2.1,93,1027.1
1986121712,11.5,0,2.6,114.3,55.5,1026.1
1986121718,10.1,0,1.1,66.5,62.5,1024.5
1986121800,8.2,0,1.2,328.5,85,1020.8
1986121806,8.1,5,1.4,337,95.5,1014.9
1986121812,9.4,19.8,2.8,20,91.5,1007.2
1986121818,7.7,0,4,353.6,66,1009.3
1986121900,6.2,0,2.8,346.9,62,1010.8
1986121906,5.4,0,4.5,346.9,63,1011.5
1986121912,5.8,0,5.3,357,60,1011.8
1986121918,4,0,3.9,13.4,70.5,1017.9
1986122000,1.7,0,1.4,31.9,85,1022.8
1986122006,0.7,0,1.1,281.4,86.5,1025.4
1986122012,9.3,0,1.5,168.9,45,1024.8
1986122018,5.7,0,0.6,356.8,60.5,1024.5
1986122100,0.9,0,1.1,324.2,83,1023.6
1986122106,2,0,2.3,351.1,69,1023.5
1986122112,8.3,0,3.7,0,41,1021.5
1986122118,4.2,0,1.2,329.3,58,1022.4
1986122200,2,0,3.1,8.7,60,1024.9
1986122206,0.7,0,2.6,15.6,53.5,1028.5
1986122212,6.2,0,2.7,34.5,29.5,1028.3
1986122218,1.4,0,0.8,352.4,37,1028.2
1986122300,-1.9,0,1.3,307.2,55,1027.2
1986122306,0.1,0,0.5,335.5,58,1025.1
1986122312,9,0,4,258.4,48,1022.2
1986122318,4.2,0,1.2,10.2,55,1022.4
1986122400,-0.8,0,0.8,318.7,79,1021.8
1986122406,1.1,0,0.8,267.1,90,1020.6
1986122412,12.5,0,1.6,155.8,54.5,1018.3
1986122418,7.9,0,0.5,323,79.5,1018.5
1986122500,7.6,0,1.6,9.7,79,1018.3
1986122506,6.8,0,4.1,11.2,69,1019.2
1986122512,9.4,0,5.3,356.7,35,1019.7
1986122518,3.8,0,3.1,340,30,1023.6
1986122600,-1.6,0,2.4,16.5,36.5,1026.5
1986122606,-2,0,2.9,45.7,49.5,1029.1
1986122612,5.3,0,2.6,23.2,25.5,1029.1
1986122618,0.2,0,2.4,15.9,25,1029.9
1986122700,-1.6,0,0.7,322.3,37.5,1028.2
1986122706,-0.4,0,0.3,316.2,50,1025.4
1986122712,4.8,0,1.9,14.1,60.5,1021.5
1986122718,2.1,0,3.8,13.4,68,1020
1986122800,-0.2,0,4.8,10,64.5,1019.7
1986122806,-0.7,0,5.6,6.6,62.5,1020.2
1986122812,3,0,6.4,343.4,46.5,1020.2
1986122818,-1.1,0,2.8,8.5,48.5,1022.7
1986122900,-3.6,0,2.5,40,56,1024.2
1986122906,-3.3,0,1.2,341,65.5,1024.2
1986122912,5.4,0,2.4,8.7,40.5,1022.2
1986122918,1.8,0,1.5,6.6,52.5,1023.3
1986123000,-0.8,0,1.8,331.8,65,1024.2
1986123006,0.3,0,1.1,19.2,78,1024
1986123012,5.9,0,0.1,11.4,65,1021.8
1986123018,5.6,0.3,0.5,357.1,94.5,1019
1986123100,5.1,0.2,0.5,2.3,97,1014.7
1986123106,8.6,0,0.4,12.1,92,1012
1986123112,13.3,0,3.9,351.7,62,1013
1986123118,7.5,0,2.8,7.9,38.5,1018.9
1987010100,-0.2,0,2.8,29.2,43.5,1025.7
1987010106,0.1,0,1.3,15.8,43.5,1027.9
1987010112,6.8,0,2.8,66,40.5,1027.6
1987010118,5.4,0,2.7,18.2,69.5,1027.4
1987010200,5.7,2.8,2.1,35,91.5,1025.1
1987010206,7,7.3,1.6,45,96,1020.3
1987010212,7.4,15.2,1.6,350.3,96,1012.1
1987010218,7.6,6.1,0.7,357.1,96.5,1010
1987010300,5.5,0,2.9,17.3,90.5,1012.5
1987010306,3.3,0,4.2,26.6,67.5,1015.7
1987010312,6.7,0,3.5,356.7,45.5,1017.7
1987010318,2.8,0,2,3.9,42,1020.5
1987010400,-0.2,0,3.2,11.2,41.5,1021.1
1987010406,-1,0,3.6,50,41.5,1023.3
1987010412,6.3,0,2.5,46.9,27,1022.9
1987010418,2.4,0,1,349.3,43.5,1023.2
1987010500,1.9,0,0.6,341,60,1022.2
1987010506,3,0,1.2,2.1,68,1020.4
1987010512,7.2,0,3,14.7,54,1017.9
1987010518,4.5,0,3.2,6.6,40.5,1019.6
1987010600,1.2,0,3.5,32.8,48.5,1021.8
1987010606,2.5,0,2.2,30.7,51.5,1024.9
1987010612,8.8,0,3.7,3.4,42,1025
1987010618,3.6,0,1.3,13.8,59,1027.1
1987010700,-0.6,0,0.6,325,83,1026.4
1987010706,-0.3,0,0.3,271.1,90,1023.8
1987010712,9.6,0,3.9,267,61.5,1018.3
1987010718,8.2,0.2,4.4,314.9,76.5,1013.7
1987010800,3.3,0,3.2,0.4,59,1016.2
1987010806,2.2,0,1.3,295,64.5,1020.5
1987010812,8.8,0,3.2,242.1,35.5,1018.1
1987010818,4.6,0,0.6,341,50,1017.5
1987010900,-0.3,0,0.2,333.4,80.5,1018.2
1987010906,0,0,0.5,348.4,91.5,1019.2
1987010912,9.8,0,3.4,11.4,48,1018.5
1987010918,4.4,0,3.7,37.1,37.5,1019.8
1987011000,-0.7,0,6.2,10,33.5,1023.2
1987011006,-2,0,2.6,28.5,35.5,1026.9
1987011012,3.3,0,5.2,333.2,27.5,1027.2
1987011018,-0.7,0,1.3,3.3,35,1029.5
1987011100,-4.1,0,1.1,333.2,41.5,1030.6
1987011106,-3.5,0,0.9,273.1,53,1030.7
1987011112,6.3,0,1.8,150.7,50,1025.8
1987011118,3.4,0,2.2,356.9,64.5,1023.2
1987011200,1.9,0,1.2,348.4,63,1019.9
1987011206,1,0,1.4,22.9,79.5,1014.4
1987011212,1.6,1.1,4.6,3.3,82,1010.2
1987011218,-3.4,0,5.2,336.6,58.5,1011.2
1987011300,-6.1,0,6.1,343.4,52.5,1010.8
1987011306,-5.3,0,6.4,3.3,53.5,1012.4
1987011312,-1.2,0,5.6,350.2,39,1015.3
1987011318,-5.4,0,4.2,3.3,46,1018
1987011400,-8.3,0,4.5,3.3,47,1020.9
1987011406,-5.6,0,3.1,7,42,1022
1987011412,3.7,0,4.6,343.3,30.5,1019.8
1987011418,1.9,0,2.6,353.6,40.5,1021.2
1987011500,-0.4,0,1.5,354.3,64.5,1023.9
1987011506,-0.7,0,0.8,303.8,82.5,1025.5
1987011512,9.2,0,2.7,269.9,49.5,1024.3
1987011518,4,0,0.8,318.4,61,1024.6
1987011600,-0.3,0,0.8,323.5,90,1024.6
1987011606,1.1,0,0.5,353.6,92.5,1022.7
1987011612,8,1,0.8,298.9,91,1016.7
1987011618,8.9,1.6,2.8,281.2,84,1011.8
1987011700,7.5,0,6.4,299.9,51,1013.6
1987011706,4.2,0,7,320,44,1015.8
1987011712,6.6,0,5.4,332.5,33,1016.1
1987011718,1.2,0,3.7,0,39,1020.9
1987011800,-2,0,4,0,48,1022.7
1987011806,-1.9,0,3.9,6.6,51.5,1024.2
1987011812,3.1,0,3.7,3.3,44,1022.9
1987011818,1.8,0,1.6,14.1,44,1022.3
1987011900,0.5,0,2.2,348.7,53.5,1022.8
1987011906,-1.3,0,3.2,353.5,48,1024
1987011912,3.1,0,4.3,11.2,27,1023.2
1987011918,-0.9,0,3,6.6,31.5,1024.6
1987012000,-3.6,0,1.7,10,52,1026.1
1987012006,-2.6,0,1.9,23.2,67,1027.5
1987012012,4.7,0,2.4,66.6,35.5,1026.2
1987012018,-0.4,0,0.9,334.2,41,1026.6
1987012100,-4.5,0,0.3,348.8,65.5,1027.4
1987012106,-3.6,0,0.1,0,76,1028.1
1987012112,7.2,0,1.5,121.9,36.5,1026.8
1987012118,2.9,0,0.7,329.5,42,1028.1
1987012200,-2.4,0,0.6,0,68,1029.2
1987012206,-1.8,0,0.2,0,76,1030.1
1987012212,10,0,1.6,157.7,52.5,1028.4
1987012218,6.4,0,0.6,326.9,77,1027
1987012300,3.4,0,0.7,309.6,92.5,1023.8
1987012306,4.6,7.4,0.7,346.3,97,1017.6
1987012312,6.4,5,2.9,26.6,92.5,1010.7
1987012318,5.1,0,4.6,353.4,69.5,1012.8
1987012400,0.6,0,5.2,343.4,54.5,1015.5
1987012406,-1.7,0,4.9,340,50.5,1018.2
1987012412,2.2,0,4,343.4,42,1019.5
1987012418,-1.3,0,3.7,3.3,39.5,1020.7
1987012500,-4.5,0,4.1,13.4,50.5,1021.2
1987012506,-5,0,5.3,6.6,47.5,1022.8
1987012512,1,0,4.5,4.3,38.5,1023.3
1987012518,-1.9,0,2.8,6.6,36,1026
1987012600,-3.8,0,4.6,7.9,40,1027.6
1987012606,-2.1,0,3,15,41.5,1026.9
1987012612,4.7,0,3.6,0.4,34.5,1025.7
1987012618,1.2,0,2.9,350.2,37,1026.2
1987012700,-0.6,0,2.7,19.7,50,1026.6
1987012706,0.2,0,3.9,19.7,60.5,1025.9
1987012712,7,0,3.7,3.3,40.5,1024.6
1987012718,3.4,0,1.7,0,41.5,1024.7
1987012800,-0.4,0,0.6,70.2,68.5,1025.3
1987012806,0.4,0,1.2,277.4,70.5,1025.9
1987012812,10.9,0,2.2,288.6,25,1024.4
1987012818,4.6,0,0.7,315,38,1024.2
1987012900,-1.6,0,0.5,315,77,1024.1
1987012906,-0.4,0,0.3,344.3,84,1024.1
1987012912,11.9,0,4,256.6,36.5,1021.3
1987012918,8.6,0,2.9,242.6,49,1021.2
1987013000,5.6,0,2.2,352.4,66,1021.6
1987013006,3.5,0,3.2,29.9,51.5,1024.7
1987013012,8.8,0,3.3,352.4,25,1024.9
1987013018,2.4,0,3.4,6.6,20,1025.6
1987013100,-2.8,0,3.9,10,33.5,1027.4
1987013106,-3.3,0,4.2,354.9,48,1028.8
1987013112,1.8,0,5.1,343.4,29,1028.9
1987013118,-1.6,0,2.5,20,30.5,1030.3
1987020100,-5.3,0,1.6,340.5,47,1031.7
1987020106,-4.6,0,1.5,310.4,56,1031.2
1987020112,5,0,1.9,142.3,39,1028.1
1987020118,0.9,0,0.8,340,40.5,1026.2
1987020200,-3.1,0,0.7,277.8,54,1023.9
1987020206,-1.5,0,0.9,293.9,64,1020.7
1987020212,5,0,4.3,287.3,45.5,1013.8
1987020218,-1.8,0.3,5,343.4,65,1013
1987020300,-5.1,0,7,340,55,1013.4
1987020306,-4.9,0.7,6.3,350.2,77.5,1011.8
1987020312,1.3,1.3,6.5,10,53.5,1015.3
1987020318,0.3,0,4.8,3.3,53.5,1022.1
1987020400,-2.1,0,3.7,7.9,52.5,1025.8
1987020406,-1.6,0,5.6,357,41.5,1025.4
1987020412,3.9,0,5.2,3.3,32,1023.1
1987020418,0.9,0,2.6,14.7,34,1022.3
1987020500,-0.4,0,3.9,26.6,35,1021.5
1987020506,1.7,0,5.1,6.6,34.5,1020.2
1987020512,8.6,0,4.6,23.2,27,1019.4
1987020518,4.2,0,1.7,356.7,38.5,1019.6
1987020600,1.8,0,2,351.8,55,1019.6
1987020606,2.2,0,1,264.9,62.5,1019.8
1987020612,12,0,2.5,246.7,25,1016.9
1987020618,6.1,0,0.6,332,28,1016
1987020700,-0.3,0,0.1,0,69,1016.3
1987020706,0.5,0,0.2,347.9,85,1016.2
1987020712,13.5,0,1.8,45.1,34.5,1015.9
1987020718,8.5,0,1.5,15.6,32,1017.3
1987020800,1.1,0,0.8,315,67.5,1019.7
1987020806,0.9,0,0.9,266.7,81.5,1021.7
1987020812,13.2,0,3.2,180.5,32,1021
1987020818,6.6,0,0.3,4.8,53,1020.6
1987020900,1.4,0,0.1,11.3,77.5,1020.6
1987020906,6.7,0,2.5,300.8,71.5,1020.2
1987020912,18.5,0,4.9,250,31,1018.3
1987020918,12.6,0,1.9,224.4,56,1019.2
1987021000,11,0,3,241.3,73,1019.2
1987021006,13,0,4.1,253.4,83,1018.5
1987021012,18,0,4.7,225.1,67.5,1015.7
1987021018,16.8,0,3.2,229.1,72.5,1013.3
1987021100,15.6,0.7,4.5,229.1,90,1012
1987021106,16,1.8,2.9,223.8,88,1010.5
1987021112,16.8,0.3,3.6,256.6,86,1008.4
1987021118,10.5,2.7,3.3,58.9,93,1008.3
1987021200,7.2,3.7,2.6,0,96.5,1010.7
1987021206,5.3,8.4,3.4,0,94,1012.5
1987021212,7.2,0,3.5,16.7,77,1015.3
1987021218,5.7,0,1.2,350.2,88,1018
1987021300,2.3,0,0.8,343.4,97.5,1019.6
1987021306,2.9,0,0.9,292.3,98,1020.2
1987021312,12.3,0,2.9,288.5,45.5,1016.8
1987021318,8.7,0,1.4,314.5,43,1014.6
1987021400,6.8,0,1.8,350.9,48,1015.2
1987021406,6.2,0,3.9,340,57,1020.2
1987021412,8.4,0,3.5,343.4,29.5,1021.8
1987021418,5.3,0,4.1,0,27.5,1023
1987021500,1.7,0,2.9,16.7,27.5,1023
1987021506,0.5,0,3.5,26.6,38.5,1024.7
1987021512,7.8,0,3.5,31.6,27.5,1023.7
1987021518,4.7,0,1.8,329.3,28,1024.6
1987021600,0.5,0,2.9,15.1,36.5,1026.5
1987021606,1.1,0,1.5,32.6,42,1029.1
1987021612,8.9,0,3,133.8,36.5,1026.9
1987021618,5.1,0,0.8,279.8,63,1025.8
1987021700,4,0,0.3,359.1,79.5,1024.8
1987021706,4.6,1.5,0.8,13.3,88,1023
1987021712,5.4,7.5,2.8,10,96.5,1020.5
1987021718,5.4,1.4,3.4,24.9,95,1019.3
1987021800,5.4,0,3.7,20,82,1020.1
1987021806,5.4,0,3.3,10,81.5,1022.1
1987021812,7,0,3.5,43.4,73.5,1023.5
1987021818,3.9,0,1.8,330.5,79.5,1025.4
1987021900,1.7,0,0.9,301.9,94,1026.8
1987021906,2.8,0,1.5,319.5,93.5,1027.8
1987021912,5,0.5,2.7,46.3,88,1027.6
1987021918,3.9,0.1,2.2,6.6,93.5,1027.3
1987022000,3.5,0,0.1,356.7,94,1026.3
1987022006,4.6,0,1.2,348.3,94.5,1025.7
1987022012,10.5,0,3.3,32.6,44,1024
1987022018,6,0,2.3,34.2,56.5,1024.4
1987022100,2.5,0,1.4,336.6,87.5,1025.1
1987022106,3.4,0,0.1,11.4,85.5,1024.5
1987022112,8.8,0,1.4,174.7,64.5,1021.8
1987022118,6.3,0,0.5,359.1,76.5,1019.7
1987022200,2.8,0,1.6,330.1,42,1019.2
1987022206,3.4,0,1.5,30.6,50,1018.1
1987022212,11.1,0,2.5,76.5,27.5,1015.8
1987022218,6,0,0.8,358,32.5,1015.5
1987022300,0.4,0,0.5,310.9,63.5,1016.8
1987022306,2.2,0,1.4,273.3,66.5,1017.2
1987022312,13.2,0,3.5,267.7,36.5,1014.9
1987022318,9.5,0,3.2,263.5,50,1014.7
1987022400,5.8,0,1.7,336.6,77.5,1013.9
1987022406,5.7,0,1.5,315,81.5,1012.1
1987022412,8.8,1.8,5.9,324.2,69.5,1008
1987022418,2,0.3,6.4,336.6,48.5,1010.2
1987022500,-3.5,0,7,320,41.5,1016.5
1987022506,-3.2,0,2.9,312.6,45,1019.3
1987022512,3,0,4.6,350,31,1018.6
1987022518,0,0,1.7,0,26,1019.1
1987022600,-3.5,0,2.9,350.2,34.5,1021.1
1987022606,-2.5,0,2.9,331.9,48.5,1021.2
1987022612,2.6,0,6.5,316.3,27.5,1018.3
1987022618,-1,0,3.2,353.7,25,1017.7
1987022700,-4,0,1.4,16.7,44.5,1018.2
1987022706,-3.5,0,2.8,357.7,51.5,1017.7
1987022712,0.8,0,5.1,350.2,34,1014.4
1987022718,-2.9,0,4.3,0,42.5,1014.8
1987022800,-4.3,0,3.7,356.7,52.5,1015.9
1987022806,-1.8,0,3.8,311.3,51.5,1015.2
1987022812,5.6,0,4.7,256.8,39,1012.8
1987022818,3.4,0.1,2.7,318.1,72.5,1010.8
1987030100,0.6,0,2.7,318.4,58.5,1012.4
1987030106,0.6,0,5.4,336.6,50,1013.6
1987030112,3.6,0,6.1,353.5,34,1016.4
1987030118,1,0,3.2,10,42,1020.7
1987030200,-2.5,0,3,6.6,50.5,1023.8
1987030206,-1.8,0,2.1,346.5,55.5,1025.8
1987030212,6.9,0,2.5,12.6,31,1024.6
1987030218,2.7,0,1.7,317.9,33,1024.1
1987030300,-1.2,0,1.6,334.2,57,1023.8
1987030306,3,0,2.4,15,45.5,1022.5
1987030312,12.6,0,5.8,346.8,33.5,1019.8
1987030318,8.9,0,1.4,335.7,39.5,1018.1
1987030400,2.8,0,0.6,317.1,73,1017.8
1987030406,4.8,0,0.9,303.6,78.5,1016.2
1987030412,13.9,0,6.5,243.2,54.5,1010.5
1987030418,11.6,0,2.8,256,68,1008.3
1987030500,8.8,0,1.9,266.6,66,1010.4
1987030506,10.7,0,3.2,250.7,62,1011.5
1987030512,19.6,0,7.1,288.2,27.5,1008.4
1987030518,13.4,0,3.1,14.7,37.5,1009.3
1987030600,8.1,0,2.7,61.9,41,1012.2
1987030606,5.9,0,3,77.7,46.5,1014.2
1987030612,9.6,0,4.8,56.4,25.5,1014.2
1987030618,5.4,0,3.1,51.8,71.5,1016
1987030700,5.6,0,3.8,68.1,75,1014.8
1987030706,3.3,3,4.6,59.8,88.5,1012.2
1987030712,3.8,3,3.7,45.1,89.5,1011.3
1987030718,2.7,1.6,1.9,346.2,80.5,1015.2
1987030800,-0.6,0,0.3,353.4,90,1017.4
1987030806,1.5,0,0.6,357.9,91,1019.1
1987030812,10.6,0,3.2,180,54,1017
1987030818,8.2,0,2.5,266,63,1015.7
1987030900,6.9,0,1.3,355.9,64.5,1015.4
1987030906,7,0,3.1,18.2,50.5,1015.8
1987030912,8.8,0,5.2,83.4,53,1016.8
1987030918,5.3,0,2.4,32.9,68,1020.1
1987031000,5.4,0,2.2,48.4,75.5,1021.5
1987031006,5.8,0,3.7,100.2,67.5,1021.6
1987031012,6.7,0,2.9,100,63.5,1019
1987031018,5.5,0,1.2,70.5,75,1016.7
1987031100,3.7,0,1.2,3.7,89.5,1014.8
1987031106,5.2,0,3.1,3.3,77,1014.6
1987031112,12.5,0,3.8,10.6,31.5,1014.8
1987031118,6.7,0,1.4,28.5,61,1017.2
1987031200,3.1,0,0.7,322,87,1018.9
1987031206,5.7,0,0.5,0,85.5,1019.8
1987031212,11.7,0,3.8,156.7,64.5,1018.1
1987031218,9.7,0,1.6,113.9,71.5,1016.5
1987031300,7.9,1.7,1,335.9,86.5,1013.5
1987031306,8.3,7.9,0.8,344.3,97,1010.7
1987031312,13.9,0,1.4,140.4,85.5,1008.7
1987031318,12.4,0,1.3,150.6,88,1008.2
1987031400,9.9,0,1.4,353.3,91,1007.3
1987031406,9.8,0.2,3.1,25,63,1007.8
1987031412,12.8,0,4.2,353.7,36,1009
1987031418,8,0,3,36.5,28,1012.2
1987031500,1.9,0,2,15,36.5,1015.2
1987031506,3.8,0,2.9,16.7,40.5,1016.1
1987031512,10.3,0,2.1,303.1,25.5,1013.4
1987031518,7,0,2,17.9,32,1013.8
1987031600,1.2,0,0.9,290.4,57.5,1016.3
1987031606,4.1,0,1.6,284.5,68.5,1018
1987031612,10.7,0,4.3,156.7,41.5,1017.6
1987031618,8,0,1.5,190,58.5,1017
1987031700,5.4,0,0.8,303.4,73.5,1015.1
1987031706,5.5,0.4,0.4,346.4,82.5,1011.7
1987031712,8.8,4.7,0.5,331,91.5,1009.2
1987031718,8.8,0,1,254.3,86,1007.5
1987031800,7.5,0,2.1,84.7,89.5,1010.6
1987031806,9.1,0,2.7,350,63,1016.2
1987031812,14.4,0,3.6,146.1,36.5,1017.3
1987031818,10.1,0,1.6,220.7,62.5,1017.5
1987031900,6.9,0,0.8,334.2,88,1017
1987031906,8.7,0.3,1.5,27.6,90,1014.2
1987031912,9.8,11.3,3.1,46.8,93.5,1007.9
1987031918,7.8,8.5,5.2,20,96,1006.5
1987032000,7.1,0,4,20,89.5,1011
1987032006,7.8,0,2.8,18.2,77,1015.4
1987032012,11.5,0,3.3,101.5,58,1016.3
1987032018,8,0,1.2,50.7,74,1017
1987032100,3.7,0,0,0,96.5,1017.6
1987032106,6.6,0,1.5,342.2,94.5,1019.3
1987032112,13,0,6.4,86.7,60.5,1019.4
1987032118,8.6,0,3.1,51.8,76,1022.4
1987032200,7.4,0,2.5,21.6,79.5,1023
1987032206,7.5,0,2.5,10,86,1023.2
1987032212,9.1,0,2.5,24.9,84.5,1020.9
1987032218,8.6,0,2.8,21.6,90,1020.8
1987032300,7.8,5,1.6,342.1,95.5,1018.8
1987032306,8.6,10.8,2.2,21.6,95.5,1016
1987032312,9.8,2.8,2.8,20,95,1012.8
1987032318,8.8,1.4,3.1,20,96,1009.9
1987032400,8,4.5,3,0,95.5,1006.9
1987032406,7.8,1.9,1.4,357.7,96,1005.8
1987032412,9.3,1,1.4,174.7,88.5,1006.7
1987032418,8.9,0.3,1.7,258,96,1009.1
1987032500,2.4,0,4.8,0,54.5,1011.2
1987032506,0.5,0,3.5,315.1,39.5,1016.5
1987032512,3.2,0,7.3,346.9,31,1018.4
1987032518,0.6,0,2.8,1.3,34,1021.2
1987032600,-2,0,3.2,7.7,43.5,1024.2
1987032606,0.1,0,2.7,353.7,47.5,1025.8
1987032612,7.8,0,3.7,305,28,1024.1
1987032618,4.8,0,1.1,14.9,45,1023.3
1987032700,0,0,1.5,355.5,69,1025.6
1987032706,2.2,0,0.9,343.9,66.5,1025.8
1987032712,10.3,0,3.8,166.6,38.5,1023.4
1987032718,6,0,1.1,278.9,60.5,1023.8
1987032800,0.8,0,0.3,352.4,88,1026.2
1987032806,3.8,0,1,278.5,77,1027.2
1987032812,12,0,3.3,170.2,34,1025.2
1987032818,9.2,0,0.9,243.4,37,1023.5
1987032900,4.7,0,0.5,322,62.5,1021.8
1987032906,6.8,0,1.9,251.6,70,1021
1987032912,16.3,0,3.8,160.6,27.5,1019.4
1987032918,10.7,0,1.4,230,58.5,1019
1987033000,5.2,0,0.6,288.4,90.5,1017
1987033006,7.9,0,0.7,274,88,1015.8
1987033012,16.9,0,3.7,267,47.5,1012.4
1987033018,12.1,0,4.3,32.9,64.5,1013.5
1987033100,5.8,0,3.5,50,80,1019.4
1987033106,4.8,0,3.8,50,80.5,1023.4
1987033112,6.3,0,3.6,73.2,67,1024.3
1987033118,4.9,0,2,105,72.5,1023.8
1987040100,2.1,0,0.4,327.8,89.5,1025
1987040106,4.3,0,0.9,8.4,78,1023.7
1987040112,8.7,0,1.8,113.2,41.5,1021.8
1987040118,4.8,0,1,333.4,77.5,1020.9
1987040200,4.1,0,0.3,344.8,85.5,1018.8
1987040206,6,0,0.6,29.5,66.5,1017.5
1987040212,13.9,0,3.9,166.5,34,1014.8
1987040218,9.6,0,1,340,67,1013.3
1987040300,5.2,0,0.2,340.3,90.5,1013.7
1987040306,7.3,0,1.9,6.3,72.5,1014
1987040312,17.5,0,3.2,155.6,36.5,1012.7
1987040318,13.4,0,2.6,274.1,42,1012.7
1987040400,8.4,0,2.2,337.9,74,1015.7
1987040406,10.9,0,2.7,55.6,69.5,1018.4
1987040412,18.2,0,4.4,170,41.5,1018.8
1987040418,13.3,0,0.8,35,60.5,1018.8
1987040500,7.9,0,0.5,333.7,87,1020.6
1987040506,12.6,0,0.9,287.5,80,1021.6
1987040512,21.7,0,3.8,156.7,42,1020.8
1987040518,15.8,0,1,101.9,51,1020.4
1987040600,11.1,0,0.5,324.9,63,1019.8
1987040606,10.9,2.9,0.9,274.3,76.5,1017.9
1987040612,13.8,3.3,2.3,191.9,95,1014.8
1987040618,13.6,2.8,1.5,170,97,1011.8
1987040700,13.7,0.1,0.6,3.8,96,1009.4
1987040706,15,0,1.3,33.8,93.5,1009.3
1987040712,17.6,0,3.1,117.1,75.5,1010.5
1987040718,12.9,0,2.1,93.3,90,1014.1
1987040800,12.1,0,1.1,25,94.5,1016.1
1987040806,13.6,0,1.4,332.5,92,1017.2
1987040812,21.5,0,2.4,152.3,40.5,1016.2
1987040818,16.2,0,1,305,46,1015.2
1987040900,11.2,0,0.3,315,80,1014.6
1987040906,11.8,3,0.6,307.2,95,1012.5
1987040912,14.6,0.4,1.2,170,97.5,1009
1987040918,14.2,0,1.1,51.2,95,1006
1987041000,13,0,1.2,10,97,1006
1987041006,14.2,0,1.5,57.1,94,1005.3
1987041012,16.6,0,3,141.1,82.5,1005.7
1987041018,10.3,0,4,73,89.5,1008.6
1987041100,7.1,0,2.7,23.2,82.5,1012.3
1987041106,8.5,0,2.5,21.6,76.5,1014.8
1987041112,13.1,0,3.6,118.6,50,1013
1987041118,9.9,0,2.5,299,62.5,1013.6
1987041200,7,0,3.7,3.3,39,1015.7
1987041206,7.6,0,3.7,28.5,42.5,1018.3
1987041212,10.7,0,4.7,80.2,41.5,1018.2
1987041218,6.8,0,1.8,51.4,61,1020.4
1987041300,3.6,0,3.3,13.4,67,1022.8
1987041306,5.6,0,3.8,32.9,61,1024.7
1987041312,8.5,0,5.8,90,50,1025.2
1987041318,6.3,0,1.7,53.1,59,1025.6
1987041400,3.3,0,0.1,348.7,77.5,1026.5
1987041406,6.1,0,1,275.8,80,1026
1987041412,14.1,0,4.5,163.3,41,1023.5
1987041418,10.1,0,1.6,283.8,57.5,1022.5
1987041500,6.5,0,0.9,35,75.5,1023.4
1987041506,9.6,0,0.9,44,59.5,1023.5
1987041512,18.8,0,3.9,160,25,1022.3
1987041518,12.4,0,1.2,51.7,59.5,1022.3
1987041600,6.9,0,0.6,283.4,89.5,1023
1987041606,9.9,0,0.9,296.1,83,1022.2
1987041612,19.6,0,3.1,150,37.5,1020.5
1987041618,13.6,0,1.5,237.5,61.5,1019.8
1987041700,7.6,0,0.4,322,90,1019.5
1987041706,11.7,0,1,265.7,78,1019.8
1987041712,21.9,0,4.6,180,32.5,1017.2
1987041718,16.9,0,1.1,25,40.5,1015.8
1987041800,10.7,0,0.2,341,69,1016.8
1987041806,14.4,0,1.4,253.5,60.5,1017.3
1987041812,24.4,0,3.9,130.4,36.5,1016
1987041818,17,0,1,52.2,69,1015.9
1987041900,11.6,0,0.1,10,85,1016.7
1987041906,14.2,0,0.8,350.3,82.5,1017.5
1987041912,22.9,0,3.1,130.9,49,1016.5
1987041918,17.3,0,1.3,47.8,68,1016.1
1987042000,12.7,0,0.2,350.3,83.5,1017.8
1987042006,15.7,0,1.5,330.6,83,1017.5
1987042012,24.1,0,6.8,236.6,57.5,1015.5
1987042018,20.6,0,4.9,236.6,72.5,1013.5
1987042100,19.4,0,5.2,209.9,81,1010.7
1987042106,17.3,29.8,6.7,215,90,1004.5
1987042112,19.2,5.2,8.7,231.5,80.5,996
1987042118,16,0,7.5,294.9,46.5,1000.5
1987042200,13.2,0,2.3,275,47,1006.2
1987042206,13.1,0,0.7,2.3,59.5,1010.2
1987042212,19.9,0,2.8,105,46.5,1009.1
1987042218,15.4,0,1.3,14.9,62.5,1008.9
1987042300,11.2,0,0.7,333.4,88.5,1009.2
1987042306,13.5,0,2.2,49.5,89,1009.7
1987042312,21.7,0,3.9,170.3,48.5,1009.3
1987042318,16.6,0,1.5,62.7,74,1009.4
1987042400,12.7,0,2.5,39.5,58.5,1014.3
1987042406,14.5,0,2.3,100,63.5,1017.5
1987042412,19.4,0,5,153.4,47.5,1016.6
1987042418,15,0,1.6,137.3,75.5,1016.4
1987042500,11.7,0,0.8,318.1,94,1016.7
1987042506,13.2,0,2.7,67.2,86,1017.2
1987042512,14.1,0.2,3.7,83.4,80.5,1015.1
1987042518,12.6,0.1,2.3,35,90.5,1012.6
1987042600,11.1,0,3.3,20,94.5,1012.1
1987042606,10.2,0,5.1,50,85,1015.4
1987042612,10.6,0,4.8,50,73,1018.7
1987042618,8.9,0,2.1,20,73.5,1021.5
1987042700,5.3,0,0.8,327.6,90,1022.8
1987042706,8.6,0,1.1,325.6,87,1023.3
1987042712,17.6,0,4.3,150,50,1021
1987042718,13.2,0,1.2,67.2,74.5,1018.4
1987042800,10.1,0,2,337.9,84,1018.5
1987042806,13.9,0,1.2,26.3,52.5,1018.8
1987042812,22,0,3.6,163.3,20,1017.1
1987042818,15.7,0,1.3,215,41.5,1016.3
1987042900,8.3,0,0.5,331.9,78.5,1015.8
1987042906,13.5,0,0.9,340,73.5,1016.2
1987042912,25.9,0,5.2,179.3,34.5,1014.6
1987042918,19.1,0,1.4,320.7,34.5,1014.7
1987043000,10,0,0.6,289.2,59.5,1015.7
1987043006,13.6,0,1.4,133.6,70,1015.5
1987043012,19.5,5.2,3,180,65,1013.2
1987043018,14.8,21.4,1.8,153.9,97,1011.2
1987050100,14.8,7.7,2.1,113.9,97.5,1007
1987050106,17,0.3,2,3.9,94,1004.9
1987050112,22.8,0,3.1,116.1,66.5,1005.7
1987050118,17.7,0,1.5,90.3,86.5,1006.9
1987050200,14.6,0,0.1,348.7,95.5,1007.9
1987050206,16.5,0,1.8,58.4,92.5,1007.7
1987050212,15.5,9.2,2.3,79.3,90,1006.5
1987050218,12.5,2.6,2,13.4,96,1005.8
1987050300,9.9,0,2.3,10,88,1006.2
1987050306,10.3,0,2.8,13.4,80.5,1010.7
1987050312,13.7,0,3,104.3,62.5,1012.9
1987050318,11.1,0,1.6,100.5,73.5,1014.9
1987050400,7.1,0,0.6,234.8,93.5,1016.8
1987050406,11.4,0,2.5,41.3,69,1018.3
1987050412,19.8,0,4.5,206.3,29.5,1016
1987050418,14.9,0,3.1,289.3,39,1014.8
1987050500,11.5,0,0.7,222.1,55.5,1015.3
1987050506,14.1,0,2.8,284.7,57,1015.5
1987050512,21.2,0,3.9,284.7,41.5,1013.5
1987050518,17.1,0,2,305,50,1012.6
1987050600,12.2,0,2.1,343.4,59,1014.3
1987050606,16.2,0,3.4,23.2,40,1014.3
1987050612,23.4,0,3.7,134.7,27,1012.6
1987050618,17,0,1.1,47.9,50,1011.2
1987050700,11.6,0,0.3,326.2,76.5,1012.2
1987050706,16.1,0,1.3,247.6,66,1012.9
1987050712,23.5,0,4,153.4,35.5,1012.2
1987050718,16.6,0,1.5,72.5,64,1012.7
1987050800,11,0,0.2,333.4,84.5,1014.5
1987050806,16,0,1.3,264.7,76,1016.4
1987050812,25.4,0,3.8,169.8,33,1016.4
1987050818,19.4,0,1.1,45,45,1016.6
1987050900,12.4,0,0.3,311.3,76,1018
1987050906,16.8,0,1.5,186,77,1019.7
1987050912,27,0,5.8,233.3,28.5,1019
1987050918,21.5,0,3.2,260.2,40.5,1019.4
1987051000,16.7,0,2.3,311.3,60.5,1020.6
1987051006,18.1,0,0.9,270,78,1021.8
1987051012,23,0,3.2,260.2,60.5,1020.2
1987051018,20.2,0,1.2,315,70.5,1018.8
1987051100,16.2,5.8,0.4,0,90.5,1018.7
1987051106,16.2,2.2,2.2,162.7,97,1017.6
1987051112,16.1,4.5,3.1,183.4,97,1015.3
1987051118,16.7,0.6,0.8,215,98.5,1013.2
1987051200,16.9,0,0.5,357.7,98,1012.7
1987051206,19.2,0,0.9,355.5,93,1012.5
1987051212,23.9,0,4,150,72.5,1011.7
1987051218,19.4,0,1.6,84.1,94.5,1011.1
1987051300,18.7,0,0.3,3.7,95.5,1011.4
1987051306,17,2.3,1.9,35,91,1012.6
1987051312,13.6,13.5,3.4,51.8,93.5,1013.2
1987051318,13.2,0,2.3,26.6,71,1013.9
1987051400,11.5,0,2.7,356.7,76.5,1014.5
1987051406,14.3,0,3.2,45.7,68.5,1015
1987051412,18.3,0,4.9,76.6,37,1015.3
1987051418,13.2,0,1.9,20.6,60.5,1015.5
1987051500,8,0,0.2,330.5,91,1015.8
1987051506,13.4,0,0.4,70,80.5,1015.2
1987051512,22.3,0,4.3,140,50,1012.9
1987051518,16.7,0,1.4,86.2,79,1012.9
1987051600,11.7,0,0.2,333.4,96.5,1012.7
1987051606,14.6,0,0.9,354.1,80.5,1012.8
1987051612,19.8,0,2.5,231.8,35.5,1011
1987051618,16.2,0,0.7,43.2,60,1010
1987051700,11.2,0,0.3,27.6,90.5,1008
1987051706,14.5,0,1.2,321.7,85.5,1006.3
1987051712,23.9,0,4.8,333,36,1005.9
1987051718,17.5,0,2.2,341,33,1009.7
1987051800,9.9,0,0.7,320.7,71,1015.1
1987051806,13.7,0,1,280,68,1017.4
1987051812,22.4,0,4.4,160,34.5,1016.9
1987051818,17.3,0,1.2,100.7,59,1016.5
1987051900,10.9,0,0.6,333.4,85,1017
1987051906,15.8,0,1.2,228.7,74,1017.3
1987051912,27.4,0,3.8,216.5,36.5,1014.9
1987051918,21.6,0,1.5,295,58,1013.9
1987052000,16.9,0,0.5,7.7,79,1015.4
1987052006,20.1,0,0.6,156.1,81,1016.7
1987052012,26.6,0,3.5,140,50.5,1014.8
1987052018,20.4,0,0.8,76,81.5,1014.1
1987052100,16.4,0,0.3,353.6,94.5,1014.1
1987052106,19.1,0,0.5,243.8,87.5,1013.5
1987052112,25.2,0,3,124.2,61.5,1012
1987052118,22.2,0,1.3,83.7,73.5,1010.3
1987052200,19.2,1.7,0.4,356.7,87.5,1009
1987052206,18.7,8.1,1.7,138.3,96.5,1007.2
1987052212,18.9,4.7,0.8,127,96.5,1003.5
1987052218,18.5,6.2,0.7,30.6,98,999.5
1987052300,15.6,0.1,0.2,24.1,96.5,999.2
1987052306,15.4,0.6,0.5,28.7,97.5,1000.4
1987052312,17.6,0,1.1,135,90,1001.4
1987052318,15,0,2.3,90,92,1004.2
1987052400,14.3,0,1,73.4,94,1009.3
1987052406,14.4,0,1.9,103.4,96,1012.8
1987052412,16.3,0,2.3,148.8,87,1014.5
1987052418,15.8,0,1.4,270,85.5,1015.1
1987052500,14,0,0.3,348.7,95,1015.4
1987052506,17.1,0,0.8,132.6,92,1015.2
1987052512,23.6,0,3.4,133.4,66,1013.7
1987052518,21.8,0,2.6,173.4,77.5,1010.6
1987052600,21,0,2.2,153.2,87,1010.5
1987052606,18.4,12.7,1.2,0.9,95.5,1011.4
1987052612,19.6,3.8,1.2,317.7,91.5,1010.7
1987052618,18.4,0,0.9,70,90,1008.9
1987052700,16,0,1.4,333.4,97,1008.3
1987052706,19.1,0,2.9,33.8,72.5,1008.2
1987052712,21.9,0,6.1,50,42,1008.8
1987052718,16.2,0,1.8,348.8,52.5,1011.8
1987052800,10.9,0,0.5,296.6,86,1013.9
1987052806,15.2,0,0.4,347.6,80,1015.5
1987052812,23.3,0,4.6,146.6,35.5,1014.9
1987052818,18.1,0,1.2,303.9,51,1014.7
1987052900,11.9,0,0.2,333.4,84,1015.5
1987052906,15.3,0,0.7,306.7,79.5,1015.1
1987052912,23.2,0,3.4,212.8,49,1013.6
1987052918,19.8,0,1.5,224,63,1012.9
1987053000,14.4,0,0,0,86.5,1013.4
1987053006,19.2,0,1.3,353.6,66,1013.3
1987053012,27.2,0,2.9,161.1,38.5,1011.3
1987053018,21.2,0,1.2,62,57.5,1011.7
1987053100,15.8,0,0.2,335.9,88,1013.3
1987053106,19.7,0,0.9,176.3,81,1014.5
1987053112,26,0,4.2,153.4,54.5,1014.2
1987053118,21.1,0,1.3,115.7,81.5,1014
1987060100,17.5,0,0.4,304.1,98,1014.7
1987060106,20.1,0,1,17.9,85,1015
1987060112,25.9,0,3.6,153.4,64.5,1013.6
1987060118,21.9,0.9,1.5,167,82,1011.7
1987060200,19.8,24.4,3.4,176.7,97,1009
1987060206,20.1,42.8,4.4,183.3,98,1004.9
1987060212,22.8,0.4,4,217.1,95.5,1002.8
1987060218,20.8,0,3.5,228.4,92.5,1002.1
1987060300,19.6,0,3.2,227.4,82,1002.2
1987060306,22.6,0,2.6,271.3,71.5,1003.2
1987060312,28.3,0,5.1,291.6,41,1004.1
1987060318,23.8,0,2,72.2,65.5,1006.5
1987060400,18.8,0,0.8,62,94,1008.1
1987060406,22.8,0,2.3,170,86.5,1009
1987060412,29.6,0,3.3,297.8,48,1007.3
1987060418,24.4,0,1.2,67.2,79,1008.7
1987060500,21.6,0,0.5,49.5,91.5,1011.1
1987060506,26,0,1.5,313.3,82,1012.8
1987060512,32.8,0,2.9,148.5,47.5,1011.8
1987060518,26.1,0,1.1,93.3,67.5,1011.7
1987060600,20.3,0,0.2,352.4,92.5,1012.1
1987060606,24.1,0,0.9,80,78.5,1011.8
1987060612,28.6,0,3.1,119.6,59,1009.7
1987060618,26.6,0,2.6,256.9,75.5,1007.7
1987060700,23.1,0,1.7,235.5,82.5,1007.3
1987060706,24.2,0,3.6,225.9,88,1005.7
1987060712,25.9,0,4.7,217.1,78,1002.8
1987060718,15.9,27.5,2.7,50.1,92,1004
1987060800,13.3,38.8,1.8,21.6,98,1004.7
1987060806,13.9,5,2.3,20,97.5,1005.8
1987060812,14.9,4,2.7,24.9,93.5,1006
1987060818,14.5,0.2,1.8,20,96,1007.2
1987060900,13,0,2,16.7,94,1007.8
1987060906,17,0,2.2,23.2,77,1008.7
1987060912,22.8,0,4.1,103.6,43.5,1008.6
1987060918,17.9,0,1.4,15.1,58,1009.2
1987061000,12.5,0,0.4,335.9,90.5,1010.5
1987061006,17.9,0,1.1,226.2,81.5,1011.5
1987061012,24.8,0,3.6,163.4,48,1012.4
1987061018,19.9,0,1.1,212.3,61,1012.4
1987061100,14.1,0,0.5,336.2,91,1013.8
1987061106,18.1,0,1.2,249.6,79.5,1014.8
1987061112,25.3,0,3.2,153.4,43.5,1014.3
1987061118,19.8,0,1.8,38.3,53,1013
1987061200,13.7,0,0.3,324.9,88,1013.4
1987061206,17,0,0.6,314.9,86,1012.1
1987061212,23.9,0,1.5,122.8,70,1010
1987061218,21.4,0,1.1,100,73.5,1007.4
1987061300,19.1,0,0.6,353,83,1007.9
1987061306,20.1,0,1.3,242.1,78,1006.6
1987061312,25.3,0,2.3,237.6,54.5,1005.4
1987061318,22.8,0,1.3,316.2,67.5,1005.1
1987061400,19.8,0,0.2,0,88.5,1006.1
1987061406,20.1,0,1,34.2,91.5,1006.1
1987061412,21.5,0,3,70,77,1006
1987061418,20.1,0,3.3,60,79,1006.2
1987061500,18.8,0,3.3,43.4,87,1006.6
1987061506,18.4,0,3.3,24.9,86,1006.7
1987061512,20.1,0,3.7,56.6,75.5,1007
1987061518,17.9,0,1,31.8,81,1008.1
1987061600,16.2,0,0.7,10,91,1009.3
1987061606,18.9,0,1.5,54.9,81,1011.2
1987061612,24.1,0,2.9,121.8,62.5,1011.3
1987061618,19,0,1.2,50.2,77,1011.7
1987061700,13.9,0,1.1,315,95.5,1013.4
1987061706,17.1,0,0.9,28.7,88,1014.5
1987061712,25,0,3.2,149.8,50,1013.7
1987061718,20,0,1.6,250,75,1013.7
1987061800,14.9,0,0.4,324.9,95,1015
1987061806,19.2,0,0.8,18.6,80.5,1015.4
1987061812,26.5,0,3,163.4,54.5,1014
1987061818,23,0,1.2,165.1,67.5,1013.4
1987061900,19.5,0,0.7,333.4,94,1013.4
1987061906,19.7,0,0.3,333.4,92,1012
1987061912,21.1,9.6,1.5,24.6,89.5,1010.6
1987061918,17.5,17.1,3.4,29.9,95,1007.2
1987062000,16.2,2,3.8,3.3,96,1005.5
1987062006,19.5,0,3.1,16.7,84.5,1007.3
1987062012,23.5,0,3.8,61.9,62.5,1006.9
1987062018,19.1,14.3,1.4,35,84.5,1007.9
1987062100,17.6,0.1,0.6,353.6,96,1008.4
1987062106,20,0,2,23.2,85,1009.2
1987062112,24,0,4.9,38.2,53.5,1008.2
1987062118,19.3,0,1.8,19.7,60,1008.9
1987062200,15.1,0,0.3,333.4,91,1009.2
1987062206,18.5,0,0.6,111.4,86,1009
1987062212,26.4,0,3.3,143.3,46.5,1007.1
1987062218,21.7,0,1.2,109.6,64,1005.7
1987062300,16.4,0,0.3,321.2,89.5,1005.2
1987062306,20.7,0,0.7,7.5,79.5,1005
1987062312,28,0,3.8,138.4,43.5,1003.8
1987062318,23.1,0,1.1,2.7,64,1003.7
1987062400,18,0,0.9,286.2,90,1004.6
1987062406,20.5,0,1.7,149.9,86.5,1004.6
1987062412,25.7,0,4.3,95,52,1003.8
1987062418,22.6,0,2.8,45.1,58.5,1003.8
1987062500,20.9,0,2.5,13.4,68.5,1003
1987062506,22.3,0,3.9,20,78,1003.5
1987062512,24.9,0,4.4,29.9,66.5,1003.7
1987062518,22,0,3.5,16.7,59,1003.8
1987062600,19.2,0,1.1,1,59.5,1005.1
1987062606,22.8,0,2.1,22.8,67,1006.6
1987062612,27.8,0,4.2,61.9,44,1006.6
1987062618,22.5,0,1.1,22.1,60.5,1007.8
1987062700,17,0,0.2,346.4,79.5,1009.6
1987062706,21,0,1.9,65.5,80.5,1010.7
1987062712,26.1,0,3.7,76.6,62.5,1009.8
1987062718,21.6,0,1.7,48.4,79.5,1010
1987062800,18.5,0,0.5,344.8,93.5,1010.5
1987062806,20.5,0,1.3,36.6,86.5,1010.5
1987062812,23.4,0,1.8,125,70.5,1009.2
1987062818,21.4,0,1.4,140,82.5,1008.6
1987062900,20.1,0,0.4,357.7,90,1008.5
1987062906,22.1,0,1.1,39.6,85.5,1008.3
1987062912,25.7,0,3.4,160,66,1007
1987062918,22.4,0,2,119.9,81.5,1006.6
1987063000,18.6,0,0.3,16.2,96,1007.8
1987063006,21.7,0,0.6,330.6,85.5,1008.1
1987063012,29.8,0,3.6,146.6,53.5,1007.4
1987063018,24.5,0,1.5,63.2,74.5,1007.6
1987070100,21,0,0.2,7.7,92,1008.8
1987070106,24.3,0,1,358.7,83,1009
1987070112,25.5,0,3.2,46.3,59.5,1009.7
1987070118,22.7,0,0.5,6.6,66.5,1009.6
1987070200,19.8,0,0.6,341.6,77.5,1010.6
1987070206,21.8,0,1.1,208.9,74.5,1009.8
1987070212,24.2,0.9,1.8,160.3,79,1008.5
1987070218,22.3,0,0.5,60.7,92.5,1007
1987070300,21.4,1,0.6,338.6,95,1005.2
1987070306,22.8,0.4,0.9,358.1,94,1003.3
1987070312,28.5,0,3.1,160,62.5,1003.8
1987070318,25.1,0,1.2,75.1,71,1004.7
1987070400,22,0,0.1,4.8,90,1005.8
1987070406,22.6,0,0.1,350,93.5,1005.5
1987070412,23.8,2.6,0.9,98.3,90,1003.5
1987070418,22.5,0.1,0.3,43.5,93.5,1002.3
1987070500,20,0,1.3,346.1,95,1003.8
1987070506,23.4,0,1.6,235,88,1005.5
1987070512,29.9,0,2.8,125,61,1004.6
1987070518,25.7,0,1.8,177.8,70,1003.4
1987070600,23.8,2.1,1.3,190.3,92,1000.8
1987070606,24.5,0.8,1.9,115.2,91,997.4
1987070612,25.8,0,2.3,173.5,79,999.7
1987070618,23.5,0,0.7,17.6,83,1000.4
1987070700,21.9,0,0.6,334.3,94,1001
1987070706,25.3,0,0.9,7,83.5,1001.7
1987070712,29.8,0,3.8,109.7,50.5,1001.8
1987070718,25.6,0,1.4,42.3,65.5,1003
1987070800,21.8,0,0.3,338.1,87,1004.8
1987070806,23.6,0,0.8,125.6,88,1005.8
1987070812,28.5,0,3.4,138.4,69.5,1005.3
1987070818,23.9,0,0.8,21.9,88.5,1005
1987070900,23.4,0,0.1,356.7,92.5,1006
1987070906,25.9,0,0.8,239.9,76.5,1006.8
1987070912,29.7,0,3.7,130.1,53.5,1007
1987070918,24.7,0,1.4,65.9,60.5,1008.8
1987071000,21.4,0,0.4,345.6,78,1010.1
1987071006,23.1,0,0.5,271.1,83,1009.8
1987071012,26.1,0,3.8,160,77.5,1008
1987071018,24.5,0,2.3,183.4,89,1006
1987071100,24.8,0,2.3,206.6,91,1002.9
1987071106,26.5,0,3.3,226.8,86,999.4
1987071112,26.6,1.8,5.2,240,86,998.3
1987071118,25.2,0.3,1.9,176.7,94.5,998.5
1987071200,23.2,0,0.5,40.8,95.5,1000
1987071206,23.8,0.1,0.2,26.6,95.5,1001.6
1987071212,23.9,7.9,1.8,83,90.5,1002.9
1987071218,21.4,7.6,0.6,12.6,95,1003.9
1987071300,20.2,17.3,0.4,334.9,96,1005
1987071306,20.5,7.4,1,333.2,96,1005
1987071312,21.8,0.5,0.7,349.8,91,1006
1987071318,21.6,3.1,0.6,33.9,88,1005.1
1987071400,20.8,0,0.4,348.4,93,1005.9
1987071406,23.9,0,1.5,215,90,1005.9
1987071412,25.7,2.4,2.1,155.6,78.5,1006.3
1987071418,22.7,18.2,0.9,38.6,94,1007.4
1987071500,22.2,10.8,0.8,320.4,96,1007.8
1987071506,22.5,5.3,3,53.3,96,1007.4
1987071512,22.9,2.5,5.4,53.3,94.5,1005
1987071518,23.6,50.5,8.6,100.2,94.5,996.8
1987071600,22.6,30.6,10.1,199.3,93.5,987
1987071606,26,0,6,246.7,65,994.6
1987071612,29.6,0,5.1,246.6,55.5,1000.5
1987071618,25.6,0,3,239.7,70,1002.8
1987071700,21.1,0,0.9,31.6,88.5,1005
1987071706,23.2,0,0.6,295.6,86.5,1006.8
1987071712,27.2,0,2.2,145,68,1006.8
1987071718,24.1,0,1.2,32.7,79.5,1006.5
1987071800,22.5,0,0.2,356.7,90,1007.8
1987071806,24.8,0,1.7,257.9,86,1008.2
1987071812,27.1,0,2.5,108.1,67,1007.3
1987071818,24,0.6,1.2,85.1,85.5,1006.3
1987071900,22.2,0,0.8,24.4,92,1005.5
1987071906,24.2,0,0.8,174.6,91,1003.8
1987071912,28.4,0,2.9,163.3,68.5,1002.5
1987071918,24.5,0,1.5,95.5,85.5,1002
1987072000,22,0,0.4,342,94,1002.5
1987072006,25,0,1,53,91,1002.5
1987072012,29.3,0,3.7,166.6,68.5,1003.2
1987072018,24.1,0,1.7,74.9,89.5,1003.5
1987072100,23,0,0.4,11.2,94.5,1004
1987072106,24.5,0,0.9,209.4,93,1003.8
1987072112,28.9,0,4.8,220,67.5,1002.7
1987072118,27.1,0,3,236.6,82,1002.5
1987072200,27,0,4.7,243.4,81,1002.5
1987072206,27.3,0,4.9,246.7,84.5,1003.4
1987072212,28.9,0,5.3,240,75,1004.2
1987072218,26.8,0.7,4.8,209.9,85.5,1004.3
1987072300,26.5,0.2,6,220.1,85,1002.9
1987072306,25.2,12.1,2.5,175.2,90.5,1003.4
1987072312,25.3,1.5,0.7,71.5,87.5,1006
1987072318,24.9,4.4,0.5,2.8,90,1006.8
1987072400,22.5,4.1,0.5,34.2,94,1008.1
1987072406,22.7,3.6,0.9,280,95,1009.9
1987072412,24.7,0,1.3,150.7,89.5,1009.8
1987072418,23,2.1,1.2,314.9,91,1009.9
1987072500,21.7,0,0.4,353.6,95,1010.2
1987072506,23,0,0.8,300.6,90.5,1011.2
1987072512,24.6,6.5,1.2,340,89,1012.4
1987072518,23.4,0,0.5,29.7,93,1011.8
1987072600,22.8,1,0.3,21.6,93.5,1012.4
1987072606,24.6,2.2,0.3,24.1,94.5,1013.5
1987072612,27.4,0.2,2,158.8,87.5,1013.2
1987072618,26.6,0,2.5,276.5,82.5,1012.4
1987072700,24.4,0,0.4,28.1,91.5,1013.1
1987072706,24.8,0.1,1.7,59.7,95.5,1013
1987072712,31.5,0,4.4,233.3,65,1012.2
1987072718,28.5,0,2.7,240,73.5,1012
1987072800,25.5,0,0.6,284,86.5,1013.1
1987072806,27.5,0,2.3,209.9,79,1012.7
1987072812,32.4,0,3.3,232.3,48.5,1011.8
1987072818,27,0,1.8,274.2,75.5,1010.5
1987072900,23.8,0,0.6,330.8,86,1009.9
1987072906,26.1,0,2.2,142.9,87.5,1009.1
1987072912,29.7,0,4.2,193.4,72.5,1007.1
1987072918,27.5,0,2.3,199.9,75,1005.2
1987073000,24.2,0,1.2,125,94.5,1004.8
1987073006,26.3,0,2,222.6,86,1002.2
1987073012,30.5,0,5.4,240,73,999.8
1987073018,27.4,0,1.5,98.4,77.5,998.6
1987073100,24.4,0,0.5,7.3,92.5,999.9
1987073106,25.4,0.2,0.6,28.9,90,1000.7
1987073112,31.5,0,3.2,249.4,59,1000.3
1987073118,25.3,0,1.7,52.3,78,1001.2
1987080100,23.4,0,0.7,37.1,88,1003.2
1987080106,23.8,0,0.9,73.9,90,1005.3
1987080112,27.3,0,2.8,116.6,70.5,1005.3
1987080118,23.3,0,1.9,129.8,83,1005.8
1987080200,21.5,0,1,63.2,92.5,1006.4
1987080206,22.3,0,0.4,56.4,90,1006.8
1987080212,24.6,0.4,2,166.6,86.5,1006.3
1987080218,23.8,0,1.9,180.9,85.5,1006
1987080300,23.3,0,0.9,213.4,92.5,1007.7
1987080306,24.4,0,0.8,60.7,92,1008.3
1987080312,28.4,0,4,166.6,74.5,1007.7
1987080318,25.6,0,1.2,133.7,87.5,1006.4
1987080400,25,0,0.3,40.8,92.5,1005.6
1987080406,26.9,0,1.9,290.6,90.5,1003.8
1987080412,29.6,0.5,3.5,240,71.5,1002.7
1987080418,26.1,70.5,2,200,93.5,1000.5
1987080500,25.1,12.7,1.2,25.9,96,999.3
1987080506,23.3,0.2,1.1,32.7,92,1000.7
1987080512,25.7,0,2.1,93,80.5,1002.6
1987080518,23.6,0,1.6,173.9,84,1002.8
1987080600,22.8,0,0.1,348.7,91.5,1004.5
1987080606,25.4,0,1.5,59.1,87.5,1004.5
1987080612,29.8,0,3.1,166.4,66.5,1004.1
1987080618,25.5,0,2.1,156.7,87,1004.5
1987080700,24,0,0.6,304.5,91.5,1004.9
1987080706,24,0,1.9,166,91,1003.2
1987080712,24.4,4,3.5,166.6,90,999.8
1987080718,25.5,8.2,4.2,204.9,94.5,994.2
1987080800,24.2,0,2.6,238,85,995.2
1987080806,24.5,0,2.5,259.8,67.5,999.8
1987080812,28.1,0,3.7,215,59.5,1001.9
1987080818,25.1,0,2.2,245.2,64.5,1003.7
1987080900,22.8,0,0.6,13.5,87,1005.8
1987080906,24,0,0.7,16.1,91,1007.8
1987080912,29.1,0,3.3,196.7,71,1008.2
1987080918,26.2,0,2,219.2,79,1008.8
1987081000,23.4,0,1.5,142.8,88.5,1010.8
1987081006,23.1,14.6,1.8,137.3,93.5,1011.7
1987081012,24,6.4,1.7,164.5,94.5,1012.6
1987081018,23.4,9.4,0.5,53.7,94,1013.7
1987081100,23.5,0,0.5,23.2,95,1015.1
1987081106,24,8.8,0.2,11.4,95,1015.5
1987081112,23,10.9,1.5,3.5,94,1016.1
1987081118,22,0.8,0.3,2,94.5,1015.6
1987081200,21.4,0,0.4,0.2,95,1016.3
1987081206,21.8,0.4,0.2,354.1,95,1016.6
1987081212,23.9,0,2,121.4,89.5,1016.6
1987081218,23,0,1,190.7,87.5,1015.6
1987081300,21.6,0,0.3,342.8,93,1015.6
1987081306,23.2,0,0.8,224.4,93.5,1015.4
1987081312,28.4,0,3.9,156.7,73,1014.6
1987081318,25.4,0,1.5,240.2,81,1014.1
1987081400,22.8,0,0.2,350,89,1014.5
1987081406,24.2,0.1,0.9,75,80.5,1014
1987081412,27.5,0.6,3,163.3,75,1013.5
1987081418,25.7,0,1.4,330,80.5,1013
1987081500,24.3,0.9,0,0,91,1013.6
1987081506,26.3,0.4,2.3,204.3,88,1013.3
1987081512,30.1,0,4,212.9,65.5,1011.7
1987081518,27,0,2.1,223.4,77.5,1011
1987081600,25.4,0,1.6,216.2,87.5,1009.9
1987081606,27.1,0.2,3.8,235.3,81.5,1008.6
1987081612,28.2,5.6,3.9,245.7,66.5,1007.7
1987081618,24.6,24,1.5,251.9,91.5,1007.6
1987081700,24.1,1.2,0.4,350.5,90,1007.4
1987081706,24.2,5.3,0.2,23.9,90,1008.2
1987081712,26.2,0.1,1.3,119.6,84,1008.7
1987081718,24.4,0,1.7,58.9,85,1009
1987081800,22.8,0,0.4,25,88.5,1011.1
1987081806,23.4,0,1.6,45,83.5,1012
1987081812,24.6,0,2.2,83.5,76,1012.9
1987081818,23.2,0,1.7,76.5,81,1011.8
1987081900,21.9,0,0.2,356.7,88,1012.3
1987081906,23,0,0.7,30.7,84.5,1012.7
1987081912,26.9,0,2.6,163.3,67,1011.7
1987081918,24.5,0,1.4,178.8,79,1010.6
1987082000,22.7,0,0.3,346.9,87.5,1009.5
1987082006,25.2,0,1.1,246.9,84,1008.6
1987082012,30.8,0,5,236.6,54.5,1006.4
1987082018,27.2,0,3.6,246.7,67.5,1005.8
1987082100,26.1,0,3,250,79,1005.3
1987082106,24.1,14.6,1.1,31.9,89.5,1005.7
1987082112,27.6,0,2.7,238.1,78,1005.1
1987082118,26.5,0,0.5,321.4,78,1005.1
1987082200,25,0.1,0.2,0.9,88,1006.6
1987082206,24.4,2.3,0.6,346.8,90,1008.3
1987082212,26.4,0,1.7,173.4,72.5,1007.5
1987082218,24,0,0.6,58.4,63,1007.8
1987082300,20.9,0,0.1,353.6,88.5,1009.8
1987082306,22.7,0,0.5,53.1,85,1011.1
1987082312,27.2,0,2.4,156.8,67,1009.8
1987082318,24.4,0,0.7,61.1,77,1009.2
1987082400,22.4,0,0.2,338.1,88.5,1009.1
1987082406,22.9,0.5,0.3,305.4,90,1008.7
1987082412,25.4,0.5,1.7,153.4,79,1008.2
1987082418,24.1,0,0.8,133.5,87,1006.6
1987082500,23.6,0,0.2,353.6,90.5,1004.7
1987082506,25,0.8,0.6,359.3,91,1003
1987082512,29.5,0,3,250,72,1002.6
1987082518,27,0,0.5,18.4,79,1003.6
1987082600,23.4,0,0.6,34.2,88,1007.1
1987082606,23.9,0,1.2,56.4,84,1009.5
1987082612,27.5,0,3.5,130.7,63.5,1009.9
1987082618,24.7,0,1.5,155.7,79.5,1009.5
1987082700,23.3,0,0.6,334.7,87,1009.4
1987082706,23.9,0,0.9,55,87,1008.7
1987082712,27.4,0,3,173.4,74.5,1006.3
1987082718,27.3,0,2.5,220.1,79.5,1003.8
1987082800,27.3,0,4.2,233.3,80.5,1002.9
1987082806,28.2,0,3.8,225.1,80,1003.7
1987082812,30.3,0,4.5,243.4,65,1003.5
1987082818,27.8,0,3,253.4,71,1004.4
1987082900,25,0,0.6,332.1,79,1005.5
1987082906,26.8,1.6,1.3,301.5,79,1006
1987082912,32,0,4.4,204.9,67.5,1005.5
1987082918,28.4,0,2.6,212.9,78.5,1006.2
1987083000,26.3,0,1.1,212.1,88,1006.5
1987083006,28.1,0,2.5,170,84,1006
1987083012,30,0.1,3.2,156.7,69,1005
1987083018,22.6,13.1,4.7,35.5,82.5,1003.3
1987083100,21.9,167.9,13.8,61.3,91.5,988.3
1987083106,22,33.7,11.3,299.1,77.5,979
1987083112,28.1,0,5,270,48.5,999.3
1987083118,24.5,0,1.6,284.7,72.5,1004
1987090100,20.7,0,0.3,338.1,89,1006.2
1987090106,23.1,0,1.1,313.3,78,1008.2
1987090112,28.9,0,2.3,105,52.5,1008.2
1987090118,23.9,0,1.1,25,78.5,1010
1987090200,21,0,1.1,326.4,86.5,1012
1987090206,22.4,0,1.8,21.1,81.5,1014.2
1987090212,25.2,0,3.9,79.8,69,1014.8
1987090218,21,0,1.7,28.1,82,1016
1987090300,19.3,0,1.3,350.2,88,1016.4
1987090306,21.3,0,2.1,31.6,75,1017.6
1987090312,23.5,0,5.1,66.6,60.5,1016.5
1987090318,19.3,0,2.2,7.9,76,1017
1987090400,16.9,0,1.7,349.8,85,1016
1987090406,19,0,1.9,348.6,81,1014.8
1987090412,22.1,0,2.6,63.2,72,1013.6
1987090418,20.4,0,0.8,37.2,78.5,1013
1987090500,19.3,0,1,1.8,88,1012.2
1987090506,20.1,0,1.8,40.7,85.5,1011
1987090512,21.2,0.2,2.6,66.7,72.5,1009
1987090518,20.3,12.9,1.5,294.7,90.5,1007.1
1987090600,20,11.5,1.3,0,88.5,1005.6
1987090606,21,0.2,1.2,247.7,88.5,1004.8
1987090612,23.3,1.4,0.9,185.5,86,1004.3
1987090618,23.3,1.4,0.5,9.4,88.5,1004.3
1987090700,22.3,0,0.3,341,93,1004.4
1987090706,22.8,0,1.7,353.7,80,1004.5
1987090712,26.5,0,2,350.2,53,1004.6
1987090718,22.1,0,0.6,311.9,75.5,1006.4
1987090800,19.5,0,1.1,292.8,87.5,1007.4
1987090806,20.8,0,1.1,358.1,82.5,1008.5
1987090812,25.4,0,1.6,356.6,55.5,1009.1
1987090818,21.6,0,0.8,335.5,72,1010.9
1987090900,19.3,0,0.8,92.7,87,1013.1
1987090906,20.6,0,0.9,99.7,82,1014.8
1987090912,23.9,0,2.8,50,64,1015.2
1987090918,21.2,0,1.7,353.4,82,1016.6
1987091000,20.4,0,2.2,356.7,88,1016.8
1987091006,21.5,0.2,2.6,10,85,1017.4
1987091012,23.7,0,3.4,40.1,72.5,1017.2
1987091018,21.2,0,2.5,10,78.5,1017
1987091100,20.4,0,2.5,20,83.5,1016.6
1987091106,21.5,0,3.6,35,75,1017.1
1987091112,22.4,0,4.5,50,63,1017.8
1987091118,20.6,0.1,3.5,29.9,75.5,1017.5
1987091200,18.7,4.3,2.4,34,87,1017.5
1987091206,19.5,4.2,2.8,53.3,85.5,1017
1987091212,21.2,0.1,2.8,50,72.5,1015.8
1987091218,20.3,0,3.9,40.1,79,1015.5
1987091300,19.6,0,3.2,35,81,1013.4
1987091306,20.1,0,3.1,37.1,80.5,1012.8
1987091312,21.8,0,2.3,40.1,60.5,1011.2
1987091318,19.6,0,0.8,343.4,82,1011
1987091400,18.6,0,0.3,342.8,88.5,1010.1
1987091406,20.7,0,0.5,318.3,82,1009.4
1987091412,26.7,0,2.2,160,66.5,1007.8
1987091418,23.1,0,0.5,25,82.5,1007.5
1987091500,20.3,0,0.2,348.6,91.5,1007.6
1987091506,21.5,0,1.2,7.3,89,1009
1987091512,23.9,0,4.1,56.6,71.5,1009.1
1987091518,20.9,0,4.6,40.1,77,1011.7
1987091600,18.9,0,4,29.9,71.5,1013.7
1987091606,19.3,0,5.1,35,59,1014.9
1987091612,20.9,0,4.7,50,53.5,1014.1
1987091618,18.4,0,3.2,13.4,63.5,1014.5
1987091700,16.1,0,2.8,0,67,1013.5
1987091706,17.9,0,3.7,8.1,66,1013.7
1987091712,21.6,0,5.1,50,46,1013
1987091718,16.6,0,2.5,0.9,61,1013.6
1987091800,13,0,0.6,353.6,79,1013.7
1987091806,16.2,0,1.5,8.6,76,1014.2
1987091812,21.9,0,3.3,61.9,47.5,1013.6
1987091818,16.7,0,1,353.6,71,1014.2
1987091900,12.7,0,0,0,91,1015
1987091906,15.7,0,0.8,238.3,87.5,1015.8
1987091912,24.3,0,3.4,153.4,53.5,1014.8
1987091918,19.6,0,0.6,62.1,74,1015.2
1987092000,15.2,0,0.3,312.1,91.5,1015.7
1987092006,18.2,0,0.2,18.4,84.5,1016.2
1987092012,28.4,0,3.2,158,51,1015
1987092018,22.8,0,0.7,2.1,70.5,1015.4
1987092100,16.3,0,0.1,348.6,87.5,1016.4
1987092106,19,0,0.2,335.4,81.5,1017.5
1987092112,28.6,0,2.7,151.6,39.5,1017.3
1987092118,22.4,0,0.5,21.7,75.5,1018
1987092200,16.8,0,0.2,346.4,87,1019.6
1987092206,19.5,0,1.3,359.2,83,1021
1987092212,25.3,0,4.4,80.2,51,1020.7
1987092218,20.2,0,2.2,1.8,77,1021.2
1987092300,16.3,0,0.2,348.7,87,1021.3
1987092306,17.9,0,0.2,20.8,86.5,1021
1987092312,24,0,3.3,83.4,51.5,1019
1987092318,19.1,0,1.4,340.9,72.5,1017.7
1987092400,15.6,0,0.2,335.9,87.5,1015.9
1987092406,17.6,0,0.2,355.6,88,1014.5
1987092412,21.9,0.3,1.1,107.2,76.5,1012.7
1987092418,20.6,0,0.7,349.8,83.5,1010.3
1987092500,19.2,0,0.5,354,91,1009.2
1987092506,20.6,0,0.9,298.4,87.5,1009
1987092512,26.8,0,3.8,242.2,46,1006.6
1987092518,21,0,3.4,319.8,54.5,1006.1
1987092600,15.8,0,4.4,301.8,46,1009.1
1987092606,14.8,0,6.1,305,39,1012.7
1987092612,19.9,0,5.2,308.2,26.5,1012.8
1987092618,14,0,1.2,291.6,46.5,1014.4
1987092700,10.1,0,1.9,293.9,68,1017.6
1987092706,12.6,0,2,330,43.5,1021.4
1987092712,21.3,0,3,329.1,25,1019.8
1987092718,14.5,0,1.2,272.4,50.5,1020.7
1987092800,10,0,0.2,334.8,82,1021.8
1987092806,15.3,0,1.5,341.6,74,1022.6
1987092812,22.7,0,4.3,86.7,33.5,1020.5
1987092818,16.7,0,0.8,356,59.5,1020.8
1987092900,12.8,0,0.4,342.8,83,1021.3
1987092906,15.5,0,1.2,358.5,81.5,1021
1987092912,21.2,0,3.7,73.3,52,1019.5
1987092918,18.2,0,1.6,3.3,71,1019
1987093000,14.1,0,0.6,302.1,87.5,1018.8
1987093006,17.4,0,1.7,350,80,1019.3
1987093012,23,0,4.6,66.6,48,1019.2
1987093018,18.5,0,2.4,7.7,73,1019.8
1987100100,15.2,0,0,0,85.5,1020.2
1987100106,17.8,0,2.6,30.6,75.5,1019.8
1987100112,22.5,0,4.4,66.6,48.5,1017.9
1987100118,17.2,0,1.6,347.8,67.5,1016.8
1987100200,12.6,0,0.4,333.2,88,1016
1987100206,14.9,0,0.6,263.4,83.5,1015.4
1987100212,24.2,0,2.6,160,49.5,1012.8
1987100218,18.9,0,0.6,328.6,72.5,1011.5
1987100300,17.4,0,1.4,337.9,71.5,1011.8
1987100306,20,0,1.9,344.2,73,1014.1
1987100312,26.1,0,2.8,147,33,1013.8
1987100318,19.1,0,1,261.9,58,1015.3
1987100400,13,0,0.4,307.2,85,1016.5
1987100406,15.7,0,0.3,0,81,1018.2
1987100412,27.2,0,2.8,192.2,32.5,1016.7
1987100418,20.2,0,0.6,345.2,67,1017.4
1987100500,14.9,0,0.2,0,86.5,1018.8
1987100506,16.4,0,0.1,4.8,80.5,1020
1987100512,24.3,0,1.3,169.6,54.5,1018.6
1987100518,20.5,0,0.7,314.6,69.5,1017.7
1987100600,16.9,0,0.3,318.7,83,1017.9
1987100606,18.2,0,0.4,19.5,80,1018.2
1987100612,26.6,0,3.4,140.7,54,1016.1
1987100618,21.5,0,0.5,8.1,77.5,1015.5
1987100700,17.8,0,0.2,299,87.5,1015.5
1987100706,19.9,0,1.1,270.7,84,1015.2
1987100712,28.2,0,2.7,171.8,45,1013.6
1987100718,22.5,0,1.1,31.6,64,1014.9
1987100800,17.8,0,0.9,328.5,86,1017.8
1987100806,19.3,0,1.3,1.1,83.5,1019.8
1987100812,23.3,0,4.2,90,61.5,1018.8
1987100818,20.2,0,0.8,20.8,78,1019.3
1987100900,17,0,0.1,353.6,88,1020.2
1987100906,18,0,1.3,24.1,85.5,1021.4
1987100912,23,0,3.9,80.2,51.5,1020.7
1987100918,18.7,0,1.2,357.8,68,1020.3
1987101000,15.6,0,0.3,323,84.5,1020.2
1987101006,17.9,0,0.9,32.1,84.5,1019.8
1987101012,24.8,0,2.3,103.4,52,1016.8
1987101018,20,0,0.6,356.4,78.5,1015.8
1987101100,16.7,0,0,0,88.5,1014.8
1987101106,17.4,0,0.1,350,84.5,1013.5
1987101112,26,0,0.8,181.3,50,1011.4
1987101118,22.3,0,0.3,338.7,73,1011
1987101200,17.8,0,1.3,342.9,81,1012.3
1987101206,19.8,0,5.5,42.3,67,1016.4
1987101212,18.8,0,5.4,50,54.5,1019.8
1987101218,15.4,0,3.2,24.9,60.5,1023
1987101300,15.1,0,3.2,21.6,61.5,1023.6
1987101306,16.5,0,3.8,49.8,57,1024.1
1987101312,19.3,0,4.4,76.8,48,1021.9
1987101318,16.7,0,1.6,11.5,65,1021
1987101400,16.3,0,1.3,278.7,75,1021.3
1987101406,17.5,0,0.5,340.5,77,1020.7
1987101412,21.5,0,3.3,48.4,64.5,1019.5
1987101418,19.6,0,3.3,26.6,74,1020.7
1987101500,18.5,0,3.3,21.6,81,1020.8
1987101506,18.1,0.2,2.6,37.1,86.5,1021.9
1987101512,19.6,0,4.4,50,67.5,1020.7
1987101518,19.3,0,4.7,50,63.5,1020.2
1987101600,19.3,0,4.9,50,66,1018.5
1987101606,19.2,0,5.9,50,66,1017.3
1987101612,19.5,0,5.7,45.1,59.5,1013.8
1987101618,18,0,6,16.7,63.5,1010
1987101700,16.3,0,4,10,63,1008
1987101706,17.2,0,1,234.1,64,1009
1987101712,23.9,0,2.6,121.6,46,1007.7
1987101718,18.6,0,1.5,353.7,70,1008.9
1987101800,14.4,0,1.2,322.8,81,1010.3
1987101806,17,0,1.4,230.3,76.5,1010
1987101812,23.9,0,4.8,240,41.5,1006.1
1987101818,19.4,0,4.8,304.5,63,1004.3
1987101900,12.9,0,3.2,317.6,50,1009.5
1987101906,13.1,0,2.1,253.7,56.5,1012.1
1987101912,17.3,0,3.4,320.3,41,1011.3
1987101918,12,0,1.4,329.6,52.5,1013.3
1987102000,8.2,0,0.5,343,74,1015.1
1987102006,9.5,0,1.1,325,73,1016.4
1987102012,15.1,0,3.6,307.1,37,1017
1987102018,12,0,1.3,354.9,47,1017.9
1987102100,10.5,0,1.9,320.3,61.5,1019.4
1987102106,10.7,0,3.1,340,56,1021.8
1987102112,13.6,0,4.2,333.2,31.5,1020.5
1987102118,9.5,0,2.1,0,29,1021.2
1987102200,7.6,0,0.3,356.7,41,1022.7
1987102206,10.2,0,0.9,353.4,42.5,1023.7
1987102212,17.8,0,1.8,350,23,1021.8
1987102218,11.1,0,1.4,3.4,29.5,1024
1987102300,6.5,0,0.5,344.4,49.5,1027.1
1987102306,10,0,1.1,352.9,53.5,1028.5
1987102312,18.1,0,4.9,83.4,38.5,1027.6
1987102318,14.1,0,0.8,338.4,59.5,1027.4
1987102400,12,0,0.4,247.8,75,1026.1
1987102406,13.5,0,1,17.3,71,1024.8
1987102412,17.5,0,2.5,16.7,58,1022.8
1987102418,14,0,1.3,340.7,64.5,1022.4
1987102500,11.1,0,0.8,355,78,1022.7
1987102506,12.6,0,1.2,313.8,70,1024.2
1987102512,18.5,0,2.3,61.9,50,1022.8
1987102518,14.9,0,0.5,336.8,73.5,1022.6
1987102600,12.8,0,0.2,359.1,85.5,1022.3
1987102606,14.1,0,0.8,99.6,84.5,1022.2
1987102612,20,0,3.2,80.2,53.5,1020.6
1987102618,15,0,0.4,357.3,67.5,1019.6
1987102700,9.6,0,0.1,348.7,88.5,1019.4
1987102706,11.4,0,0.9,247.7,87.5,1019.1
1987102712,22.9,0,2.4,145,34.5,1017.6
1987102718,15.2,0,0.4,2,70.5,1018.2
1987102800,9.6,0,0.2,350,79,1019.6
1987102806,12.2,0,0.8,270.2,74,1020.9
1987102812,23.5,0,2.4,155.6,36.5,1019.6
1987102818,15,0,0.3,346.9,71.5,1019.2
1987102900,9.8,0,0.2,0.8,89,1019.6
1987102906,14.9,0,1.2,283.2,76.5,1019.2
1987102912,24.8,0,3.9,220.4,60.5,1016.2
1987102918,22.2,1.4,2,182.9,80.5,1014.9
1987103000,19.5,1.6,0.9,8.3,86.5,1014.8
1987103006,18.7,20.5,1,357.6,88,1016.2
1987103012,18.5,5.6,1.9,35,84,1016
1987103018,15.2,6.6,3.1,21.6,82,1018.1
1987103100,13.1,1.1,3,13.4,81.5,1020.7
1987103106,13.1,0.1,2.9,24.9,73,1023.7
1987103112,13.6,0,2.8,45.1,66,1024.6
1987103118,12.7,0,2.7,60,76,1026.3
1987110100,12.6,0.2,2,53.3,76.5,1026.3
1987110106,13.7,0,3.5,80,61.5,1025.9
1987110112,15,0,2.1,43.7,54.5,1023
1987110118,13.2,2.9,2.2,298.5,82.5,1020.3
1987110200,13.1,25,0.9,36.7,89,1015.8
1987110206,14.2,1.5,0.4,0,87.5,1014.3
1987110212,19.2,0.1,2.3,292.8,73.5,1012.7
1987110218,17.5,0,0.7,327.8,76.5,1013.5
1987110300,15,0,2.4,353.9,75,1015.4
1987110306,14.3,0,3.5,346.8,54,1018.8
1987110312,17.4,0,2.4,0,34.5,1019.2
1987110318,12.2,0,2.2,13.6,45.5,1021.4
1987110400,7.7,0,1.2,331.9,65.5,1023.2
1987110406,9.3,0,1.1,283.1,64.5,1023.5
1987110412,17.7,0,2.1,164.2,43.5,1020.5
1987110418,12.8,0,1.1,312.7,55,1019.1
1987110500,9.8,0,4,340,54.5,1019.3
1987110506,7.8,0,5.8,326.6,41.5,1022.8
1987110512,11.7,0,4.4,328.5,20,1022.8
1987110518,6.5,0,1.6,349.6,30.5,1024
1987110600,2.5,0,1,296.6,52.5,1024.8
1987110606,4.3,0,0.8,261.6,59,1025.3
1987110612,14.4,0,2.1,193.4,32,1022.9
1987110618,8.7,0,1,296,59.5,1022.3
1987110700,3.6,0,0.1,348.7,82,1021.4
1987110706,6.2,0,0.5,9.7,82.5,1019.5
1987110712,15.1,0,3.9,346.5,39,1016.8
1987110718,9.8,0,3,353.1,47,1018.8
1987110800,5.2,0,1.8,13.5,52.5,1021.2
1987110806,6.2,0,1.2,257.7,64.5,1021.6
1987110812,15.3,0,2.1,173.2,27,1020.6
1987110818,8.2,0,0.9,311.2,47,1018.8
1987110900,2.9,0,0.4,289.3,76,1017.8
1987110906,5.5,0,1,317.6,80.5,1016.9
1987110912,17.3,0,5.1,253.3,42.5,1014.8
1987110918,12.1,0,0.9,299.2,63.5,1016.3
1987111000,7.1,0,0.6,320.4,86.5,1017.7
1987111006,8.2,0,0.4,256.6,86.5,1019.8
1987111012,20.2,0,1.4,151.5,37.5,1019.1
1987111018,13.4,0,0.5,314.4,68.5,1021.3
1987111100,8.9,0,0.8,89.7,82,1023.9
1987111106,10.4,0,0.3,341.1,82.5,1025.3
1987111112,21.1,0,2.7,153.4,43,1023.4
1987111118,13.6,0,0.2,348.7,64.5,1023.4
1987111200,7.3,0,0.1,348.7,86.5,1023.2
1987111206,8,0,0.6,274.4,81.5,1022.6
1987111212,19.8,0,0.8,190,37.5,1020.1
1987111218,15.2,0,0.9,1,69,1019.3
1987111300,13.9,0,2.3,353.9,81,1020.9
1987111306,12.4,0.3,4.8,40.1,81.5,1024.7
1987111312,10.9,0.1,4.5,60,79.5,1025.8
1987111318,11,0.1,4.3,63.4,64.5,1026.3
1987111400,10,0,2.9,22.6,56.5,1027
1987111406,10.7,0,2.7,6.6,55,1026.8
1987111412,12.8,0,2.4,35,49.5,1026.9
1987111418,8.7,0,1.6,325.6,66.5,1027.1
1987111500,6.1,0,0.7,327.8,87,1028
1987111506,8.4,0,1.2,327.1,82.5,1027.4
1987111512,14.5,0,1.7,86.9,48,1024.7
1987111518,9.6,0,0.6,311.2,72.5,1022.9
1987111600,6.1,0,0.2,353.7,89,1021.8
1987111606,7,0,0.5,263.6,88,1019.7
1987111612,15.9,0,2,280.1,47,1017
1987111618,12.3,0,2.3,344,67,1017.5
1987111700,7.8,0,1,13.9,54.5,1020.2
1987111706,8.2,0,1.6,315,54,1022.8
1987111712,13.8,0,3.3,50.3,55,1021.9
1987111718,10.7,0,0.8,1.4,68.5,1023
1987111800,6.7,0,0.6,0,85.5,1022.5
1987111806,7.4,0,0.5,247.9,87.5,1021.2
1987111812,18.3,0,3.5,263.4,29,1016.7
1987111818,14.4,0,2,231.5,42,1015.5
1987111900,11.3,0,2.5,2.4,67,1016.8
1987111906,7.8,0,3,31.6,43.5,1020.1
1987111912,13.4,0,2,61.9,33,1018.2
1987111918,7.5,0,2.1,340,39.5,1019.7
1987112000,2.8,0,0.4,329.3,68.5,1019.8
1987112006,4.8,0,0.2,334.8,80.5,1020.4
1987112012,15.9,0,2.8,180,56,1017.8
1987112018,9.8,0,0.6,0,73.5,1016.8
1987112100,4.6,0,0.7,333,90,1017.4
1987112106,5.4,0,0.5,298,86.5,1018.4
1987112112,16.1,0,1.6,125.8,40.5,1017.8
1987112118,10.6,0,0.4,333.4,67.5,1020.2
1987112200,5.5,0,0.5,296.6,86,1022.8
1987112206,7.3,0,1,248.4,84.5,1024.7
1987112212,17.9,0,2.2,163.3,33,1022.9
1987112218,11.5,0,0.2,330.6,67,1021.3
1987112300,8.9,0,0.5,320.5,88.5,1017.5
1987112306,11.8,0,0.4,19.5,88.5,1015.3
1987112312,20.3,0,4,292.4,43.5,1012.7
1987112318,14.7,0,1.6,359.2,47.5,1015.2
1987112400,10.6,0,4.1,26.7,48,1018.1
1987112406,8.7,0,1.2,355.5,35,1022.2
1987112412,16.4,0,2.6,84.9,25.5,1020.8
1987112418,9,0,0.7,325,33.5,1022
1987112500,3.8,0,0.6,310.9,64,1023.6
1987112506,5.6,0,0.1,4.8,71.5,1024.9
1987112512,16.7,0,2.3,127.7,34.5,1023.4
1987112518,9.9,0,0.8,306.8,72,1024.1
1987112600,7.9,0,0.4,345.6,91.5,1023.7
1987112606,10.4,0.2,0.9,310.9,95,1022.5
1987112612,12.4,3.3,0.4,357.7,95.5,1020
1987112618,12.1,0,1.3,319.8,93,1020.1
1987112700,11.9,0.2,2.6,18.2,89.5,1020.1
1987112706,11.3,1.7,4.8,35,85,1019.2
1987112712,9.1,15.7,3.4,18.2,89,1019.2
1987112718,7.6,2.1,3.5,13.4,87,1020.4
1987112800,6.7,1,2.9,356.6,89.5,1020.8
1987112806,6.3,2.7,2.8,350,88,1021.2
1987112812,7.2,0,4,343.4,71,1021.5
1987112818,3.2,0,2.8,5.7,49,1024
1987112900,0.4,0,2.3,11.5,49,1026.7
1987112906,-0.1,0,2.8,3.4,41.5,1028.8
1987112912,4.7,0,3.5,18.2,30.5,1028.8
1987112918,0.3,0,2.4,4.8,32.5,1029.4
1987113000,-2.9,0,0.5,13.3,41.5,1029.5
1987113006,-2.7,0,1.8,29.1,41,1028.6
1987113012,5,0,3.2,333.4,26.5,1026.1
1987113018,0.2,0,3.7,353.2,29.5,1024.9
1987120100,-2.8,0,3.6,356.6,35,1023.9
1987120106,-1.7,0,3.7,343.1,35,1022.8
1987120112,1,0,6,328.5,29.5,1020.7
1987120118,-4.2,0,5.6,346.8,36,1021
1987120200,-5.2,0,5.2,4.3,40,1022.1
1987120206,-3.7,0,4.8,346.8,37.5,1022.9
1987120212,1.9,0,6.6,326.6,28.5,1022
1987120218,0.2,0,2,328.5,44.5,1022
1987120300,-0.2,0,2.3,326.1,58,1022.2
1987120306,0.9,0,1.5,305,75,1022.1
1987120312,5.8,0,5.3,328.8,47,1021
1987120318,1.2,0,5.7,330,34.5,1023.4
1987120400,-1,0,3.5,4.4,50,1025.7
1987120406,-0.2,0,3.4,11.2,40.5,1027.7
1987120412,5.4,0,4.2,353.4,20.5,1025.6
1987120418,0.8,0,2.6,14.6,29.5,1025.4
1987120500,-0.1,0,1.5,18.2,47,1025.1
1987120506,0,0,1.1,20.7,51.5,1024.3
1987120512,3.1,0,1.1,0,43,1021.7
1987120518,1.6,0,0.2,6.5,49.5,1020.9
1987120600,0.2,0,0.9,353.4,56,1020.1
1987120606,0.8,0,3.5,353.4,72.5,1021.4
1987120612,4.9,0.2,4.3,6.6,79.5,1022.7
1987120618,2.7,0,1.9,350.2,77,1026
1987120700,-0.3,0,1,309.2,86,1028.3
1987120706,1.2,0,0.8,300.4,78,1030.6
1987120712,9.5,0,2.1,146.4,39,1029.9
1987120718,3.7,0,0.4,322,65.5,1030.8
1987120800,-0.9,0,0.4,327.8,83.5,1030.5
1987120806,0.5,0,0.5,311.8,82.5,1029.7
1987120812,8,0,1,350,50,1028.2
1987120818,4.2,0,0.4,330.5,62.5,1028.8
1987120900,1.2,0,0.2,350.2,83.5,1028.3
1987120906,2.9,0,1.3,321.8,85,1027.8
1987120912,11.6,0,2.2,56.2,41,1024.6
1987120918,5.1,0,0.5,339.5,63.5,1024.3
1987121000,0.5,0,0.5,302,90.5,1023.8
1987121006,1.4,0,0.7,276.8,90.5,1023.1
1987121012,11.7,0,1.8,160,44.5,1020.8
1987121018,7.8,0,2.2,272.1,52.5,1021.2
1987121100,5.8,0,2.3,310.3,72.5,1021.4
1987121106,2.7,0,3.6,356.6,51.5,1025.8
1987121112,4.3,0,2.9,16.7,24,1024.9
1987121118,0.1,0,1,3.4,30.5,1024.1
1987121200,-3,0,1,29.7,39,1023.5
1987121206,-2.9,0,2.1,40.1,43.5,1023.2
1987121212,5.2,0,3.6,346.9,25.5,1020.3
1987121218,1.2,0,2.4,6.6,48,1020.7
1987121300,-2.2,0,1.1,311.3,54,1021.7
1987121306,-0.6,0,1.2,25,49.5,1022.3
1987121312,6.8,0,3.6,346.6,27,1021.7
1987121318,2.3,0,1.7,7.9,33,1023.6
1987121400,-0.5,0,1.7,19.5,42.5,1024.6
1987121406,1.6,0,2.9,32.3,37.5,1026.2
1987121412,8.3,0,3.3,13.6,25,1025.7
1987121418,2.5,0,0.5,336.3,45.5,1026.7
1987121500,-0.3,0,1.4,293.2,77.5,1025.4
1987121506,0.3,0,0.3,346.8,80,1024.2
1987121512,9.6,0,3.1,244.8,47,1019.5
1987121518,7.2,0,2.3,276.6,59,1017.5
1987121600,4.9,0,1.5,277.9,58,1017.1
1987121606,4.1,0,3.8,346.5,58,1019.8
1987121612,8,0,4.4,334.9,27,1019.8
1987121618,2.7,0,2.3,4.8,34.5,1021.8
1987121700,-1.6,0,0.6,317.6,71.5,1024.5
1987121706,1.6,0,1.9,314.7,82.5,1026.2
1987121712,10.1,0,2.8,42.4,34.5,1027.1
1987121718,3.9,0,0.8,336.8,49,1029.2
1987121800,-0.2,0,0.1,350,73.5,1030.1
1987121806,1.1,0,0.1,354.1,84,1030
1987121812,12.8,0,2.1,225.3,43,1027.2
1987121818,5.8,0,0.4,341,65.5,1026.8
1987121900,1.1,0,1.1,304.2,81,1027.2
1987121906,2.3,0,1.2,306,71.5,1027.2
1987121912,11.1,0,2.4,57.2,42,1025.5
1987121918,4.9,0,0.4,308.4,62.5,1024.2
1987122000,1,0,0.6,305,84.5,1023.5
1987122006,4.5,0,2.5,349.8,77,1022
1987122012,9.4,0,4.5,343.3,38.5,1020.5
1987122018,4.9,0,3.5,340,53,1020.8
1987122100,1.8,0,3.9,317.6,56,1022.8
1987122106,2.5,0,1.5,315.6,65,1023.1
1987122112,9.8,0,2.2,228.8,42.5,1022.8
1987122118,4,0,0.9,330.5,56.5,1023.5
1987122200,-1,0,0.9,301.9,84.5,1024
1987122206,-0.7,0,0.5,9.4,95.5,1023.1
1987122212,10.4,0,3.9,241.9,56.5,1019.6
1987122218,6.2,0,1.5,19.3,49.5,1019.8
1987122300,2.5,0,2.9,19.7,58,1024.2
1987122306,2.8,0,3,18.2,67.5,1026.3
1987122312,10.6,0,1.7,120.4,35.5,1025.9
1987122318,4,0,0.6,351.8,64,1025.8
1987122400,-1.4,0,0.1,348.7,87.5,1026.2
1987122406,-0.2,0,0.3,285.8,88,1026.3
1987122412,14.2,0,1.3,157.6,28,1025.6
1987122418,8.7,0,0.6,322,49.5,1025.1
1987122500,5.7,0,0.7,1.5,88,1023.8
1987122506,12.6,0,3.3,222.4,75.5,1021.2
1987122512,19,0,6.2,260,46.5,1018
1987122518,13,0,1.8,10.1,63.5,1019.8
1987122600,8.1,0,0.7,10,70.5,1021.9
1987122606,5,0,1.3,269.3,77,1022
1987122612,16.7,0,1.8,216.9,36,1019.3
1987122618,8.4,0,0.4,322.2,39.5,1018.5
1987122700,2.1,0,0.2,335.2,71,1019.6
1987122706,2.8,0,0.8,328.2,74,1018.3
1987122712,17.9,0,2.6,234.3,26.5,1016.3
1987122718,12.3,0,1,329.4,34.5,1015.8
1987122800,10.4,0,1.1,283.4,56.5,1015.5
1987122806,10.7,0,1.2,78.2,65,1014.8
1987122812,19.9,0,4.7,256.8,36,1012.8
1987122818,13.4,0,0.6,320.4,55.5,1013.4
1987122900,6.6,0,0.3,338.1,87.5,1014.8
1987122906,6.2,0,0.6,286.3,89,1014.3
1987122912,16.9,0,1.4,176.5,46,1010.1
1987122918,12.4,0,0.9,240.7,57.5,1008.3
1987123000,8.9,0,5.5,349.8,53.5,1008.8
1987123006,2.4,0,6.1,346.6,36,1016.3
1987123012,4.2,0,4.9,340,13,1021.8
1987123018,-0.8,0,3.5,10.2,14.5,1024.2
1987123100,-5.2,0,2.1,13.1,36.5,1026.9
1987123106,-4.2,0,1.2,271.1,40,1028.9
1987123112,6.8,0,2,164.8,26.5,1027.6
1987123118,1.8,0,1.3,286.6,59,1027.1
1988010100,-3.1,0,0.6,6,73.5,1026.3
1988010106,-0.8,0,0.9,304.1,77,1024.7
1988010112,9.2,0,2,65.9,39.5,1023.2
1988010118,8.1,0,0.6,34.2,41.5,1022.5
1988010200,6.9,0,1.6,341.5,55.5,1022.2
1988010206,6,0,2.2,23.1,68.5,1023.7
1988010212,10.6,0,3.4,48.4,32.5,1023.7
1988010218,5.5,0,1.8,11.2,34,1025.1
1988010300,1.3,0,0.4,271.6,52,1027.2
1988010306,2.1,0,0.6,336.7,59,1028.1
1988010312,11,0,2.1,51.8,35.5,1025.8
1988010318,5.4,0,1.8,332.5,34,1025.1
1988010400,2.3,0,0.9,276.8,46.5,1024.2
1988010406,2.8,0.1,1.9,13.4,59,1024.4
1988010412,2.7,2.5,2.1,25.5,79.5,1024.2
1988010418,1.9,0,1.5,0,62,1024.8
1988010500,0,0,1.3,318.7,55,1025.5
1988010506,-0.2,0,1.9,330.1,60.5,1024.4
1988010512,3.3,2.1,2.5,6.6,70.5,1023
1988010518,2,1.7,1.9,6.8,84.5,1023.8
1988010600,-0.6,0,1.2,313.1,59,1025
1988010606,-1,0,0.8,316.9,58,1026.1
1988010612,7.8,0,0.8,135,52,1024.2
1988010618,5.2,0,0.7,336.3,79,1023.1
1988010700,2.7,0,0.4,286.2,84,1021.7
1988010706,3,0,1.3,56.9,76,1018.4
1988010712,6.5,0,3,346.6,40,1017.3
1988010718,4.6,0,0.3,22.6,49.5,1017.1
1988010800,1.6,0,0.8,329,71.5,1016
1988010806,2.9,0,0.7,271.4,76.5,1015.4
1988010812,10.5,0,4.8,280,32.5,1013.8
1988010818,7.1,0,4.4,297.7,31.5,1015.2
1988010900,2.6,0,5.1,318.4,38.5,1018.6
1988010906,-0.4,0,5.6,323.3,37,1022.5
1988010912,1.4,0,6.4,323.3,24,1023.5
1988010918,-2.3,0,2.5,346.5,30.5,1026.1
1988011000,-5.3,0,3.5,343.2,41.5,1029
1988011006,-5.1,0,5.3,353.9,38.5,1030
1988011012,0.2,0,5.7,321.8,23,1029.1
1988011018,-2.3,0,6.3,330,21,1029.8
1988011100,-3.3,0,8.7,336.7,31,1030.2
1988011106,-2.4,0,4.1,0.9,40,1030.9
1988011112,4.3,0,4.8,343.3,20.5,1029.3
1988011118,0.3,0,2.1,5.1,24.5,1028.6
1988011200,-2.5,0,0.9,5.1,38,1026.7
1988011206,-0.5,0,1.3,339.1,36.5,1025.3
1988011212,6.3,0,4.4,329.8,17,1024
1988011218,2,0,0.9,343.6,34.5,1024.7
1988011300,-2.2,0,1,278.1,65.5,1025.6
1988011306,0.1,0,1.4,317.2,79,1026.4
1988011312,11.3,0,2.6,273.1,38.5,1024.7
1988011318,5.4,0,1.3,296.6,51,1025.5
1988011400,0,0,0.7,315,78.5,1024.8
1988011406,1.4,0,1.2,305,82,1024.6
1988011412,12.5,0,2.3,185.9,39,1022.6
1988011418,9.9,0,1.8,323.3,71,1021.2
1988011500,7.3,9.7,1.8,2,89.5,1020.3
1988011506,6.7,2.2,2.1,353.2,82,1021
1988011512,11.1,0,2.4,26.6,59.5,1020.4
1988011518,8.1,0,2.1,331.3,64.5,1021.7
1988011600,3.8,0,0.3,314.9,82.5,1021.8
1988011606,3.9,0,3.5,10,40,1021.7
1988011612,7.3,0,4.7,349.8,20,1021.3
1988011618,1.9,0,4.8,343.3,15.5,1022.8
1988011700,-3.1,0,1.8,10.2,26,1023.8
1988011706,-2.1,0,5.1,353.2,36.5,1022.8
1988011712,4.8,0,4.1,340,28.5,1020.3
1988011718,1.7,0,3.4,340,39,1020
1988011800,1.4,0,2.8,346.6,51.5,1021.3
1988011806,1.5,0,3.7,333.4,47,1024.3
1988011812,5.9,0,2,11.1,22.5,1025.8
1988011818,1.4,0,1.5,343.4,29,1026.9
1988011900,-0.6,0,0.6,330.5,42.5,1026.8
1988011906,1.1,0,0.3,336.3,46.5,1025.9
1988011912,10.6,0,2.5,232.8,35.5,1023.5
1988011918,4.1,0,1,326.1,30.5,1022.6
1988012000,-2,0,0.6,280,62,1023.4
1988012006,-0.6,0,0.8,293.5,63,1023.2
1988012012,11.2,0,1.6,160,29,1022
1988012018,5.2,0,0.3,344.3,48,1020.4
1988012100,1.4,0,0.6,341.6,67,1018.3
1988012106,3.5,2,0.9,288.5,77,1012.3
1988012112,6.9,7.3,1,27.3,86.5,1007.2
1988012118,5.6,0,0.9,287.7,79.5,1007.8
1988012200,3.7,0,0.8,28.5,86.5,1006.7
1988012206,5.7,0,1.3,67.9,81.5,1005.8
1988012212,10.6,0,4.3,270.9,32.5,1003.6
1988012218,6.8,0,8.1,287.3,38.5,1002.6
1988012300,-1.1,0,4.8,318.4,43.5,1007.4
1988012306,-2.2,0,4.9,318.4,42.5,1010.5
1988012312,-1.2,0,7.5,320.3,33.5,1010.2
1988012318,-4.9,0,7.3,305,31,1012.8
1988012400,-6.3,0,3.9,305,37,1015
1988012406,-5.9,0,2.9,316.8,39,1018.5
1988012412,0.5,0,3.7,296.6,32.5,1017.5
1988012418,-2.9,0,1.1,8.7,37,1018.1
1988012500,-4.9,0,1,346.9,51,1019.1
1988012506,-3.2,0,0.9,274.5,56,1019.6
1988012512,3.7,0,4.5,296.6,33.5,1017.5
1988012518,0.1,0,0.9,332.7,40,1018.1
1988012600,-1.5,0,0.7,10,52.5,1019.7
1988012606,-0.1,0,4.2,343.3,51,1020.8
1988012612,4.1,0,4.2,346.6,14.5,1020.5
1988012618,1,0,2.7,346.3,18.5,1021.2
1988012700,-0.2,0,5.1,343.3,25.5,1021.3
1988012706,-0.2,0,3.8,346.8,23.5,1021.8
1988012712,6.2,0,3.7,299.6,24,1021
1988012718,3.9,0,3,286.1,29,1019.5
1988012800,3.3,0,2.2,17.4,35,1019.4
1988012806,1.9,0,1.4,75.9,53.5,1021.5
1988012812,8.4,0,2.5,198.2,37.5,1019.2
1988012818,4.9,0,1.7,293.7,38.5,1017.4
1988012900,-0.1,0,0.5,148.4,64.5,1016.7
1988012906,4.6,0,1.1,146,57,1015.8
1988012912,10.3,0,4.8,326.9,33.5,1016.5
1988012918,2.7,0,3.5,356.6,17,1019.7
1988013000,-2.2,0,2.5,10,31,1023.3
1988013006,-1.9,0,2.2,11.7,41.5,1024.3
1988013012,3.3,0,3.8,3.4,23,1021.9
1988013018,1,0,2.5,25,23,1021.4
1988013100,-2.3,0,2.1,356.6,37,1021.7
1988013106,-0.7,0,4.9,343.3,47,1021.6
1988013112,5.3,0,2.3,346.5,24,1020.5
1988013118,0.5,0,1.2,333.4,23.5,1020.8
1988020100,-2.6,0,2.7,350,29.5,1021.7
1988020106,-1.7,0,5.5,343.3,39,1021.2
1988020112,6.2,0,1.8,26.7,32,1018.9
1988020118,1.9,0,0.9,299.1,34.5,1016.2
1988020200,2,0,2.2,332.4,48,1014
1988020206,2.2,0,5.2,332.3,45,1013.7
1988020212,0.6,0,6.4,336.6,29.5,1014.5
1988020218,-5.8,0,4.5,340,23.5,1018.3
1988020300,-8.6,0,2.3,346.6,35.5,1019.7
1988020306,-8.2,0,4.3,343.4,35.5,1020.5
1988020312,-2.2,0,6,336.7,23.5,1019.8
1988020318,-4.2,0,1.9,333.2,25.5,1019.8
1988020400,-7.4,0,0.8,290.7,42.5,1018.2
1988020406,-5.9,0,0.9,285.7,52.5,1016.1
1988020412,6.3,0,2.2,163.7,44,1013.6
1988020418,8.9,0,3.1,204.1,65.5,1009.8
1988020500,12.1,0,4.7,256.4,65,1007.2
1988020506,13.6,0,3.5,263.2,58.5,1004.1
1988020512,15.1,0,5.2,345.9,51.5,1004.2
1988020518,7.9,0,2.8,46.8,75.5,1008.8
1988020600,4.5,0,3.5,7.9,47,1010.8
1988020606,0.9,0,3.4,335.5,40.5,1012.7
1988020612,2.8,0,7.6,330,20,1012
1988020618,-2.8,0,7.1,330,27,1014
1988020700,-7.4,0,4.1,354.1,31.5,1019.6
1988020706,-6.3,0,7,318.4,35,1020.4
1988020712,-0.2,0,6.4,326.6,23.5,1018.3
1988020718,-2.5,0,4.1,343.4,28,1020
1988020800,-5.4,0,4,0,43,1021.8
1988020806,-4,0,5,346.6,42.5,1022.7
1988020812,2,0,5.2,346.6,25,1020.6
1988020818,-1.9,0,1.7,310.4,26,1022
1988020900,-3,0,5.3,350,43.5,1023.4
1988020906,-2.6,0,6.7,340,34.5,1025.7
1988020912,4,0,4.8,321.8,26.5,1024.7
1988020918,1,0,2.3,353.7,31,1023
1988021000,-3.2,0,3.8,3.4,47.5,1025.4
1988021006,-4.3,0,4.1,25,43.5,1028.2
1988021012,3.5,0,3.4,33.4,22,1027.8
1988021018,-0.6,0,1.5,339,23,1028.8
1988021100,-4.5,0,0.5,70.9,45,1028.9
1988021106,-3.7,0,0.4,291.2,56.5,1027.6
1988021112,6,0,1.5,89.2,41,1024.2
1988021118,2.8,0,1.2,28.7,40.5,1022.6
1988021200,-0.9,0,1.7,316.8,53.5,1022.3
1988021206,1.2,0,3.2,0,45,1023.5
1988021212,7.5,0,3.7,353.6,33,1023.2
1988021218,4.4,0,1.5,5.1,41,1023.7
1988021300,0.6,0,0.9,326.9,56.5,1024.6
1988021306,2.2,0,2.1,292.4,64.5,1025.1
1988021312,9.1,0,3.9,56.9,25.5,1024.2
1988021318,3.5,0,0.8,350.6,51,1024.3
1988021400,-1,0,0.4,318.7,75,1024.6
1988021406,1.4,0,1.1,354.2,80.5,1023.7
1988021412,7.9,0,5.2,349.8,28.5,1020.6
1988021418,2.5,0,3.6,0,34.5,1021.8
1988021500,-1.3,0,2.4,13.4,50,1023.6
1988021506,-1.1,0,3.7,14.3,48,1024.9
1988021512,5.1,0,5.2,340,19,1024
1988021518,1.1,0,3.7,349.8,16.5,1024.3
1988021600,-3.4,0,6.9,340,24.5,1027.2
1988021606,-3.4,0,5.4,0.9,33.5,1029.1
1988021612,3,0,3.2,357.6,20.5,1027.9
1988021618,-0.5,0,2.4,3.4,20,1027.5
1988021700,-3.7,0,1.9,21.6,30,1027.9
1988021706,-4.1,0,2.4,1.9,40,1027.9
1988021712,3.2,0,5,346.5,27,1024.9
1988021718,-0.5,0,3.1,346.5,26.5,1024.6
1988021800,-4,0,6.3,355.2,36,1026.1
1988021806,-3.2,0,7,330,43.5,1026.8
1988021812,2.7,0,5.7,336.7,30.5,1026.3
1988021818,-0.6,0,3.3,346.6,26.5,1028.4
1988021900,-3.6,0,4.1,15.8,35,1029.9
1988021906,-2.5,0,2,305,51.5,1031.2
1988021912,7.4,0,3,208.4,30.5,1029.6
1988021918,4.4,0,0.9,288.2,40,1028.3
1988022000,2.1,0,2.2,359.5,48.5,1028.9
1988022006,2.8,0,1.7,31.9,56,1028.9
1988022012,7.2,0,2.2,59.8,38,1027.8
1988022018,3.6,0,0.9,301.2,42,1027.8
1988022100,-0.1,0,1.2,11.7,68,1030.1
1988022106,0.6,0,1.7,329.9,83,1032.3
1988022112,5.1,0.2,2.4,43.4,82,1032.6
1988022118,4,0.1,1.6,345.2,82.5,1033.1
1988022200,0,0,0.5,314.4,88.5,1032.8
1988022206,0.8,0,0.9,88.8,93,1031.8
1988022212,10,0,2.9,163,45.5,1028.5
1988022218,6.1,0,1.4,253.5,66.5,1025.8
1988022300,4.6,0,0.4,306.7,77,1023.5
1988022306,4.9,4.4,0.9,309.2,92,1022.7
1988022312,7.1,0.9,2.1,3.9,77,1021.4
1988022318,6,0.1,2.3,29.6,74,1022.1
1988022400,4.3,1.9,2.6,29.1,84.5,1024.2
1988022406,4,0.6,1.9,44.7,80.5,1026.5
1988022412,5.2,0.3,2.3,11.7,72.5,1027.1
1988022418,4.6,0,0.9,306.6,70.5,1027.4
1988022500,4.1,0,1,306,74,1027.3
1988022506,5.1,0,0.7,270.3,75.5,1027.6
1988022512,8.4,0,2.7,86.6,52,1027.7
1988022518,7.1,0,1.6,53.3,55.5,1028
1988022600,5.8,0,2.9,16.7,67,1027.8
1988022606,6,0.2,2.7,29.9,81,1026.5
1988022612,8.4,0.4,3.4,55.3,64.5,1024.6
1988022618,6.4,0,3.7,20,74.5,1024.4
1988022700,7.2,0.2,3.6,80,66.5,1023
1988022706,6.2,1.2,3.2,35.5,72,1023.8
1988022712,6.1,0.5,3.4,20,79,1024.1
1988022718,3.8,2,2.5,357.6,82,1025.2
1988022800,1.7,0,0.3,20.4,88,1025.2
1988022806,3,0,0.6,308.4,90.5,1025.2
1988022812,9.2,0,3,100,42.5,1024.5
1988022818,5.3,0,1.3,15.6,65,1024.9
1988022900,1.7,0,0.4,314.2,86.5,1025.1
1988022906,3.8,0,0.5,319.1,87,1024.6
1988022912,9.8,0,1.3,165.5,50.5,1021.7
1988022918,7.9,0,1.3,317.4,65.5,1020.5
1988030100,6.1,0,1.2,281.6,74.5,1019
1988030106,5.3,0,1.8,18.2,42,1018.8
1988030112,9.8,0,3.6,60.5,33.5,1017.7
1988030118,6.6,0,2.2,44.5,58.5,1017.3
1988030200,3.7,0,1.7,356.7,77.5,1018
1988030206,4.2,0,3.7,353.1,40,1018.1
1988030212,9.4,0,4.8,321.8,17.5,1015
1988030218,3.4,0,4.5,356.6,28.5,1016.2
1988030300,-2.1,0,6.9,336.6,32,1019.6
1988030306,-2.3,0,8.4,333.4,32.5,1021.3
1988030312,2.8,0,4.7,346.6,23,1022.1
1988030318,-0.2,0,2,340,22,1024.1
1988030400,-3.3,0,1.2,17.8,36.5,1026.8
1988030406,-1.7,0,1.4,10.2,46.5,1026.2
1988030412,6.4,0,2.1,296.3,22,1023.4
1988030418,3.2,0,2.1,356.6,28.5,1023.2
1988030500,0.6,0,3,349.8,46,1024.4
1988030506,0.9,0,1.3,104.3,50,1025.1
1988030512,7.8,0,4.8,218.8,32.5,1022.2
1988030518,3.3,0,2.9,357,52,1022.2
1988030600,0,0,2.8,342.9,59,1023.8
1988030606,1,0,1.7,287.4,62.5,1024
1988030612,8.6,0,4,288.2,23.5,1020.7
1988030618,4,0,4,0.9,33,1019.5
1988030700,-0.2,0,4.3,302.9,45.5,1019.7
1988030706,-2.4,0.1,5.7,330,49.5,1023.8
1988030712,2.6,0,4.6,318.4,24.5,1024.2
1988030718,0.1,0,2.6,346.5,27.5,1024.1
1988030800,-3.5,0,1.4,326.1,51.5,1025.1
1988030806,-1.3,0,1.5,301.3,58,1023.8
1988030812,5.6,0,4.6,307.7,40.5,1022.5
1988030818,2,0,1.6,305.8,44,1023.1
1988030900,-1.1,0,3.3,318.4,48,1024.3
1988030906,0.9,0,3.9,320.3,48.5,1024.2
1988030912,9.6,0,4.9,276.5,27,1021.7
1988030918,6.2,0,2.7,298.7,40,1021
1988031000,0.5,0,1.3,295.8,71.5,1024.2
1988031006,2.8,0,1.3,242.3,75.5,1026.4
1988031012,14.1,0,4.5,187.8,34.5,1024.2
1988031018,8,0,1.5,243,48,1022.2
1988031100,4.6,0,1.4,322.4,67.5,1021.3
1988031106,8.3,0,1.4,250,73,1017.7
1988031112,11.5,4.7,3,193.4,84,1009.2
1988031118,12.6,18.8,1.4,256.1,88,1000
1988031200,10.7,0,3.3,357.3,60,1000.3
1988031206,8,0,3.5,343.3,53,1005.7
1988031212,14.3,0,5,333.4,25.5,1007.7
1988031218,11.4,0,3.5,320.6,23,1009.4
1988031300,7.9,0,0.7,335.5,32,1011
1988031306,8.4,0,1.2,260,52.5,1012.5
1988031312,17.2,0,3.2,144.1,36.5,1010.2
1988031318,13.5,0,1.6,307.4,36,1009.5
1988031400,11.6,0,0.9,357.1,52.5,1009.7
1988031406,12.2,0,2.8,45.4,50.5,1009.8
1988031412,10.2,0.5,3,31.8,59.5,1007.6
1988031418,7.3,11.9,3.4,10,82.5,1005.3
1988031500,5.4,1.8,2.7,13.4,81,1009.6
1988031506,6.7,0.4,3.6,14.7,70.5,1013.1
1988031512,7.8,0,4.6,66.6,52.5,1016
1988031518,3.3,0,4.7,45.1,63,1022.8
1988031600,2.9,0,2.7,48.4,51,1025.6
1988031606,3.9,0,4.3,83.4,47.5,1024.8
1988031612,5.2,0,4.3,73.3,46.5,1023.8
1988031618,4.9,0,3.6,46.8,53,1023
1988031700,3.2,2.4,3.9,10,70,1020.2
1988031706,4.3,7.6,3.6,19.7,85,1017.8
1988031712,6.5,0.6,3.4,16.7,70.5,1016.8
1988031718,5.1,0,1.8,3.4,74,1017.2
1988031800,3,0,0.9,314.4,75,1017.2
1988031806,4.6,0,0.7,305.9,78,1017.2
1988031812,14.1,0,3.8,319.8,28,1015.8
1988031818,10.5,0,1.5,329.9,36.5,1016.3
1988031900,6,0,1.3,66.5,51,1019.8
1988031906,6,0,2.5,25.5,50.5,1022
1988031912,11.4,0,3.6,61,33.5,1021.8
1988031918,7.8,0,1.8,57.6,59,1023.7
1988032000,4.9,0,0.7,354.9,71.5,1025.2
1988032006,6.2,0,2.2,104.8,72.5,1026.8
1988032012,9.4,0,4.4,83.4,45.5,1025.5
1988032018,8,0,2.2,70,54.5,1024.3
1988032100,8.1,0,2.6,66.7,64,1022.9
1988032106,8.7,3.3,3.8,73.3,79,1019.3
1988032112,7.9,0.4,3.7,58.8,75.5,1017.2
1988032118,6.3,4.3,4.4,29.9,82.5,1013.8
1988032200,4.9,6.6,5.2,0,84,1010.8
1988032206,5.7,0.3,4,0,78.5,1010.8
1988032212,9.1,0,3.4,26.2,59.5,1012.6
1988032218,7.6,0,1.3,28.1,62.5,1015.2
1988032300,4.1,0,0.7,294.5,82.5,1016.3
1988032306,6.2,0,2.8,10.9,65,1018.4
1988032312,12.8,0,4.2,320.2,19,1019.3
1988032318,8.5,0,4,343.4,16.5,1022
1988032400,2.1,0,2.2,47.4,27,1024.4
1988032406,3.7,0,1.2,42.6,40.5,1026.8
1988032412,11.2,0,4.1,114.9,39,1023.8
1988032418,8.4,0,1.9,9.4,57,1022.2
1988032500,7.3,0,0.4,312.6,70,1020.2
1988032506,7.9,0.2,0.9,58.2,80,1018.1
1988032512,12.6,0,4.9,93.4,50,1015.2
1988032518,9.2,0,2.6,26.2,64.5,1014.8
1988032600,7.4,0,2.6,356.7,68.5,1014.8
1988032606,7.8,0,2.7,3.3,65.5,1015.2
1988032612,9.6,0,3.6,51.8,55.5,1015.6
1988032618,7.1,0,2.2,11.2,58,1017.6
1988032700,3,0,0.6,317.6,75.5,1019.7
1988032706,5.7,0,0.9,216.6,80,1021.8
1988032712,13.6,0,4.4,170.2,40.5,1019.8
1988032718,8.8,0,1.9,229.3,56.5,1018.5
1988032800,3.8,0,0.6,289,85,1019
1988032806,8,0,1.2,336.9,77,1019.2
1988032812,11.5,0,4.3,80,53.5,1018.5
1988032818,7.8,1.5,2.2,31.8,77.5,1019
1988032900,7.8,0,4.1,29.9,73.5,1018.3
1988032906,9.1,0,5.8,53.3,52,1018.5
1988032912,10,0,6.5,66.7,44,1019.2
1988032918,8.3,0,5.4,50,58,1018.9
1988033000,7.9,0,4.6,66.7,53.5,1019.5
1988033006,9.1,0,5.4,70,46.5,1019.8
1988033012,10.9,0,5.9,70,34.5,1020.4
1988033018,7.3,0,3,28.1,51,1021.8
1988033100,3.7,0,1.3,311.6,68,1022.7
1988033106,6.3,0,1.5,176.6,74.5,1023.3
1988033112,12.7,0,5.2,100,40,1023
1988033118,8.4,0,1.6,44.4,54,1022.8
1988040100,5.3,0,0.7,252.8,77.5,1023.2
1988040106,8.1,0,0.9,205,77,1022.5
1988040112,15.4,0,4,163.4,46.5,1020.2
1988040118,11,0,1.3,225,62.5,1019.2
1988040200,7.1,0,0.9,279.7,83.5,1020
1988040206,9.2,0,1.4,60.6,84.5,1019.6
1988040212,14.4,0,5.4,90,44,1018
1988040218,10.2,0,2.3,35,67,1018.5
1988040300,6.3,0,0.9,316.2,83,1018.5
1988040306,8.4,0,0.9,236.2,82.5,1018.3
1988040312,15.7,0,4.9,121.4,32.5,1017.4
1988040318,10.4,0,2.7,38.2,70.5,1017.6
1988040400,7.9,0,1.7,0,81,1017.7
1988040406,10.1,0,2,32.3,76,1018
1988040412,15.7,0,4.2,104.7,42,1016.8
1988040418,11.3,0,2,168.2,61.5,1016.5
1988040500,6.8,0,0.5,310.9,84,1016.1
1988040506,10.9,0,1.9,325.9,80,1015.1
1988040512,20.2,0,5,293.2,27.5,1012.9
1988040518,14,0,3.8,31.8,37,1016.1
1988040600,9.2,0,3,53.3,70.5,1020.7
1988040606,8.7,0,3.8,45.1,70.5,1023.9
1988040612,9.7,0,5.5,80,47,1023.8
1988040618,7.7,0,4.2,56.6,51,1023.5
1988040700,6.7,0,3.1,29.9,59.5,1022.7
1988040706,8,0,3.9,48.4,59,1020.5
1988040712,6.8,2,3.8,29.9,83.5,1019.9
1988040718,6.2,1,4.2,18.2,77,1019.4
1988040800,5.2,0.3,3.4,353.4,83,1019.2
1988040806,7.5,0,3.7,6.6,69.5,1020.2
1988040812,10.1,0.1,4,86.7,52.5,1020.3
1988040818,8.2,0,2.2,22.9,54.5,1021.7
1988040900,4.8,0,1.5,359.9,78.5,1023.7
1988040906,7.8,0,0.9,288.4,78.5,1024.9
1988040912,14.3,0,2.7,160.5,40.5,1024.2
1988040918,10,0,1.4,270.2,60,1024.2
1988041000,5.2,0,0.6,190,84,1026.3
1988041006,8.9,0,1.6,285,71,1027.4
1988041012,18.2,0,3.7,199.2,23,1026.2
1988041018,12.9,0,1.2,242.8,40.5,1025.8
1988041100,7.4,0,0.5,340.5,67.5,1027
1988041106,9.9,0,1.4,233,66.5,1026.9
1988041112,19.7,0,5.6,240,23,1024.4
1988041118,14.9,0,4.4,243.4,55.5,1023
1988041200,14.1,2.5,3.5,220.1,76.5,1020.6
1988041206,14.4,17.4,4.7,204.9,83,1015.3
1988041212,15.4,11.7,1.5,134.3,83.5,1011.4
1988041218,13.6,0,1.1,337.3,61,1012.6
1988041300,10.1,0,2.2,349.7,48.5,1014.2
1988041306,11,0,1.3,155.7,60,1015.3
1988041312,21.1,0,4.4,240.5,26.5,1012.7
1988041318,17.2,0,2,221.6,34,1010.5
1988041400,13,0,3.8,283.6,38,1010.4
1988041406,10.4,0,4.7,336.6,33.5,1014.7
1988041412,16.5,0,5.1,311.3,25,1014.2
1988041418,13.3,0,3.4,346,25.5,1014.6
1988041500,9.5,0,4,353.4,33.5,1018.1
1988041506,11.7,0,1.8,266.1,39,1020.5
1988041512,19.5,0,4.5,170,31,1019.1
1988041518,14,0,1.3,70.3,52,1019.8
1988041600,8.6,0,0.7,336.9,76,1022.3
1988041606,13,0,0.6,132.6,64,1022.8
1988041612,22,0,4.2,166.1,25.5,1022.3
1988041618,16.3,0,0.9,55.4,48,1021.7
1988041700,12.3,0,0.5,334.2,58.5,1022.2
1988041706,14.7,0,1.4,245,61,1022.1
1988041712,20.5,0,4.9,180.9,48,1018.7
1988041718,16.7,0.3,2.4,261.7,55.5,1015.6
1988041800,13.4,7.3,3,170,83,1009.8
1988041806,13,15.5,6.4,270,87.5,998.9
1988041812,16.2,0,7.4,296.6,30,1000.2
1988041818,11.9,0,3.6,305,22,1003.2
1988041900,6.2,0,1,315.5,45.5,1006.8
1988041906,11.7,0,5.6,231.5,55,1003.6
1988041912,19.2,0,8.9,243.4,43.5,998.2
1988041918,16.3,0,2.8,223.4,59,1000.7
1988042000,11.1,0,1.6,15.5,77.5,1005.9
1988042006,12.6,0,1.7,65.4,66,1009
1988042012,15.1,0,4.1,93.4,43,1010.2
1988042018,11.8,0,1.8,49,56,1011.6
1988042100,9.7,0,0.9,302,69.5,1011.6
1988042106,11.9,0,1.3,50.1,73.5,1010
1988042112,16.3,0,2.7,179,51.5,1007.8
1988042118,13,0,1.9,136.1,76.5,1007.5
1988042200,9.7,0,5,353.4,22,1009.3
1988042206,10.5,0,6.7,336.6,20,1011
1988042212,15.1,0,4.4,338.6,20,1009.9
1988042218,11.2,0,1.3,33,45.5,1009.5
1988042300,5.7,0,0.8,286.9,69,1009.3
1988042306,9.1,0,1.6,265.8,58,1008.2
1988042312,17.3,0,3.6,287.7,21,1005.3
1988042318,12.7,0,3.5,342.7,39.5,1004.1
1988042400,8.8,0,4.4,336.7,48,1007.3
1988042406,11.2,0,3.9,343.3,54,1009.9
1988042412,19,0,4.1,325.3,32,1009.6
1988042418,15.3,0,2.4,310.2,37.5,1010.8
1988042500,8.9,0,1.2,324.5,62.5,1014.3
1988042506,13.3,0,2.1,223.1,57,1015.8
1988042512,22.5,0,5.3,266.6,26,1014.4
1988042518,17.6,0,3.5,250,38.5,1015
1988042600,13.2,0,1.5,273.9,56,1017.2
1988042606,13.8,0,1.2,299.2,60.5,1019
1988042612,24.7,0,3.8,286.2,26,1017
1988042618,19.4,0,2.2,310.4,38.5,1015.9
1988042700,14.9,0,1.1,306.9,58.5,1016.2
1988042706,18.1,0,1.9,247.6,59.5,1016.5
1988042712,26,0,3.8,177,36,1014.6
1988042718,16.8,0,2,56.6,74,1014.2
1988042800,12.1,0,0.1,7.7,86,1015.1
1988042806,15.8,0,1.7,182.4,75,1013.6
1988042812,18.1,4,3.6,200.2,81,1011.7
1988042818,15.6,5,1.8,200,87.5,1009.1
1988042900,15.2,6.5,0.7,321.3,85.5,1006.5
1988042906,16.1,2.8,1.2,20.8,83.5,1003.3
1988042912,21.5,0,3.7,140.3,56.5,1000.8
1988042918,17.3,0,1.1,59.8,76.5,1000.2
1988043000,15.2,0,0.6,7.7,85,1001.7
1988043006,17,1.5,2.9,231.1,79.5,1003
1988043012,25.9,0,4.5,226.8,47,1001.7
1988043018,19,0,2,114.7,66.5,1002.8
1988050100,16.7,0,2.2,151.3,77.5,1004.3
1988050106,19.7,0,3,188.5,67,1004.5
1988050112,26.3,0,4.3,240,44,1003.4
1988050118,21.8,0,2.7,293.1,61,1006.5
1988050200,16.3,0,2.3,330.1,61,1010.3
1988050206,17.7,0,1.1,70.1,28.5,1014.8
1988050212,23.9,0,4.5,166.6,21.5,1014.3
1988050218,17.5,0,1.1,80.5,42.5,1013.7
1988050300,13.8,0,0.3,317.1,63,1012.5
1988050306,13,7.8,0.7,3.4,74.5,1010.4
1988050312,17.6,1.7,2.2,176.6,83,1005
1988050318,20.1,0,2.4,276.6,70,1001.3
1988050400,16.1,0,0.9,251.1,85.5,1001.5
1988050406,16.8,0,3.1,16.8,69,1002.9
1988050412,17.7,0,4.2,60,39.5,1003.1
1988050418,13.1,0,2.3,23.9,43.5,1006.3
1988050500,8.2,0,1,285.8,73,1008.1
1988050506,12.8,0,1.2,259.2,70.5,1008.7
1988050512,22.8,0,4.6,84.9,43.5,1006.5
1988050518,15.6,0,3.5,15.8,41.5,1009.7
1988050600,9.4,0,0.7,314.4,67,1014.2
1988050606,13.5,0,1.4,197.6,71.5,1014.5
1988050612,20.2,0,4.5,159.1,56,1012
1988050618,17,0,1.4,90.8,75,1009.7
1988050700,15.5,0.2,1,305,74,1008.2
1988050706,14.1,18.6,5.1,50.3,84,1006
1988050712,13.2,14.2,4.7,55.3,85,1004.2
1988050718,11.5,0,3.5,12.4,74,1007.9
1988050800,10.1,0,2.6,16.7,72.5,1013.2
1988050806,12.8,0,4.4,50.3,55.5,1016.8
1988050812,14.5,0,4.7,70,40,1018.6
1988050818,11.3,0,3.5,45.1,43,1019.5
1988050900,8.4,0,1.5,270.5,74.5,1019.3
1988050906,11.6,0,2.3,60,69.5,1018.5
1988050912,15.2,0,3.8,86.7,49.5,1016.4
1988050918,13.3,0,1.8,50.5,63.5,1014.8
1988051000,11.4,7.5,0.9,335.6,80,1014.1
1988051006,11.9,3.8,0.7,357.9,86,1013
1988051012,14.7,1.5,1.2,78,83.5,1011.2
1988051018,15.4,0,0.9,355.2,81.5,1009.4
1988051100,14,0,1.2,347.4,86,1009.6
1988051106,16.1,0,1.3,306.7,80.5,1009.8
1988051112,21.8,0,1.9,160,44.5,1007.5
1988051118,17.4,0,1.2,300.8,59.5,1006.8
1988051200,15.5,0,3.7,350,51.5,1007.2
1988051206,17.1,0,4.8,318.4,41.5,1008.9
1988051212,22.9,0,6.8,326.6,21.5,1007.7
1988051218,19.2,0,3.3,350,23,1007.3
1988051300,13.7,0,1.8,0.4,41.5,1011.1
1988051306,17.2,0,2.1,195,51,1013.3
1988051312,24.6,0,4.2,155.8,24.5,1012.2
1988051318,18.8,0,1.1,29.7,46.5,1013
1988051400,15.5,0,1.4,340,55.5,1013.7
1988051406,17.2,0,2,5,54,1012.5
1988051412,19.4,0.6,3,250,41.5,1012.7
1988051418,13.5,7.2,1.3,236.9,81,1012.7
1988051500,12.9,3.7,0.6,350.2,84,1010.8
1988051506,15.7,0,2.2,6.8,72,1012
1988051512,21.7,0,4,160,45,1013
1988051518,17.1,0,2,102.2,63.5,1013.8
1988051600,12.9,0,0.6,318.1,85,1015.7
1988051606,17.6,0,0.9,207.2,72,1015.9
1988051612,25.6,0,4,166,42,1014.4
1988051618,20,0,1.1,79.7,59.5,1012.6
1988051700,16.4,0,1.4,297.4,78.5,1012.5
1988051706,18.7,0,1.3,185.1,72,1012.2
1988051712,25.8,0,3.1,144.8,42,1011.3
1988051718,21.1,0,1.7,4.3,59,1010.8
1988051800,16.3,0,0.6,308.1,74,1011.9
1988051806,21.8,0,2.1,342.7,63,1012.9
1988051812,30.4,0,2.9,185,34,1011.8
1988051818,25.5,0,1.2,2.3,51.5,1010.8
1988051900,21.1,0,1.3,298.5,65,1011.5
1988051906,23.8,0,1.1,280.7,69,1010.9
1988051912,30.1,0,4,246.7,34.5,1008.7
1988051918,24.1,0,1.6,280.3,36,1008.5
1988052000,20.5,0,1.1,131.4,64,1007.3
1988052006,19.6,0.3,2,99,66.5,1006.6
1988052012,17,3,3.8,83.6,84.5,1005.8
1988052018,16.7,0.2,2.8,61.9,85.5,1004.6
1988052100,15.9,0,2.8,13.4,78.5,1004.8
1988052106,17.2,0,3.5,29.9,62.5,1006
1988052112,21.6,0,4.3,42.3,35.5,1005.2
1988052118,17.3,0,2.4,18.2,32,1005.7
1988052200,15.4,1.2,1.4,5,61,1004.8
1988052206,14.5,7.3,2.2,13.4,83,1003
1988052212,15.2,0.7,2.5,35,72.5,1001.5
1988052218,13.7,0,1.4,353.9,74,1001.3
1988052300,12.7,0,1.5,350,83.5,1003.8
1988052306,14,0,3.3,43.4,73,1007.7
1988052312,18.3,0,4.2,63.4,42.5,1010.6
1988052318,14.7,0,3,44.2,63,1013.3
1988052400,12.4,0,1.7,356.6,78.5,1015.6
1988052406,15.2,0,3.1,58.5,69.5,1015.8
1988052412,18.5,0,3.5,100,50.5,1015.1
1988052418,14.7,0,1.9,59.6,63,1014.8
1988052500,11.5,0,0.8,302,81,1015.3
1988052506,15.3,0,1.2,200.6,73,1015.3
1988052512,21.5,0,3.4,152.3,52,1014.1
1988052518,16.1,0,1.6,48.4,63.5,1014.9
1988052600,11.6,0,0.8,289.7,83,1016.1
1988052606,16.2,0,1.5,221,74.5,1016
1988052612,23,0,3.2,147.2,39,1014.6
1988052618,17.1,0,1.8,196.8,58.5,1012.6
1988052700,12.4,0,1.3,286.6,84.5,1013.2
1988052706,17.1,0,1.1,182.2,73.5,1012.5
1988052712,25.7,0,4.1,142.7,39,1010.7
1988052718,21.5,0,1.4,350,62,1010.5
1988052800,17,0,0.5,311.2,76,1013.2
1988052806,21.3,0,1.7,253.4,65.5,1014.3
1988052812,26.6,0,4.7,160,40,1013
1988052818,21,0,1.5,147.8,66,1012
1988052900,15.6,0,1.2,296.5,75.5,1013.5
1988052906,19.3,0,2.8,124.2,68,1015.3
1988052912,21.4,0,5,86.6,55.5,1015.7
1988052918,17.8,0,3.7,63.2,70.5,1016.9
1988053000,16.8,0,1.6,10.2,74,1018.7
1988053006,17.4,0,2.3,65.6,72.5,1019.5
1988053012,19.3,0,3.3,96.6,62.5,1019.1
1988053018,16.1,0,1.2,55.7,74,1017.4
1988053100,13.2,0,0.8,296.9,88,1016.9
1988053106,16,0,1,211.5,82,1016.4
1988053112,21.5,0,2.6,156.7,57,1014.7
1988053118,19,0,1.8,161,78,1013
1988060100,17.6,4.6,0.6,2.8,87.5,1012.5
1988060106,17.4,4.8,1.6,73.9,84,1011.3
1988060112,17.8,6.9,4,149.8,83.5,1009.3
1988060118,17.1,2,5.1,166.6,83,1007
1988060200,17.3,8.1,2.9,166.6,87.5,1004.1
1988060206,17.9,15,2.5,143.3,86.5,1002.1
1988060212,18.4,3.1,2,83.4,84,1000.2
1988060218,18,0,1.7,19.7,80.5,999
1988060300,17.4,0,0.5,356.4,83.5,999.8
1988060306,17.9,0,0.8,51.2,82,1000.6
1988060312,20.3,0.7,1.8,156.6,73.5,1000.6
1988060318,17.7,12.9,1.7,140.4,78.5,1000.4
1988060400,15.4,0.8,1.2,290.4,86.5,1001.4
1988060406,18.4,0,2.6,291.4,75,1003
1988060412,25.1,0,4.2,291.6,39.5,1003.2
1988060418,21.7,0,1.5,314.6,52,1005.7
1988060500,17,0,1.4,339.5,73,1009.8
1988060506,21.2,0,1.6,290.4,72,1012.5
1988060512,26.9,0,3.8,145.3,46.5,1012.2
1988060518,21.8,0,1.8,54.5,59.5,1012.5
1988060600,17.6,0,0.5,310.1,83.5,1013.2
1988060606,22.1,0,1.2,152.9,74,1013.6
1988060612,28.8,0,4,260.2,38.5,1012.1
1988060618,23.8,0,2.1,190,56,1011.8
1988060700,17.9,0,1,6,77.5,1012.2
1988060706,21.8,0,1.4,265.4,68,1013.3
1988060712,27.4,0,2.3,99.5,48.5,1010.8
1988060718,26,0,2,203.1,55.5,1008.5
1988060800,22.1,0,0.6,40.7,83,1007.3
1988060806,23.5,0,2.4,243.5,79.5,1003.8
1988060812,27.6,0,3.2,223.5,61.5,1000.7
1988060818,22.3,0,0.9,80,78.5,998.8
1988060900,19.6,0,0.8,52.3,80.5,1000.7
1988060906,19.5,0,1.4,51.5,72.5,1002.6
1988060912,19.9,0,1.8,90,64.5,1004.2
1988060918,18.1,0,0.8,60.5,67.5,1004.5
1988061000,16.4,0,0.6,325.8,78,1003.8
1988061006,20.1,0,0.9,208.7,74.5,1004.9
1988061012,24.4,0,2.9,150,52,1005.2
1988061018,19.8,0,1.6,208.3,63.5,1005.1
1988061100,14.9,0,0.7,308.4,85.5,1005.9
1988061106,18.3,0,1,289.2,80,1006
1988061112,24.5,0,2.2,135.1,50,1005.2
1988061118,20.8,0,1.4,78,70.5,1003.3
1988061200,17.6,0,0.6,277.3,85.5,1002
1988061206,21.2,0,0.6,187.1,76.5,1002.2
1988061212,26.5,0,1.4,59.8,47.5,1002.6
1988061218,21.9,0,0.7,80,68,1003.2
1988061300,17.3,0,0.3,348.7,85,1004.1
1988061306,22.4,0,0.4,355.3,75,1004.7
1988061312,28,0,2.9,138.4,46,1003.5
1988061318,22.1,0,1.2,178.2,72,1003
1988061400,18.5,0,0.1,348.7,85.5,1003.6
1988061406,21.5,0,0.6,296.9,77,1004.3
1988061412,32.2,0,1.9,349.4,34,1004.2
1988061418,25.6,0,1.9,220.2,52.5,1004.5
1988061500,18.7,0,1.6,19.8,81,1007.5
1988061506,21.6,0,1.3,311.4,76.5,1007.7
1988061512,26.5,0,3.4,173.4,54,1006
1988061518,21.5,0,2.3,175.2,74,1005.2
1988061600,19.2,0,0.6,343.1,85,1004.3
1988061606,21.9,0,1,308.4,77.5,1003.9
1988061612,28,0,2.3,164.7,43.5,1003.8
1988061618,24.2,0,1.6,108.9,58,1004.8
1988061700,20.1,0,0.8,305.8,73.5,1007
1988061706,22.4,0,0.9,285.8,74,1009.1
1988061712,26.3,0,3.8,152.3,53.5,1008.7
1988061718,22.3,0,1.2,63.2,72,1008.2
1988061800,19.8,0,0.5,90.1,82.5,1009.2
1988061806,22.9,0,1.4,341.4,71,1010.5
1988061812,26.9,0,4.8,166.6,45,1010.3
1988061818,22.8,0,1.8,186.8,67,1009.2
1988061900,19.2,0,0.3,25.2,80.5,1008.7
1988061906,21.5,0,0.9,220.2,78,1008.6
1988061912,27.3,0,3.1,106.6,47.5,1005.8
1988061918,22.8,0,1.6,32.8,67,1006.3
1988062000,19,0,1,6.5,83,1008.5
1988062006,22,0,2.5,19,75.5,1009.2
1988062012,24.4,0,5,97.7,56.5,1008.7
1988062018,20.1,0,2.6,63.4,73,1009.8
1988062100,18.1,0,1.2,11.4,80.5,1011
1988062106,20.8,0,2.3,35,76,1011.8
1988062112,24.1,0,5.1,96.6,51,1011.8
1988062118,19.7,0,2,43.8,68,1011.7
1988062200,17,0,0.9,344.4,82,1011.9
1988062206,20.1,0,2.7,68.7,74.5,1011.7
1988062212,22.8,0,4.6,90,55.5,1010.4
1988062218,19.9,0,2.8,51.8,68.5,1009.8
1988062300,19.8,0,2.3,41.5,76,1008
1988062306,20.4,3,4.2,76.8,83.5,1005.8
1988062312,20.1,32,4.7,90,87.5,1002.7
1988062318,19.7,12.5,5.9,90,87,1000.5
1988062400,19.7,5.6,1.8,46.8,87,999.5
1988062406,21,0.9,2.1,13.4,85.5,1000.4
1988062412,23.6,0,4,26.6,68,1001.2
1988062418,20.3,0,3.6,24.9,72,1003.7
1988062500,18.2,0,1.6,12.8,79,1004.8
1988062506,21.9,0,3.6,31.8,64,1006.1
1988062512,25.5,0,4.6,79.3,48.5,1005.4
1988062518,20.6,0,2.9,45.3,68.5,1006.8
1988062600,17.7,0,1,327.1,76,1007.2
1988062606,19.5,0,1.6,45.1,77.5,1007.7
1988062612,22,0,3.9,45.1,69,1007.8
1988062618,20.5,0,1.9,28.1,70,1008
1988062700,18.2,0,1.3,346.8,82.5,1008.3
1988062706,20.3,0,1.8,355.8,77.5,1008.8
1988062712,24.2,0,3.8,53.3,63,1008
1988062718,21.5,0,2,57.2,73.5,1008.8
1988062800,19.8,0,1.1,350.2,80,1010.4
1988062806,21.2,0,1.5,57.7,76,1010.4
1988062812,23.3,0,2,147.2,65,1009.4
1988062818,21,0,1.6,193.1,74.5,1008.5
1988062900,19.8,0.5,0.8,334.4,85,1007.5
1988062906,19.8,3.8,0.9,174.7,86.5,1006.2
1988062912,20.6,12.7,2.5,125,85.5,1003.8
1988062918,19.2,21,2.2,63.2,88,1001.3
1988063000,18.9,10.9,3,6.8,89,1000.2
1988063006,20.8,0,1.4,43,88,1002.2
1988063012,24.3,0,3.6,156.7,69,1004.1
1988063018,21.5,0,1.6,89.7,75,1004.3
1988070100,20.7,0,0.6,7.3,83,1005.9
1988070106,23.3,0,1,239.5,81.5,1006.3
1988070112,29.1,0,3,122.8,62,1005.2
1988070118,24.8,0,2,96.8,72,1004.8
1988070200,22.5,0,1.1,278.7,85,1006.5
1988070206,24.2,0,1.6,145,81,1005.7
1988070212,27.6,0,3.5,170,70,1004
1988070218,25.6,0,2,153,79,1002.5
1988070300,23.8,0,0.5,18.9,92,1002.8
1988070306,23.1,0,1.9,48.1,95,1003.8
1988070312,24.7,0,3.5,80,81,1006.2
1988070318,22.5,0,3.1,48.4,75,1008.3
1988070400,20,0,1.8,35,86.5,1011.2
1988070406,20.5,0,2.1,58.8,85.5,1012.7
1988070412,22.6,0,3.3,73.4,75,1012.6
1988070418,20.4,0,1.9,56.9,77.5,1011.6
1988070500,18.6,0,1,359.2,86,1011.4
1988070506,21.2,0,1.8,37.5,82,1012
1988070512,25.3,0,2.2,151.9,69,1011.7
1988070518,21.7,0,2.5,80,77,1011
1988070600,20,0,0.8,29.7,89.5,1011
1988070606,22.1,0,1.2,207.7,90,1010.8
1988070612,26.8,0,3.8,163.3,67,1008.8
1988070618,23.6,0,2.2,186.6,80.5,1006.5
1988070700,20.9,0,0.7,339.7,91,1005.5
1988070706,26.1,0,2,256.4,75,1004.9
1988070712,32,0,2.8,235,51.5,1002.9
1988070718,26.3,0,1.7,79.8,78.5,1002.6
1988070800,23.4,0,1.1,63.2,85.5,1003
1988070806,26.9,0,2.9,243.2,72.5,1003.2
1988070812,33.7,0,4.9,235.3,50.5,1001.8
1988070818,29.3,0,4.8,263.6,61.5,1002
1988070900,25.4,0,1.8,167.5,72,1003.4
1988070906,28.2,0,1.6,241.8,74,1004.2
1988070912,33.5,0,3.7,235.9,57.5,1002.6
1988070918,28.2,0,1.9,164.8,72,1003.4
1988071000,27.1,0,3,232.2,80,1004.1
1988071006,29.1,0,3.3,270,70.5,1005.3
1988071012,32.7,0,2,71.2,58,1005.6
1988071018,29.2,0,1.2,32.2,72.5,1005.8
1988071100,26.8,0,1,325,85.5,1007.2
1988071106,27.3,0,1.5,20.5,81.5,1008.6
1988071112,29.3,0,3,119.9,67,1009.8
1988071118,25.8,0,2.2,173,83,1009.8
1988071200,24.3,0,0.5,332.2,93,1009.9
1988071206,26.7,0,1.5,75.3,86,1010.6
1988071212,29.2,0,3.2,170,68.5,1010.3
1988071218,26,0.2,1.2,105.5,90.5,1009
1988071300,25,0,1.4,73,91.5,1008.1
1988071306,28.2,0,2,125.8,84.5,1008
1988071312,27.9,7.6,2.9,267.2,81.5,1007.6
1988071318,24.4,26.2,1.6,219.6,94.5,1007.3
1988071400,24.2,0.2,0.8,8.7,95,1005.6
1988071406,25,14.4,1.1,260,95.5,1004.8
1988071412,26.7,0.9,1.9,277.4,89.5,1004.7
1988071418,25.2,1.5,1,20,89,1004.8
1988071500,23.6,0.4,0.5,19.3,94.5,1005.9
1988071506,22.8,29.5,1.5,79.7,95,1006.2
1988071512,24.2,0.1,3.3,63.2,87,1006.1
1988071518,23.2,0,1.5,27.1,85,1006.4
1988071600,22.3,0,1.1,23.7,91,1007.9
1988071606,23.1,0,1.6,29.9,91,1008.5
1988071612,25.1,0,2.2,83.6,75.5,1008.8
1988071618,23.2,0,1.6,55.7,86.5,1008.1
1988071700,21.8,3.1,0.7,36,95.5,1008.1
1988071706,21.6,30.6,1.5,71,97,1007
1988071712,22.2,10.7,2.2,73.3,95.5,1006.8
1988071718,21.8,0,1.5,30.2,90.5,1007.7
1988071800,21.1,0,1.1,353.4,92.5,1008.9
1988071806,21.9,0,1.3,10.3,92,1009.7
1988071812,24,0,1.9,58.3,80,1009.1
1988071818,22.8,0,0.9,93.4,83.5,1009
1988071900,21.1,0,0.3,342.4,92,1009.2
1988071906,22.2,0,1.2,191,93.5,1009
1988071912,26.4,0,3,166.6,80,1008.3
1988071918,25.4,0,1.7,212.1,88,1006.4
1988072000,24.6,0,0.8,61.5,95,1004.7
1988072006,25.9,0,1.6,83.4,95.5,1004.4
1988072012,26.3,0.2,2.5,127.5,89,1004.3
1988072018,22.4,1.6,1.9,40.6,93.5,1004.3
1988072100,21.5,0,0.6,329.8,95.5,1005
1988072106,22.1,0,1.1,35,95.5,1005.4
1988072112,24,0,3.1,76.6,82,1004.5
1988072118,22.8,0,2.1,66.7,88,1004.8
1988072200,21.6,0.3,0.9,37.1,92,1005
1988072206,21.8,0.4,0.9,45.3,94,1004.8
1988072212,23.2,0.3,1.7,86.7,89,1004.5
1988072218,22.6,0,1.2,78.3,92,1003.4
1988072300,21.7,21.3,1.1,350.2,96,1003.2
1988072306,22.1,20.9,1.6,353.4,97,1004.2
1988072312,23.6,0.2,2.7,10,87.5,1005.3
1988072318,22.2,0,2.2,356.7,89.5,1006.8
1988072400,21.6,0,2.5,16.7,93,1007.3
1988072406,22.3,0,2.8,26.6,90.5,1009.2
1988072412,24.1,0,4.5,50.3,74.5,1009
1988072418,21.5,0,3.4,40.1,76.5,1009.8
1988072500,20.1,0,2.5,16.7,81,1009.5
1988072506,21.6,0,4,46.8,79.5,1009.8
1988072512,23.1,0,5.2,55.3,68.5,1009.3
1988072518,19.8,3.8,3.1,26.6,81,1009
1988072600,19.2,4.4,3.5,37.1,93,1007.8
1988072606,18.7,40.8,3.5,42.3,94,1007.4
1988072612,19.1,21,4,29.9,94.5,1007.1
1988072618,19.8,8.5,4.6,50,95.5,1006.2
1988072700,20.6,5.5,4.6,24.9,94.5,1006
1988072706,20.9,10.8,4.2,35,95,1006.8
1988072712,21.3,7.5,3.9,45.1,95,1007.2
1988072718,20.7,3.1,3.5,40.1,95.5,1008.2
1988072800,20.8,2.5,3.3,45.1,96,1009.1
1988072806,20.9,0,4,50,89.5,1010.8
1988072812,22.7,0,5.8,56.6,79,1011.5
1988072818,21,0,4.1,45.1,80,1011.4
1988072900,20.6,0,4,56.6,78,1012.3
1988072906,21.4,0,3.9,53.3,76.5,1013.2
1988072912,23.3,0,5.5,70,66,1013.2
1988072918,20.9,0,3.2,48.4,73.5,1012.7
1988073000,19.9,0,2.2,26.6,75.5,1012.5
1988073006,21,0,2.9,37.1,74.5,1011.8
1988073012,24.3,0,4.2,83.4,60.5,1010.7
1988073018,20.7,0,2.5,38.4,70,1009.6
1988073100,18.8,0,0.9,35.6,84,1010.9
1988073106,22,0,2.3,59.3,78.5,1010.3
1988073112,25.6,0,3.7,111.6,65,1008.7
1988073118,21.2,0,1.6,70.6,76,1009.5
1988080100,17.6,0,0.5,323.1,95,1010.2
1988080106,19.5,0,0.9,306.1,94.5,1011.2
1988080112,27.9,0,2.7,103.9,69.5,1010.5
1988080118,23.8,0,1.5,36.2,78,1010.5
1988080200,19.1,0,0.7,327.8,95,1010.8
1988080206,22,0,0.8,257.1,87,1010.7
1988080212,30.1,0,3.1,163.4,61,1008.7
1988080218,25.5,0,1.6,129.3,76,1007
1988080300,21.5,0,0.5,310.9,93,1006.2
1988080306,26.2,0,2.1,292.4,87,1005.2
1988080312,32.9,0,3.6,152.3,62,1003.5
1988080318,27.6,0,2,150,78.5,1003.7
1988080400,24.9,0,1.7,171.6,96,1004.2
1988080406,26.3,0,2.1,249,91,1004.8
1988080412,30.2,0,4.6,153.4,73,1004.3
1988080418,26.6,0,2.2,205.6,86.5,1004.8
1988080500,23.4,0,0.4,309.5,93.5,1007.2
1988080506,25.8,0,1.1,199.3,85.5,1008.8
1988080512,31.8,0,4.8,170,66.5,1009.5
1988080518,27.6,0,1.7,213.4,72.5,1010.7
1988080600,23.9,0,0.6,300.6,92,1012
1988080606,26.6,0,1.2,100.5,89.5,1012.9
1988080612,31.9,0,4.1,166.5,65,1011.8
1988080618,28,0,1.4,265.5,68,1011.9
1988080700,24.1,0,0.9,302,90,1012.5
1988080706,26.8,0,1.5,248.5,84,1012.7
1988080712,32,0,3.2,166.6,59.5,1011.9
1988080718,27.3,0,1.1,330,73.5,1011.9
1988080800,23.2,0,0.8,294.9,93,1013
1988080806,26.7,0,1.2,199.9,87,1013.3
1988080812,33.1,0,3.2,183.4,55,1011.9
1988080818,28.1,0,1.6,264.4,74,1012
1988080900,23.8,0,0.5,325.7,93.5,1013.2
1988080906,27.1,0,1,216.5,85.5,1013.2
1988080912,33,0,3.4,156.7,51.5,1011.2
1988080918,28.1,0,1.6,215,69.5,1010
1988081000,23.9,0,0.5,250,92,1010.1
1988081006,26.8,0,2.3,45,83,1010
1988081012,30.4,0,4.4,73.3,67,1008.8
1988081018,27.1,0,3.5,45.1,77.5,1007.9
1988081100,25.5,0,4.1,40.1,84,1006.7
1988081106,26.1,0,4.4,53.3,85,1006.8
1988081112,27.4,0,4.5,50,74.5,1005.5
1988081118,25.7,0,3.7,50,79,1005.7
1988081200,24.2,1.6,2.8,21.6,90.5,1005.2
1988081206,25.4,0,3,29.9,90.5,1005
1988081212,27.9,0,3.7,50,76.5,1004.5
1988081218,25.8,0,3.3,31.8,81,1004.2
1988081300,25,0,2.5,13.4,87.5,1004.7
1988081306,25.5,0.2,3.4,13.4,93.5,1005.4
1988081312,27.2,0,4.1,48.4,86.5,1005.7
1988081318,26.2,0,2.8,53.3,82,1005.7
1988081400,24.8,0.2,3.3,50,91,1006.8
1988081406,25.3,0.4,3.4,50,90.5,1006.7
1988081412,24.8,8.2,3.5,47.4,94.5,1006.8
1988081418,23.8,0.5,3.6,50,95,1006.8
1988081500,24.1,0,3.5,35,95,1006.8
1988081506,25.4,1.7,2.6,55,95.5,1006.9
1988081512,26.7,0,2.9,50,90.5,1006.6
1988081518,25.3,0.1,2.7,26.6,92.5,1006.4
1988081600,24.7,0.3,2,21.6,96,1006.4
1988081606,23.7,114.9,2.2,323.1,97.5,1005.9
1988081612,25.6,7.5,1.9,57,94,1006.4
1988081618,25.5,0,1.1,58.9,89.5,1005.5
1988081700,23.8,0,0.5,312.8,95.5,1005.9
1988081706,24.2,0.7,0,0,96.5,1006
1988081712,27.4,0,3.3,160,86,1005.2
1988081718,26.4,0,1.3,122.2,91,1005.2
1988081800,24.6,0,0.5,308.2,95.5,1005.2
1988081806,24.7,23.2,1,10,95.5,1005.8
1988081812,26.2,40,1.8,69.6,89.5,1004.6
1988081818,24.9,8.8,0.9,10.1,92,1004.3
1988081900,23.2,0.8,0.6,320,97,1004.1
1988081906,24.4,0,0.8,192.9,95.5,1004.1
1988081912,28.4,0,3.3,159.6,74.5,1003.3
1988081918,26,0,1.2,219.2,88,1003.3
1988082000,23.2,0,1,274.4,94.5,1003.8
1988082006,25.6,0,0.9,125,92,1003.6
1988082012,30.5,0,3.9,193.1,68,1002.1
1988082018,27.3,0,1.6,235,80,1001.5
1988082100,25.5,0.5,1.1,238.3,88,1000.8
1988082106,26.2,17.5,0.9,292.8,96,1000
1988082112,29.6,0.5,3.2,233.5,78,998.7
1988082118,27.3,0,1.9,298.7,85.5,999.5
1988082200,23.7,0,0.9,327.9,93.5,1001.2
1988082206,25.1,0,1.3,298.1,84,1002.1
1988082212,30.7,0,3.7,182.9,60.5,1001.3
1988082218,26.9,0,1.5,302.2,66,1001.8
1988082300,23.7,0,0.7,305,88,1002.4
1988082306,25.3,0,1.3,286.8,86,1003
1988082312,26.3,0.4,2.3,350,75,1003
1988082318,21.6,0.9,1.3,6.6,96,1005.2
1988082400,20.3,0,0.9,338.6,96,1006.3
1988082406,23,0,1.7,332.1,86,1008.8
1988082412,28.5,0,2.7,73.4,55,1009.4
1988082418,24.4,0,1.4,18.4,75.5,1011.1
1988082500,21.1,0,0.3,345.1,91,1012.4
1988082506,23.9,0,1.4,356.5,87.5,1013.2
1988082512,27.2,0,4.5,83.4,68,1013.1
1988082518,23.8,0,2.8,15.5,74.5,1013.5
1988082600,21.2,0,2,340,90,1014.3
1988082606,23.9,0,2.6,35,83.5,1014.1
1988082612,26.5,0,4.3,73.4,65,1012.1
1988082618,23.5,0,2.6,26.6,78.5,1012.6
1988082700,22,0,1.9,27.1,89,1010.7
1988082706,24.6,0,2.9,72.8,79.5,1008.9
1988082712,25.5,0.2,3.7,114.9,73,1006.6
1988082718,22.7,9.7,2.6,80,92.5,1003.2
1988082800,21.2,0.1,1,308,96.5,1002
1988082806,22.3,0,0.9,340,95,1002.9
1988082812,28.1,0,3.4,271.3,65.5,1002.2
1988082818,24.7,0,2,288.5,72.5,1002.9
1988082900,19.7,0,1.7,313.4,85.5,1004.6
1988082906,21.6,0,2.2,266.9,79.5,1006.1
1988082912,28.7,0,5,273.4,47.5,1004.2
1988082918,24.6,0,2.4,268.5,66,1005.3
1988083000,19.1,0,1.3,287.6,83.5,1007.1
1988083006,21.3,0,1.4,288,83,1008.6
1988083012,28.2,0,3.5,278.1,51.5,1006.4
1988083018,24,0,1.3,317.2,72.5,1006.9
1988083100,19.8,0,0.8,359.3,91,1007.9
1988083106,23,0,1.3,309.3,83.5,1008.8
1988083112,27.2,0,2.8,138.4,58,1007.8
1988083118,23.5,0,1.1,256,75,1008.2
1988090100,19.1,0,0.6,311.3,93,1008.5
1988090106,22.2,0,0.9,12.4,89.5,1009
1988090112,26.5,0,3.8,83.4,65.5,1008
1988090118,23.3,0,1.5,22.4,80.5,1008.5
1988090200,20.6,0,1.5,312.6,95.5,1008.6
1988090206,22.2,0,1.9,65,93,1008.8
1988090212,24,0,2.8,40.1,75,1009.2
1988090218,21.4,0,3.4,6.6,83.5,1009.8
1988090300,20.5,0,2.5,7.6,91,1010.5
1988090306,21.8,1.5,2.8,9.3,91.5,1011.2
1988090312,24.1,0.3,4.8,76.6,80.5,1011.4
1988090318,22,2.2,2.8,58.8,88.5,1012.8
1988090400,21,0.2,2.5,40.1,82.5,1013.2
1988090406,22.4,0,3.5,46.8,85,1013.3
1988090412,23.4,17.4,3.8,66.6,87.5,1011.3
1988090418,22,4.6,2,68.1,95.5,1010.8
1988090500,21,5.6,2,29.6,95,1010.2
1988090506,21.5,3,2.7,11.2,96,1008.6
1988090512,22.2,3.3,3,16.7,94,1007.3
1988090518,21.4,0.7,2.8,16.7,96,1007.3
1988090600,21.1,0,3,10,94.5,1006.3
1988090606,22.5,0,3.2,10,88.5,1007.1
1988090612,25.9,0,3.2,29.6,71,1007.2
1988090618,22.5,0,1.8,350.2,78.5,1007.8
1988090700,19.4,0,0.8,325.4,93.5,1008.9
1988090706,22.1,0,0.7,15.2,87.5,1010.9
1988090712,26.8,0,4.8,93.3,60.5,1010.8
1988090718,22.4,0,1.5,10.4,79,1011.4
1988090800,18.9,0,0.4,11.8,93,1013
1988090806,21.6,0,0.7,60.7,91.5,1014.7
1988090812,27,0,3.5,103.4,62.5,1014
1988090818,23,0,1.1,6.3,84,1015.1
1988090900,19.6,0,0.4,304.7,94,1015.3
1988090906,21.2,0,0.6,276.6,94.5,1016
1988090912,27.9,0,3,166.6,70,1014.2
1988090918,23.7,0,0.8,273.1,83,1014.5
1988091000,21.2,0,0.6,293.5,95,1013.1
1988091006,22.1,0,0.9,320.2,94,1012.2
1988091012,24.4,3,1.6,36.5,84.5,1011.6
1988091018,20.4,12.5,2.7,26.6,94,1009.7
1988091100,19.7,4.5,1.1,342.8,96,1007.1
1988091106,20.1,2,0.8,353.5,96.5,1003.8
1988091112,21.8,0.5,2.1,5,93,1001.5
1988091118,20.7,0,1.1,311.3,87.5,1001.7
1988091200,18.4,0,1.5,328.9,93.5,1002.2
1988091206,20.8,0,3.3,313.4,79,1003.9
1988091212,26.4,0,3.9,15.9,56,1005.4
1988091218,21.3,0,2.6,29.9,81,1009.1
1988091300,18.5,0,1.1,316.3,91,1011.7
1988091306,21.2,0,1.5,83.5,82.5,1013.9
1988091312,25.1,0,4.4,86.7,58.5,1013.7
1988091318,21,0,1.8,29.6,74.5,1014.5
1988091400,18.5,0,1,22.4,85.5,1014.7
1988091406,21.1,0.2,2,54,82,1014
1988091412,24.8,0,5,80,66,1012.8
1988091418,22.5,0,4.2,56.6,69,1012
1988091500,20.9,0,2.7,24.9,80.5,1010.8
1988091506,21.9,0,2.8,35,74,1011.1
1988091512,23.4,0,2.9,35,58.5,1010.2
1988091518,20.6,0,2.3,353.2,76.5,1010.2
1988091600,19.4,0,2,0,84,1009.3
1988091606,22.1,0,2.7,10,75,1009.5
1988091612,21.8,1.8,2.6,16.5,79,1010.8
1988091618,20.8,0,2.7,6.6,82,1012.3
1988091700,18.7,0,1.7,353.2,80,1014
1988091706,21.1,0,2.4,29.9,80,1016.2
1988091712,24.9,0,4.4,70,55,1017.5
1988091718,20.3,0,2,1.4,71,1020
1988091800,17.2,0,0.4,285.2,88,1020.7
1988091806,19.9,0,1.3,38.7,83.5,1020.7
1988091812,26.4,0,2.3,116.2,56,1019.7
1988091818,21.7,0,1,293.9,76.5,1018.8
1988091900,18.1,0,0.4,302,91.5,1017.8
1988091906,21.3,0,0.9,272.1,87.5,1017.7
1988091912,26.5,0,2.4,153.4,62,1015.8
1988091918,23.1,0,0.5,33.9,78.5,1015.7
1988092000,20.5,0,0.5,317.2,89,1015.2
1988092006,20.8,0.2,1,340,89,1016
1988092012,23.1,0,2.8,66.7,67,1015.3
1988092018,21,0,1.7,11.2,72,1016.1
1988092100,18.5,0,0.9,329.6,84.5,1016.6
1988092106,20.7,0,1.2,18.3,83.5,1017
1988092112,24.9,0,4.1,83.4,60,1017.1
1988092118,20.9,0,1.5,3.9,72,1018.2
1988092200,17.4,0,0.4,313.3,88.5,1019.2
1988092206,20,0,1,5.8,85,1019.5
1988092212,24.9,0,3.9,90,55,1018.5
1988092218,19.5,0,1,335,72,1018.5
1988092300,15.7,0,0.8,280,87,1018.5
1988092306,18.4,0,1.3,33,85,1017.4
1988092312,24.5,0,4.2,93.4,56.5,1015.5
1988092318,20.4,0,1.4,3.6,69,1015.6
1988092400,19.2,0.8,1,328,83.5,1014.8
1988092406,19.6,2,1.5,68.4,92,1013
1988092412,20.6,0.5,2.6,46.8,74.5,1010.9
1988092418,19.5,0,2.2,51.8,69,1009
1988092500,18.6,0,2,356.6,79.5,1007.1
1988092506,18.5,3,4.3,3.3,85.5,1006.5
1988092512,18,10.2,3.5,14.7,92,1005.8
1988092518,16.5,2.1,2.7,350,92.5,1007.6
1988092600,16,0.9,3,356.7,92,1007.4
1988092606,17.7,0,2.7,11.7,79.5,1007.4
1988092612,22.1,0,3.9,35,54,1006.8
1988092618,17.5,0,2.6,23.7,66.5,1006.8
1988092700,13.3,0,1.7,10,82.5,1008.3
1988092706,16.1,0,2.8,27.3,76.5,1009.2
1988092712,20.4,0,6.5,31.8,66.5,1009.8
1988092718,18,0,4.3,20,74.5,1012.2
1988092800,17,0.4,3.7,7.7,87.5,1013.3
1988092806,18.5,1.3,3.8,15,84.5,1015.5
1988092812,20.5,0.5,4.9,40.1,61.5,1016.6
1988092818,17.2,0,3,4.4,71,1018.2
1988092900,15.6,0,2,350,80,1019.2
1988092906,19,0,4.1,14.7,78,1020.6
1988092912,22.5,0,4.2,50,58,1020.1
1988092918,17.8,0,2.6,343,73.5,1021
1988093000,15.9,0,2,340,82.5,1020.9
1988093006,18,0,2.7,7.7,81,1020.3
1988093012,20.9,0,4.4,66.7,61,1018.8
1988093018,17,0,2.5,344.2,73.5,1018.5
1988100100,13.2,0,0.1,350,90,1017.8
1988100106,16.1,0,0.9,203.1,85.5,1018.3
1988100112,23.2,0,2.3,93.4,52,1016.3
1988100118,18,0,0.8,323.7,70.5,1015.8
1988100200,14.4,0,0.6,324.9,89.5,1015.4
1988100206,17.2,0,1.1,279.4,89,1015.2
1988100212,23.4,0,3.1,90,55.5,1013.8
1988100218,19.2,0,2,7.3,76,1014.4
1988100300,15.9,0,1.1,325.7,88.5,1014.7
1988100306,18.8,0,1.5,43.2,83,1015.8
1988100312,23.2,0,3.5,80,56.5,1014.9
1988100318,18.3,0,1.4,44.9,75.5,1016.5
1988100400,17,0.7,2.5,28.4,91,1017.8
1988100406,18.4,0,1.5,35,87,1019
1988100412,21.8,0,4.7,93.3,61.5,1018
1988100418,18.6,0,2.1,36.5,67,1017.6
1988100500,16.7,0,1,287.3,83.5,1016.2
1988100506,18.1,0,1.3,354.2,84.5,1014.1
1988100512,20.5,1.7,1.9,4.9,81,1010.2
1988100518,18.6,0.5,1.1,337.1,89.5,1007.8
1988100600,17.4,2.6,0.7,318.1,94,1005.8
1988100606,17.7,0,2.9,352.2,81.5,1005.4
1988100612,22.3,0,4.3,343.4,37.5,1004.8
1988100618,15.8,0,1.4,321.8,52.5,1006.2
1988100700,12,0,1.7,317.6,77.5,1007.2
1988100706,16,0,2.7,18.2,63.5,1009.7
1988100712,20.8,0,4.3,66.6,50,1010.5
1988100718,17.5,0,3.2,24.9,62.5,1011.8
1988100800,17.1,0,3.6,42.3,71.5,1012.3
1988100806,19.4,0,4.3,70,58,1013.9
1988100812,20.8,0,5.3,66.7,50,1014.2
1988100818,16,0,2.3,0,58.5,1015.5
1988100900,11.7,0,0.9,289.2,85,1016.9
1988100906,14.6,0,1.4,278.6,82,1019.1
1988100912,22.2,0,3.8,80.2,42,1018.5
1988100918,16.2,0,0.9,295.3,67,1021
1988101000,11.7,0,0.9,308.1,89,1023
1988101006,14.9,0,0.8,229.1,84.5,1024.1
1988101012,24.9,0,2.7,156.7,36.5,1022.2
1988101018,17.4,0,0.8,266.3,69.5,1021
1988101100,13.3,0,0.6,289,84.5,1020.3
1988101106,16.2,0,0.9,267.2,81.5,1018.4
1988101112,23.1,0,2.4,216.9,52,1014.5
1988101118,19.3,0,0.8,305,69.5,1013.3
1988101200,16.7,0,0.6,0,78.5,1011.9
1988101206,16.4,0,0.9,317.6,81,1011
1988101212,21.1,0,4.9,332.3,42.5,1008.8
1988101218,14.1,0,4.8,343.3,30,1010.8
1988101300,7.7,0,3.8,346.6,39.5,1015.7
1988101306,8.2,0,4.3,346.6,45.5,1017.8
1988101312,15.9,0,4.9,336.7,28.5,1015.2
1988101318,11.6,0,4,340,41,1015.2
1988101400,9.7,0,2.2,313.8,59,1015.6
1988101406,11.8,0,1.8,288.2,72.5,1016.9
1988101412,22,0,2.3,315,37.5,1014.3
1988101418,16.7,0,1.7,305,53,1013.8
1988101500,13.1,0,1.7,316.3,73,1015.6
1988101506,16.2,0,3.6,340,63,1016.8
1988101512,22.8,0,3.1,250,42.5,1016.6
1988101518,17.1,0,0.9,299.6,63.5,1017.2
1988101600,13.5,0,0.9,155,72,1019.4
1988101606,15.8,0,1.2,267.9,68.5,1020.8
1988101612,23.2,0,2.4,158.6,43.5,1018.5
1988101618,18.7,0,0.4,314.4,75.5,1017.8
1988101700,16.1,0,0.1,350.3,90.5,1016.4
1988101706,16.9,0,0.7,2.8,78,1015.9
1988101712,23.2,0,2.4,10.2,34.5,1014.2
1988101718,17.7,0,1.5,326.9,56.5,1014.1
1988101800,15.6,0,2.3,3.3,66,1014.4
1988101806,16.6,0,2.4,7.9,74,1016.4
1988101812,21.8,0,3.5,59.3,53.5,1015.7
1988101818,16.1,0,1.5,339,70.5,1017.9
1988101900,12.5,0,1.5,14.5,77.5,1021.6
1988101906,15.2,0,2.3,19.7,66,1024.2
1988101912,20.5,0,3.9,83.4,50.5,1024.2
1988101918,15.3,0,1.3,311.4,69.5,1024.2
1988102000,12.3,0,0.6,315,88.5,1023.3
1988102006,14.4,0,1,293.3,88,1022.3
1988102012,19.1,0,1.5,298.5,57,1019.5
1988102018,16.2,0,1.5,302.9,67.5,1018.3
1988102100,13.8,0,1.1,306.6,74.5,1017.7
1988102106,14.9,0,2.4,356.8,58,1018
1988102112,22.9,0,2.3,343.7,36.5,1016.5
1988102118,17.1,0,0.6,324.9,56.5,1017.3
1988102200,13.7,0,2.6,350.3,75,1018.8
1988102206,15.8,0,1.7,340.1,81.5,1020.8
1988102212,21.5,0,3.2,76.4,40.5,1020.7
1988102218,15.2,0,0.9,319.4,68.5,1021.6
1988102300,10.7,0,0.5,281.3,91.5,1022.5
1988102306,13.6,0,1.1,264.8,92,1023
1988102312,20.4,0,3.7,96.6,53,1020.1
1988102318,16.8,0,1.1,341.2,68.5,1019.3
1988102400,15.5,0,0.9,319,83.5,1017.8
1988102406,15.2,1.1,0.9,305,91,1016.5
1988102412,18,0.1,0.7,283.8,69,1013.2
1988102418,15.3,0,1.1,309.5,78,1012.5
1988102500,13.4,0,1.4,304.5,89.5,1012.9
1988102506,16.3,0,2.5,3.3,85.5,1014
1988102512,20,0,3.7,70,57.5,1015
1988102518,15.9,0,2.3,12,74,1017.1
1988102600,11.7,0,0.8,328,91.5,1018.8
1988102606,13.7,0,1.4,51.8,91,1021.1
1988102612,20.3,0,3.8,90,53,1021
1988102618,14.5,0,0.9,355,72.5,1021.1
1988102700,10,0,0.3,293.9,92,1020.5
1988102706,12.4,0,0.5,317.1,91,1020.2
1988102712,23.5,0,2.1,260,36.5,1018.3
1988102718,17.1,0,1.4,337.9,53.5,1017.8
1988102800,13.4,0,1.5,20.7,71.5,1018.6
1988102806,14,0,3.4,29.1,73.5,1018.7
1988102812,16.8,0,4.7,41.5,60.5,1017.2
1988102818,11.9,0,1.9,356.6,77.5,1016.7
1988102900,9.5,0,2.3,18.2,88,1016.1
1988102906,9.9,0,3.7,31.8,77,1018.3
1988102912,14.8,0,5.5,45.1,39.5,1018.4
1988102918,9.6,0,2.7,14.7,59,1019.9
1988103000,5.8,0,0.6,287.9,77,1020.3
1988103006,7.3,0,1.2,259.3,85,1020.9
1988103012,16.4,0,3,139.5,34.5,1019.1
1988103018,9.8,0,0.8,292.7,55.5,1019.3
1988103100,6.2,0,0.8,308.2,74,1020.8
1988103106,8.9,0,1.7,10.3,62,1022.3
1988103112,17.9,0,2.2,277.1,27.5,1021.9
1988103118,10.2,0,0.9,286.1,49.5,1023.9
1988110100,4.8,0,0.3,285.2,78.5,1024.5
1988110106,7.8,0,0.7,219.8,86.5,1023.8
1988110112,20.7,0,3.4,267,33,1019.4
1988110118,15,0,1.8,292.4,47.5,1017.6
1988110200,11.4,0,3.2,353.9,59.5,1017.9
1988110206,9.6,0,5.5,343.3,43.5,1020.4
1988110212,15,0,4.8,323.3,24.5,1017.7
1988110218,10.4,0,3.8,336.1,41,1016.5
1988110300,8.8,0,5.8,353.5,54,1016.7
1988110306,9.8,0,4.3,356.6,52,1018.8
1988110312,14.8,0,3.3,76.5,35,1019.5
1988110318,8.6,0,0.6,357.5,64.5,1020.2
1988110400,4.1,0,0.9,276.8,87,1020.5
1988110406,6.9,0,0.6,288.2,86.5,1020.6
1988110412,17.2,0,3.7,274,49.5,1017.5
1988110418,11.7,0,1.3,329.8,52.5,1016
1988110500,11.1,0,4.4,340,56,1016.2
1988110506,12.5,0,1.9,20.3,65,1020.1
1988110512,17.4,0,3.4,106.2,42,1020.7
1988110518,10.8,0,0.8,275.5,65.5,1021.7
1988110600,5.8,0,0.4,285.2,89.5,1021.6
1988110606,8,0,0.9,280.3,77.5,1020.7
1988110612,19.2,0,3.7,340,26,1018.2
1988110618,13.2,0,2.5,343.6,35,1018.4
1988110700,11.6,0,2.5,358.4,59.5,1019
1988110706,12.4,0,2.7,35.6,76,1021.6
1988110712,17.9,0,3.4,93.9,44,1021.7
1988110718,12.1,0,1,325.1,68,1022.7
1988110800,7.8,0,0.6,292.8,90.5,1023.5
1988110806,9.6,0,0.8,222.8,92.5,1023.7
1988110812,18.6,0,3.4,176.6,50,1022
1988110818,12.5,0,0.7,266.8,71,1021.7
1988110900,7.2,0,0.4,322,92,1021.2
1988110906,9.2,0,0.8,250.1,90.5,1020.3
1988110912,20.5,0,4.3,251.1,35.5,1016.7
1988110918,16.1,0,3.3,247.6,39.5,1015.3
1988111000,8.6,0,4.4,356.7,48.5,1017
1988111006,5.1,0,4.6,353.4,37,1022.5
1988111012,9.8,0,6.2,318.4,30.5,1020.7
1988111018,6.2,0,1.8,350.7,42,1020.2
1988111100,5.4,0,2.6,340,46,1020.5
1988111106,5.5,0,1.3,288.7,47,1021.2
1988111112,12.7,0,4.5,273.3,40.5,1017.9
1988111118,9,0,1.2,290.7,56.5,1016.6
1988111200,6.4,0,1.2,270,56,1015.5
1988111206,8.9,0,1.7,233.2,68.5,1013.8
1988111212,18.3,0,4.8,246.6,37.5,1009.8
1988111218,13.4,0,1.8,45,55.5,1008.8
1988111300,7.5,0,0.6,240,60.5,1010.3
1988111306,7.9,0,0.7,260,85,1011.2
1988111312,18.2,0,5.2,273.3,32.5,1007.6
1988111318,13,0,2.2,286.7,45,1008
1988111400,9.1,0,2.2,329.6,57.5,1010.2
1988111406,9.1,0,3.3,11.5,50,1014
1988111412,15.1,0,2.5,1.3,26,1015.1
1988111418,9.1,0,2.2,21.3,30.5,1017
1988111500,6,0,3.1,10,31,1019.9
1988111506,6.5,0,1.2,66.7,38.5,1022.1
1988111512,14.4,0,2.4,149.8,33,1021.5
1988111518,8.3,0,0.8,274.4,54.5,1021.2
1988111600,5.7,0,0.4,338.1,79.5,1018.2
1988111606,8.6,0,3,35,76,1015.3
1988111612,14,0,4.1,0.9,53.5,1015.8
1988111618,7.8,0,1.6,13.1,50,1019.5
1988111700,4.3,0,2.2,20,54.5,1020.4
1988111706,4.7,0,2.1,35,53,1020.8
1988111712,7.8,0,2.7,15,37,1018
1988111718,5,0,1.7,23.2,40.5,1017.3
1988111800,4.3,0,2.5,8.1,54,1016.9
1988111806,5.7,0,4,353.9,48.5,1016.7
1988111812,10.6,0,5.6,326.6,32,1016.7
1988111818,6.7,0,2.6,11.2,48.5,1020.2
1988111900,4.1,0,2.3,13.4,73,1023.8
1988111906,5.3,0,1.7,267.8,75.5,1025.3
1988111912,12.2,0,1.8,221.4,41.5,1023.2
1988111918,6,0,1.3,305,57.5,1022.3
1988112000,2.2,0,1.2,321.4,78.5,1022
1988112006,3.6,0,1,253.7,83.5,1022.5
1988112012,13.4,0,2.2,131.1,45.5,1021.2
1988112018,7.5,0,0.8,336.6,54.5,1023.1
1988112100,2.6,0,0.4,311.9,88,1023.8
1988112106,4,0,0.6,293.5,94,1024.5
1988112112,15.5,0,2.2,215,36.5,1022.7
1988112118,8.4,0,0.8,289.4,63.5,1023.4
1988112200,3.8,0,0.4,300.7,84.5,1023.9
1988112206,5,0,0.4,285.3,91.5,1023.6
1988112212,16.5,0,2.8,198.5,48,1020.3
1988112218,11.3,0,1.2,282.6,58.5,1018.5
1988112300,9.3,0,0.4,328.4,80,1015.7
1988112306,11.8,0,1.2,350,91,1012.8
1988112312,15.9,0,5.4,353.4,49,1009.8
1988112318,7.3,0,8.1,346.4,24.5,1012.1
1988112400,3.1,0,3.8,333.4,39.5,1014.7
1988112406,3,0,2.8,330,47,1015.4
1988112412,5.6,0,5.3,340,39.5,1014.6
1988112418,2,0,2.5,76.7,38.5,1014.8
1988112500,1.7,0,5.6,315.1,51,1015
1988112506,2.1,0,3.9,291.6,46,1015.8
1988112512,5.5,0,5.8,319.1,41,1013.2
1988112518,2.6,0,5.2,323.3,41.5,1012.8
1988112600,1.2,0,4.3,305,47,1012.5
1988112606,2.4,0,5.8,318.4,47.5,1011.4
1988112612,5.3,0,6.7,318.4,35.5,1009.4
1988112618,2.2,0,5.6,310.1,41.5,1009.6
1988112700,1.3,0,5.2,340,48.5,1009.4
1988112706,1.2,0,5.1,340,51.5,1011.8
1988112712,7.1,0,2.3,5,36,1012
1988112718,2.6,0,1,18.2,37.5,1013.8
1988112800,0.4,0,1.1,342.7,48.5,1015
1988112806,2,0,2.8,13.6,54,1016.8
1988112812,9.6,0,6.3,343.4,36.5,1016.2
1988112818,6.8,0,3.5,340,39,1019.3
1988112900,3.8,0,3.4,16.7,44,1022.4
1988112906,5.4,0,3.9,6.9,49,1025
1988112912,11.8,0,3.2,357.3,30,1023.4
1988112918,5.8,0,2.3,22.9,35,1023.6
1988113000,2.3,0,1.8,29.9,58,1022.4
1988113006,3.5,0,1.9,28.8,65,1022.4
1988113012,10.6,0,2.8,0,33,1020.8
1988113018,4.5,0,1.4,320.8,41.5,1021.2
1988120100,0.1,0,1.2,298.7,58,1021
1988120106,2.4,0,1.1,261.7,70.5,1021.7
1988120112,10.9,0,4.6,340,43,1020.8
1988120118,5.7,0,1.2,354.8,57,1023.5
1988120200,1,0,0.8,254.9,82.5,1025.1
1988120206,2,0,0.6,244.3,82.5,1026.8
1988120212,12.2,0,2,111.9,40,1026.1
1988120218,5.8,0,0.6,249,74.5,1026.2
1988120300,0.5,0,1.2,288.2,84,1025.9
1988120306,2.2,0,1.8,348.2,78,1024.9
1988120312,12,0,2.7,15,33,1022
1988120318,6.1,0,2.1,8.5,41.5,1021.8
1988120400,2.2,0,0.9,305,64,1021.6
1988120406,2.8,0,0.4,277.7,76,1020.1
1988120412,10.2,0,3.7,260.2,49,1015.4
1988120418,6.7,0,4.1,339.1,52,1013.4
1988120500,0.6,0,6.6,343.3,45,1015.3
1988120506,0.1,0,6.8,336.7,45,1018.3
1988120512,3.9,0,6.1,330,31,1017.9
1988120518,0.5,0,1.3,21.4,31.5,1019.9
1988120600,-3,0,1.4,334.3,57.5,1021.5
1988120606,-1.2,0,2,290.8,66.5,1021.8
1988120612,10,0,3.7,250,30.5,1020.2
1988120618,4.2,0,1.1,300.2,49,1020.3
1988120700,1.5,0,0.7,286.4,76,1019.8
1988120706,5.2,0,1.2,141.8,83.5,1020.8
1988120712,16.6,0,4.2,260.2,46.5,1020.1
1988120718,10.5,0,0.9,332.4,66.5,1020.9
1988120800,5.2,0,0.7,326.9,90.5,1021.1
1988120806,7.9,0,1.4,289.6,90.5,1019.7
1988120812,18.9,0,5.5,241.7,38.5,1016.4
1988120818,10.5,0,4.2,349.8,69,1017.3
1988120900,7,0,4,340,54,1018.8
1988120906,3.6,0,4.5,336.7,44.5,1021.8
1988120912,5.3,0,5.2,326.6,26.5,1022.9
1988120918,0.9,0,2.9,340,32,1024.7
1988121000,-3,0,0.8,317.8,47,1024.8
1988121006,-1.3,0,1.2,331.8,65,1023.8
1988121012,4.5,0,3.4,295.3,50,1021.8
1988121018,0.7,0,1,308.4,57,1022.3
1988121100,-3.3,0,0.8,312.3,72.5,1023.5
1988121106,-1.8,0,0.8,207.1,85.5,1023.5
1988121112,8,0,3.6,296.5,41,1021.6
1988121118,2.9,0,1.5,334.4,44.5,1022.6
1988121200,-0.6,0,1.1,283.5,69,1022.6
1988121206,-0.2,0,0.6,300.7,84.5,1023.7
1988121212,11.5,0,4.6,260,38,1022.2
1988121218,6.6,0,0.8,291.4,56.5,1022.2
1988121300,1.5,0,0.6,298.4,85.5,1022.5
1988121306,2.7,0,0.5,299,90.5,1021.4
1988121312,14.8,0,3.2,253.2,47.5,1018.1
1988121318,10.3,0,1.5,249.8,63,1017
1988121400,7.9,0,1.9,296.3,69,1016
1988121406,5.6,0,4.9,338.7,47.5,1017.8
1988121412,5.5,0,3.9,353.1,27,1019.5
1988121418,1.2,0,3.3,338.7,34.5,1020
1988121500,-2.7,0,1.4,8.1,41,1020.3
1988121506,-3.2,0,4.3,335.7,51.5,1021
1988121512,1,0,5,296.6,35.5,1019.3
1988121518,-2.3,0,3.1,0,35.5,1018.5
1988121600,-6.1,0,3.4,346.5,45,1019.5
1988121606,-5.1,0,5.8,356.6,47.5,1021.5
1988121612,0.8,0,6.6,340,30,1022.2
1988121618,-2.1,0,6,336.6,27,1023.3
1988121700,-3,0,8.1,346.6,34.5,1025.2
1988121706,-0.6,0,7.9,346.4,41.5,1026.4
1988121712,5.2,0,4.4,336.7,35,1026.8
1988121718,1.7,0,3.7,340,41.5,1028.2
1988121800,0.5,0,3.2,336.6,59.5,1027.4
1988121806,2.7,0,3.4,287.1,60.5,1026.4
1988121812,8.6,0,2.9,353.4,38.5,1024.2
1988121818,5.8,0,2,348.4,39.5,1024
1988121900,4.6,0,0.7,342,49.5,1023.3
1988121906,5.5,0.4,0.9,295,71.5,1021.2
1988121912,11.4,0,3.5,14.6,51,1019.7
1988121918,5.3,0,1,62.1,74,1021.3
1988122000,1.5,0,1.2,330.1,89.5,1021.7
1988122006,4.7,0,3.8,340.5,74,1021.6
1988122012,9.6,0,3.5,356.6,37.5,1020.5
1988122018,6.9,0,2.8,7.9,33,1020.4
1988122100,4,0,3.5,26.6,36.5,1019.9
1988122106,3.2,0,3.4,30,37.5,1021.5
1988122112,9.9,0,4.6,357.3,21,1021.2
1988122118,3.9,0,1.5,23.7,22,1023.3
1988122200,0.4,0,3.7,28.1,29.5,1025.1
1988122206,1,0,1.8,52.3,36,1027.4
1988122212,8.7,0,2.6,67.4,28,1027.6
1988122218,4.4,0,1.2,346.3,49,1028.1
1988122300,-0.6,0,0.2,348.7,72.5,1027.9
1988122306,0.7,0,0.5,253.5,86,1026.8
1988122312,11.9,0,2.5,173.6,50,1022.8
1988122318,9.9,0,1.4,302.6,43.5,1021.5
1988122400,7.8,0,0.6,46.5,57,1020.4
1988122406,8.8,0,1.5,97,54,1019.3
1988122412,12.6,0,3.5,340,42,1017.3
1988122418,6.6,0,4.1,353.2,47,1017.7
1988122500,0.8,0,3.8,10.4,40.5,1020.2
1988122506,-0.4,0,2.8,17.7,54.5,1022.9
1988122512,6.9,0,3.2,37.1,44,1022.4
1988122518,1.7,0,1.9,17.5,44.5,1023.4
1988122600,-1.7,0,1.9,16.7,50,1023.6
1988122606,-0.8,0,2.8,24.9,51,1024.1
1988122612,6.8,0,2.8,35.8,28.5,1022.6
1988122618,1.1,0,1.2,332.6,28,1022
1988122700,-3.7,0,1,301.4,48,1021.7
1988122706,1.4,0,3.4,357.3,38,1020.9
1988122712,7.1,0,4.4,349.8,32.5,1020.2
1988122718,3.9,0,3.7,330,45.5,1021.3
1988122800,2.1,0,4.1,340,54,1022.5
1988122806,0.7,0,4.1,353.2,51.5,1026.1
1988122812,6.2,0,3.4,29.6,37.5,1026.5
1988122818,2.9,0,2,336.1,78,1028.4
1988122900,1.9,0,0.4,16.1,84,1029
1988122906,3,0,1.2,275.1,81.5,1028.8
1988122912,5.6,0,1.6,328.6,79,1027.4
1988122918,3.1,2.7,1.6,352.3,95,1027.7
1988123000,0.7,0.5,0.6,2.8,86,1028.8
1988123006,0.5,0,1.4,4.3,61.5,1029.6
1988123012,7.4,0,2.5,59.8,35.5,1029.7
1988123018,2.7,0,1.7,0.3,45,1030.4
1988123100,-0.2,0,0.6,311.3,68.5,1029.8
1988123106,1.3,0,0.6,303.8,67,1029.4
1988123112,7.6,0,1.3,48.2,49,1025.8
1988123118,2.3,4.2,4.1,6.8,90,1024
1989010100,0.1,0,4,349.8,68.5,1025
1989010106,1.4,0,4.1,353.5,61,1027.6
1989010112,6,0,3.5,1.9,40.5,1027.7
1989010118,1.6,0,1.7,324.1,56,1027.3
1989010200,-2.9,0,0.7,303.2,74,1026.8
1989010206,-1.9,0,0.5,272.4,80,1024.6
1989010212,8.8,0,3.3,68.1,34,1022.7
1989010218,4.1,0,1.7,345.3,46.5,1023.5
1989010300,3.5,0,2.4,308.6,60.5,1023.2
1989010306,2.4,0,2.1,292.4,77.5,1024.9
1989010312,9.4,0,5.2,333.1,34,1024.5
1989010318,4.1,0,2.4,7.9,34.5,1026.3
1989010400,0,0,1.1,6,40,1028.1
1989010406,0.4,0,1.1,12.7,49.5,1030
1989010412,7.4,0,3.1,32.3,34.5,1030.1
1989010418,1.6,0,1.4,333.6,36.5,1031
1989010500,-2.4,0,0.6,283.5,58.5,1031.8
1989010506,-0.5,0,0.6,212.6,68,1031.7
1989010512,10.9,0,2.2,162.3,45,1029.8
1989010518,4.4,0,0.8,270,70.5,1028.8
1989010600,-0.7,0,0.3,310.4,83.5,1028.2
1989010606,0.3,0,0.2,310.4,84,1027.1
1989010612,9.9,0,1.1,103.3,57,1025.4
1989010618,8.5,0,1,186,68.5,1024.8
1989010700,6.4,0.3,0.3,15.3,83,1022.9
1989010706,6.8,7.9,0.6,329.2,92.5,1020
1989010712,8.7,9.3,1,100,93,1016.2
1989010718,9.4,11.3,1.5,305.5,91.5,1012.7
1989010800,10.2,3.3,2.8,332.3,89.5,1011.8
1989010806,11.1,0.3,2.4,0,85,1013.8
1989010812,11.9,0,3,40.1,79,1015.5
1989010818,10.4,0,2.6,29.9,80.5,1017.2
1989010900,9.2,0,2.7,13.6,81.5,1017.7
1989010906,9.3,0,2.5,0,72.5,1017.8
1989010912,10.7,0,2.8,6.6,69,1017.2
1989010918,9.4,0,2.5,346.6,73.5,1018.5
1989011000,8.7,0,1.7,25.1,82,1019.4
1989011006,8.6,0,1.2,332.3,85,1018.8
1989011012,12.1,0,2,112.4,68,1019.6
1989011018,11.3,0,1.4,90,67.5,1019
1989011100,10.4,0,0.8,48.7,74,1018.1
1989011106,10.2,4.6,2.2,72.7,87,1015.9
1989011112,8.2,8.4,4.6,26.6,84.5,1014.3
1989011118,5.5,1,4,0,81.5,1017.4
1989011200,4.7,0.2,3.9,35,76,1020.8
1989011206,3.8,0,3.6,24.9,73,1023.3
1989011212,3.8,0,2.7,13.4,71.5,1024.4
1989011218,3,0,1.5,336.7,73.5,1025.6
1989011300,2.8,0,1,343.1,82,1024.9
1989011306,3.2,0,0.6,5.1,84,1024.1
1989011312,5.5,0.2,4.3,343.3,61,1021.6
1989011318,1.4,0,3.8,0,49.5,1022.3
1989011400,-1.6,0,3.1,13.6,52,1022.8
1989011406,-1.9,0,2.2,353.5,53.5,1024.8
1989011412,4.6,0,3.1,18.2,36,1024.9
1989011418,1.5,0.9,2.7,350,77.5,1026.3
1989011500,1.3,1.3,3.9,10,85.5,1027
1989011506,2.2,0,2.8,6.6,68.5,1027.7
1989011512,4.5,0,2,13.4,65,1026.9
1989011518,2.7,0,2.3,20,68.5,1027.7
1989011600,-0.4,0,2,20.2,57.5,1028.3
1989011606,-0.2,0,2.3,62.1,45,1029.8
1989011612,6.8,0,2.9,25.5,37,1029.9
1989011618,2.9,0,1,296,50,1031.1
1989011700,0.2,0,0.9,273.9,68,1031.8
1989011706,0.7,0,0.6,305,72,1032.2
1989011712,10.7,0,2.1,160,44.5,1030.8
1989011718,5.2,0,1,293.7,67.5,1029.8
1989011800,1.7,0,0.5,303.8,85,1029.4
1989011806,3,0,0.6,357.7,82.5,1028
1989011812,6,8.3,1.3,54.4,90.5,1025.3
1989011818,6.6,8.2,1.5,312.9,90,1021.5
1989011900,6.7,4.7,1.3,311.5,91,1018.8
1989011906,6.6,0.4,1.1,301.1,91,1017.8
1989011912,8,2,1.2,14.3,89,1016.8
1989011918,7.3,2,1.7,308.2,88,1015.8
1989012000,7.2,6.2,1.6,322.3,88.5,1012.8
1989012006,7.6,3.4,2.7,12.3,86,1011.8
1989012012,8.9,0,5.7,346.4,54.5,1012.2
1989012018,6.2,0,3.4,6.8,65.5,1016.2
1989012100,4,0,0.9,350.2,75.5,1017.8
1989012106,5,0,1.4,10.1,80.5,1020.3
1989012112,11.1,0,2.8,36.5,42.5,1019.4
1989012118,6.6,0,1.6,324.1,45,1022
1989012200,5.5,0,1.5,48.9,66.5,1023.1
1989012206,6,0,1.1,296.2,73,1023
1989012212,7.7,1.2,2.4,56.2,77,1020.8
1989012218,8.4,2.2,4.7,106.7,64,1018.8
1989012300,7.1,4,4.8,73.4,80,1015.6
1989012306,6.4,3.7,3.8,35,85,1012.5
1989012312,8.2,1,3.3,6.6,76,1011.7
1989012318,6.3,0,2.5,350,70.5,1013.2
1989012400,3.7,3.6,3.8,346.6,79,1014.8
1989012406,3.7,0,4.7,340,62,1018
1989012412,7.3,0,3.7,343,44.5,1019
1989012418,3.4,0,3.1,6.8,50.5,1020.8
1989012500,0.8,0,1.5,335.4,65.5,1022.3
1989012506,0.8,0,1.5,309.7,69,1023.5
1989012512,8,0,2.2,211.8,42.5,1022.4
1989012518,5.8,0,0.8,297.6,53,1021.8
1989012600,3.2,0,0.6,14.3,69,1020.9
1989012606,4.1,0,0.8,302.9,66,1019.8
1989012612,8.7,0,1.9,340,53,1017.3
1989012618,5.2,0,3.2,343,55,1016.2
1989012700,-0.5,0,3,340,48,1018.7
1989012706,-2.6,0,4.9,328.8,39,1021.6
1989012712,0.1,0,6.2,340,31.5,1021.7
1989012718,-3.9,0,6.1,343.1,32,1024.2
1989012800,-6.6,0,6.4,350,43.5,1026.9
1989012806,-6.4,0,2.5,1.3,46,1029.9
1989012812,0.3,0,4.3,37.1,26.5,1031.1
1989012818,-2.7,0,1.4,13.9,27,1032.6
1989012900,-5.7,0,1.3,323.6,41,1032.8
1989012906,-4.7,0,0.8,19.5,55,1031.8
1989012912,6.9,0,2.5,307.4,23,1028.4
1989012918,2.4,0,1.6,4.8,16,1027.9
1989013000,-2.1,0,0.9,327.7,33.5,1028.8
1989013006,-2.1,0,0.9,270.3,39,1028.6
1989013012,9.6,0,2,150.3,27.5,1026.3
1989013018,5.1,0,1.1,46.1,29.5,1025.3
1989013100,-0.2,0,0.6,305,47.5,1024.9
1989013106,0.7,0,1.1,305,42.5,1023
1989013112,6.5,0,3.1,346.9,18,1019.3
1989013118,3.1,0,4.1,1.9,23,1018.8
1989020100,3.1,0,6.6,336.7,40,1017.8
1989020106,3.1,0,3.8,340,40,1017.5
1989020112,3.8,0,7.4,330,17.5,1017.7
1989020118,-0.4,0,4.1,333.4,17.5,1019.1
1989020200,-2.8,0,2.1,340,30.5,1020.4
1989020206,-2.7,0,5.1,340,37,1020.3
1989020212,0.9,0,6.7,333.2,27,1018.8
1989020218,-1.8,0,3.8,0,24.5,1021.2
1989020300,-4.5,0,3.3,3.4,30,1022.8
1989020306,-3.7,0,2.6,11.5,34.5,1023.3
1989020312,3.9,0,3.3,50,22.5,1022.8
1989020318,0.7,0,1.9,323.3,21,1023.9
1989020400,-1.6,0,1.2,288.5,31.5,1025.3
1989020406,-0.4,0,1.2,292.4,38.5,1026.7
1989020412,9.1,0,2.3,172,29,1025.6
1989020418,4,0,1.1,297.9,46.5,1026.3
1989020500,-0.4,0,0.4,314.3,62.5,1027.7
1989020506,0.9,0,0.7,212,60.5,1027.8
1989020512,11.7,0,3.7,182.9,26.5,1025.6
1989020518,7.4,0,1.3,327.7,30,1023.9
1989020600,2.5,0,1,323.1,42.5,1024
1989020606,4.7,0,2.1,56.1,28,1023.8
1989020612,11.3,0,3.6,65.5,14,1023.3
1989020618,6,0,1.8,16.2,36,1024.7
1989020700,1.8,0,1,285.9,56.5,1026.6
1989020706,1.8,0,0.3,244.2,64,1026.1
1989020712,8.7,0,2.2,93.7,45,1023.8
1989020718,7.1,0,1,22.4,41.5,1021.3
1989020800,5.4,0,0.7,300.8,53,1019.4
1989020806,5.1,2.4,0.8,300.8,77.5,1016.7
1989020812,6.6,1.8,1.3,352,90,1013.5
1989020818,5.5,2.6,2,18.2,90,1011.5
1989020900,3.3,0.4,4.4,0,73,1012.8
1989020906,2.5,0,1.9,21.6,69,1013.4
1989020912,6.2,0,2.7,0,58,1012.6
1989020918,4.2,0,2,8.1,53,1011.7
1989021000,0.4,0,5.1,340,51,1011.3
1989021006,0.5,0,6.4,333.4,40,1012.8
1989021012,6.1,0,4.1,6.6,35.5,1014.6
1989021018,3,0,3.1,356.6,33,1017.1
1989021100,-0.5,0,3.3,343,38,1017.3
1989021106,0.3,0,3.7,351.4,36.5,1018.2
1989021112,6.8,0,3.5,8.9,28,1017.5
1989021118,3.2,0,2.2,1,27,1017.8
1989021200,-0.6,0,1.1,330.4,43.5,1019.3
1989021206,-0.3,0,1.6,254.3,66.5,1019.8
1989021212,9,0,2.7,330,26,1018.5
1989021218,4.9,0,1.1,187.4,41.5,1018.7
1989021300,-0.4,0,0.8,329.6,64,1019.7
1989021306,1,0,1.5,260,75.5,1020.8
1989021312,10,0,4.5,51.8,29,1021.4
1989021318,4.7,0,2.4,329.6,63.5,1023.8
1989021400,0.4,0,0.6,291.6,77.5,1026.4
1989021406,1.7,0,0.9,288.4,83,1027.9
1989021412,11,0,3.6,141.1,36.5,1027.1
1989021418,6,0,1.5,338.5,55.5,1027
1989021500,1.2,0,0.4,298.4,81,1026.1
1989021506,2.8,0,0.4,288.1,85,1025.2
1989021512,10.6,0.1,2.2,197.2,59,1022.8
1989021518,8,2.7,0.4,3.3,85.5,1021.5
1989021600,7.2,12.2,1.2,354.1,89,1019.3
1989021606,9,14.2,2.3,356.9,89.5,1015.5
1989021612,9.6,1.4,2.3,353.2,86.5,1015.7
1989021618,9.3,0,3,20,74.5,1017
1989021700,8.1,4.5,3.8,24.9,79.5,1017.8
1989021706,7.7,0.1,4.6,50,71.5,1019
1989021712,7.3,2.3,4.2,53.3,65,1018.5
1989021718,4.8,5.2,3.7,18.2,73.5,1017.7
1989021800,4.2,3.9,3.1,3.3,83.5,1017.2
1989021806,5.3,0,3.3,18.2,67,1018
1989021812,6.9,0,3.8,23.2,64.5,1019.7
1989021818,5.3,0,2.3,3.4,57.5,1022.2
1989021900,4.5,0,1.8,6.6,66.5,1023.8
1989021906,3.7,0,0.8,283.5,77.5,1025.4
1989021912,9.9,0,3.1,118.4,45.5,1025.3
1989021918,7.3,0,1.7,181.2,57.5,1025
1989022000,2.6,0,0.8,297.4,83,1024
1989022006,2.9,0,0.5,316.4,87.5,1022.2
1989022012,12.2,0,3.4,303.5,49.5,1019.2
1989022018,9.6,0,2.8,15,37.5,1019.7
1989022100,6.8,0,2.1,32,40,1020.8
1989022106,5.5,0,1.8,20.3,45.5,1022.5
1989022112,7.6,0,2.4,325.3,47.5,1022.8
1989022118,5.7,0,3,356.6,33,1023.9
1989022200,0.8,0,2.4,357.6,38,1026.1
1989022206,1.5,0,2.1,340,53,1029.2
1989022212,5.8,0.1,4.2,13.4,73.5,1029.9
1989022218,4.8,1.2,3.2,16.7,81,1030.9
1989022300,4.7,0,2.2,8.7,76,1030.8
1989022306,5.6,0,1.5,305,74.5,1030.8
1989022312,8.2,0.4,2.5,114.3,63,1028
1989022318,7.2,0.2,1.8,87.1,65,1025.6
1989022400,4.8,3.8,1.6,331.3,83.5,1022.7
1989022406,4.7,1.9,1.4,331.9,88,1020.8
1989022412,6.2,0.7,1.7,350,87,1019.2
1989022418,6.2,0.5,1.7,341,86,1019.2
1989022500,6.4,5.5,2.3,6.8,86.5,1016.7
1989022506,6.8,9.1,2.8,18.5,83.5,1014.5
1989022512,7.3,3.5,3.2,41.5,81.5,1010.7
1989022518,6.5,6.8,4.7,60,79,1010.1
1989022600,4.4,5.7,3.8,0,84,1016.7
1989022606,5.6,0,3.8,356.6,69,1024.8
1989022612,10.7,0,2.5,112,43,1027.3
1989022618,6.6,0,1.4,280.1,59.5,1028.4
1989022700,2.2,0,0.6,311.9,83,1030.1
1989022706,3.1,0,1.1,261.1,82.5,1030.5
1989022712,13,0,3.8,215,40.5,1027.7
1989022718,10,0,2.3,240,52,1025.8
1989022800,9,0.7,1,253.3,75.5,1023.3
1989022806,11.2,8.1,1.2,295,89,1018.9
1989022812,16.2,7.2,4.3,292.2,64.5,1016.5
1989022818,13.9,0,2.4,349.7,52,1017.4
1989030100,8.3,0,4.8,350,44,1021.2
1989030106,6.3,0,4.1,35,47,1027.1
1989030112,7.8,0,5.4,66.6,49,1030.4
1989030118,5.9,0,4.7,80,49,1032.1
1989030200,6.1,0,3.8,76.6,53.5,1031.9
1989030206,7.5,0,4,80,61,1030.9
1989030212,9,0,3.3,70,64,1029.4
1989030218,8.6,0,1.7,4.4,71.5,1026.3
1989030300,7.7,0,1.1,336.9,77.5,1023.8
1989030306,8.5,0,0.5,70,79.5,1019.9
1989030312,11.7,0.6,1.6,110.3,84.5,1013.4
1989030318,12.8,8.8,3.3,100,86.5,1008.6
1989030400,6.8,39.7,2.2,356.6,86,1009
1989030406,5.1,15.1,2.9,353.2,84.5,1009.7
1989030412,6.5,1.4,3.2,342.7,80,1011.2
1989030418,6.1,0,1.8,353.4,70,1011.9
1989030500,5.3,0,2,19.7,75.5,1012.2
1989030506,5,1.7,1.9,0,79,1011.6
1989030512,3.5,5.9,3.8,6.6,85,1010.7
1989030518,2.4,1,2.9,16.7,83.5,1012.8
1989030600,1.8,0.1,5.1,353.4,67.5,1014.3
1989030606,1.5,0,6.3,343.3,50,1014.7
1989030612,4.9,0,6.9,333.4,37.5,1014.8
1989030618,1.3,0,5.2,343.3,35.5,1017.5
1989030700,-1.4,0,5,340,43.5,1019.6
1989030706,-0.6,0,6.3,340,48.5,1019.9
1989030712,3.3,0,7.2,336.7,37.5,1018.6
1989030718,0.1,0,4.6,343.3,35,1020.5
1989030800,-1.8,0,4.6,346.4,36,1022.8
1989030806,-0.8,0,3.1,358.8,40,1024.8
1989030812,7.1,0,3.1,353.6,27,1023.3
1989030818,3.1,0,2.1,333.4,28.5,1023.1
1989030900,0.6,0,3,353.4,44,1024.2
1989030906,2.1,0,4,339.6,48,1024.5
1989030912,9.5,0,3.1,340,29,1023.5
1989030918,5.2,0,1.1,287.4,39,1023.2
1989031000,0.2,0,0.7,283.8,64,1024.9
1989031006,2.7,0,0.9,228,65.5,1025.2
1989031012,13.6,0,5.1,270,27,1023
1989031018,9.6,0,4.1,270.4,34.5,1022.2
1989031100,4.9,0,1.3,2.8,50.5,1023.2
1989031106,6.3,0,2,243.7,59,1022.7
1989031112,13.4,0,3.5,238.3,33.5,1020.9
1989031118,9.6,0,1.6,295.9,36.5,1019.5
1989031200,3.5,0,0.4,9.8,62,1019.7
1989031206,6,0,0.8,220.8,75,1019.3
1989031212,15.3,0,3.3,228.9,36.5,1016
1989031218,13,0,2.5,251.6,41,1014.1
1989031300,9.1,0,0.6,323.5,66,1012.8
1989031306,9.3,0,0.9,196.3,77.5,1011.2
1989031312,15.4,0,2.1,202.1,54,1007.5
1989031318,12.5,0,0.8,314.7,55,1006.2
1989031400,7.4,0,0.6,279.9,81,1007.2
1989031406,9.4,0,2.8,354.7,69.5,1008.9
1989031412,17.1,0,4,344.8,22,1008.1
1989031418,11.1,0,1.5,5.7,43.5,1009.2
1989031500,7,0,2.2,339.8,42,1011.6
1989031506,7.4,0,3.4,9,45,1015.1
1989031512,12.4,0,4.4,93.9,36,1015.4
1989031518,8.2,0,2.2,32.7,65,1017
1989031600,4.2,0,0.8,298.4,81.5,1019.3
1989031606,5.6,0,1.6,253.3,86,1017.5
1989031612,15.4,0,7.7,289.3,27.5,1012.5
1989031618,7.8,0,5.8,350,34,1014.7
1989031700,3.5,0,2.1,23.2,51,1021.6
1989031706,4.6,0,3,10.2,61.5,1024.2
1989031712,10.4,0,4.9,79.8,42.5,1023.5
1989031718,6.5,0,2.4,37.4,54,1023.7
1989031800,1.7,0,0.7,275.1,75,1023.2
1989031806,3.9,0,0.9,241.2,82,1022.3
1989031812,12.2,0,4.5,160,43,1020.3
1989031818,8.7,0,2,232.7,49,1019.2
1989031900,5.1,0,0.7,305.7,72,1019
1989031906,6.6,0,0.7,271.3,80.5,1019.3
1989031912,13.8,0,4.8,166.6,41.5,1018.3
1989031918,8.7,0,1.8,101.8,57,1018.8
1989032000,5,0,0.7,267.3,81.5,1020.1
1989032006,7.4,0,1.9,280,81,1020.4
1989032012,12.8,0,3.9,96.6,44.5,1020.2
1989032018,8.7,0,1.7,59.7,65,1020.5
1989032100,6.8,0,0.9,282.3,81,1021
1989032106,8.7,0,0.9,295,79,1022.2
1989032112,13.1,0,3.4,146.1,53,1021.1
1989032118,9,0,3,51.8,70.5,1022
1989032200,5.6,0,2.2,353.5,87.5,1023.9
1989032206,7,0,2,13.9,81.5,1025.9
1989032212,9.9,0,4.2,80.2,59,1026.1
1989032218,8.5,0,2.2,66.8,60,1026.2
1989032300,5.8,0,1.1,310.1,70.5,1026.9
1989032306,6.4,0,1.9,270,83.5,1026.8
1989032312,10.4,0,3.7,90,41.5,1024.7
1989032318,8.7,0,2.2,73.3,58,1023.2
1989032400,7.8,0.9,1.5,69.6,78,1019
1989032406,8.5,13,3.1,62.1,91,1011.5
1989032412,7.8,4.1,4.6,3.3,85.5,1008.3
1989032418,6.6,0,2.8,338.7,76,1011.4
1989032500,5.3,0,1.6,31.6,75.5,1013.8
1989032506,7.1,0,2.8,16.7,71,1016.3
1989032512,11.1,0,4.8,70,49.5,1017
1989032518,7.6,0,2.1,31.3,60.5,1018.2
1989032600,3.8,0,0.3,335.5,80.5,1018.7
1989032606,6.4,0,0.8,20.8,83.5,1018.2
1989032612,13.1,0,3.8,128.9,44,1015.5
1989032618,8,0,1.4,41.3,61,1013.8
1989032700,4.4,0,0.6,295.3,84,1012.5
1989032706,6.2,0,0.9,255.9,84,1011.5
1989032712,10.6,17,2.5,122.7,58,1008.8
1989032718,6,9.5,3.3,4.4,87.5,1009.2
1989032800,4.5,6.1,2,327.2,92.5,1009.2
1989032806,6.9,1.5,1.8,322.9,91.5,1009.3
1989032812,11.3,0,2.1,117.2,59.5,1009.3
1989032818,7.8,0,1,283.2,74.5,1010.8
1989032900,3.7,0,1.3,308.9,92.5,1012.9
1989032906,7.7,0,2.4,315.3,47,1014.8
1989032912,15.3,0,3.5,183.2,30.5,1015.8
1989032918,10.3,0,1,295.8,50,1016.4
1989033000,5.1,0,0.6,295.3,77.5,1017.9
1989033006,8.1,0,1,208.1,72.5,1019.2
1989033012,17,0,6.7,228.4,25.5,1017.1
1989033018,13.9,0,5.7,240,50,1014.3
1989033100,12.5,3.4,4.2,260.3,79.5,1009.2
1989033106,14.1,0.3,1.9,292.7,64,1007.2
1989033112,20.2,0,5,291.4,29,1007.8
1989033118,16.9,0,3.4,273.9,26.5,1008
1989040100,12.6,0,1.9,315,32,1008.9
1989040106,12.5,0,2,72.1,46,1009.4
1989040112,18.5,0,3.8,150.7,34.5,1009.4
1989040118,13.2,0,1.5,93.8,58,1010.9
1989040200,8.5,0,0.8,289,80,1011.4
1989040206,10.1,0,0.9,232.3,82.5,1011
1989040212,19.5,0,3.3,125.6,58.5,1007.6
1989040218,17.2,0,1.6,281.6,37.5,1005.7
1989040300,11.7,0,1.1,326.4,62,1005.4
1989040306,14.6,0,2.5,8.2,55,1005.3
1989040312,21.7,0,3.7,139.5,23.5,1005.8
1989040318,12.2,0,4.1,47.4,60.5,1009.3
1989040400,7.9,0,0.7,315.3,81.5,1012.8
1989040406,10.2,0,2.5,170,77,1014.2
1989040412,14,0,5.8,90,48.5,1013.7
1989040418,9.9,0,1.8,40,61.5,1013.4
1989040500,6.2,0,0.5,304.1,82.5,1013.7
1989040506,9.2,0,0.9,242.1,81,1013.5
1989040512,17.6,0,3.9,156.6,48.5,1011.6
1989040518,13.3,0,1.2,170,64.5,1012.6
1989040600,9.1,0,0.6,289,86.5,1014.2
1989040606,11.9,0,1.9,263.4,78.5,1016.3
1989040612,17.7,0,4.3,106.7,47,1015.8
1989040618,12.3,0,2.3,11.4,66.5,1015.3
1989040700,8.1,0,0.8,283.9,88.5,1015.4
1989040706,11.1,0,1.1,243.8,81,1014.8
1989040712,20.8,0,4.4,166.5,50,1012.3
1989040718,16.8,0,1.7,80,54,1011.8
1989040800,14.2,0,0.8,25.5,79,1012
1989040806,15.7,0,2.4,86.9,69,1012.3
1989040812,18.5,0,4.9,111.9,54,1012.2
1989040818,13.8,0,2,355.1,64.5,1013.3
1989040900,8.8,0,0.6,308.4,87.5,1014.5
1989040906,12.5,0,1.9,259.6,79.5,1014.2
1989040912,20.1,0,3.3,122,46,1012
1989040918,15,0,1,51.6,74.5,1011.4
1989041000,11.6,0,1.3,329,71.5,1011.2
1989041006,12.9,0,4,350.2,31.5,1011.2
1989041012,18.6,0,5.2,323.8,17,1010.5
1989041018,11.1,0,3.3,32.4,56,1011.8
1989041100,6.6,0,4.3,343.3,51.5,1014.6
1989041106,8.4,0,2.1,90,38.5,1016.8
1989041112,15,0,4,170,28,1015.9
1989041118,10,0,3.3,37.2,47.5,1018.3
1989041200,5.8,0,1.3,304.7,71.5,1021.6
1989041206,9.9,0,2.4,346,64.5,1023.1
1989041212,17.2,0,5.6,80.2,43,1022.8
1989041218,12.5,0,1.4,41.6,68,1022.8
1989041300,6.7,0,0.7,287.3,87,1024.3
1989041306,11,0,1.2,248.5,82,1023.6
1989041312,21.1,0,3.6,173.4,29.5,1021.5
1989041318,14.4,0,1.3,274.3,47,1020.3
1989041400,9.6,0,0.9,283.4,69,1019.5
1989041406,11.4,0,0.6,265.5,67,1017.3
1989041412,16.5,0.8,2.1,153.4,72,1015.2
1989041418,14.1,0.4,0.7,36,80.5,1012.1
1989041500,12.6,4,0.3,17.5,90.5,1009.1
1989041506,13.4,0.1,1.1,26.4,90.5,1006.8
1989041512,14.7,1.1,2.6,46.9,82,1004.8
1989041518,12.5,1.6,2.2,356.6,85,1004.5
1989041600,10.5,9.3,3.6,356.6,89.5,1003
1989041606,9.9,2.9,4.1,3.4,85,1003.6
1989041612,11.6,0,2.3,343,67,1005.5
1989041618,10.3,0,1.2,17.2,73,1008.4
1989041700,6.8,0,0.6,342.4,87,1010.8
1989041706,10.9,0,0.8,84.9,78.5,1012.5
1989041712,21.6,0,4.6,260.2,31.5,1011.4
1989041718,16.1,0,2.5,254.8,65.5,1012
1989041800,15,0,3.3,276.8,50.5,1012.3
1989041806,16.8,0,1.1,118.5,51.5,1014.8
1989041812,23.4,0,4.3,149.8,39.5,1014.1
1989041818,17.6,0,1.2,31.1,72,1013.8
1989041900,14.3,0,0.5,293.9,81.5,1015.6
1989041906,17.9,0,1.8,118.8,77,1017.3
1989041912,24.2,0,4.3,96.6,39.5,1017.2
1989041918,18,0,1.4,353.9,48,1016
1989042000,12.5,0,0.7,289,77.5,1017
1989042006,15.6,0,0.9,142.4,75.5,1016.9
1989042012,23.9,0,3,125,40.5,1014.8
1989042018,18.2,0,1.5,337.9,45.5,1014.2
1989042100,12.2,0,0.9,298.4,71.5,1015
1989042106,15.7,0,1.8,61.7,69,1014
1989042112,23.1,0,3.5,115.7,37.5,1012.5
1989042118,18,0,1.4,217,52.5,1011.5
1989042200,12.2,0,0.8,294.3,78,1010.6
1989042206,15.7,0,1.3,219.4,76.5,1009.9
1989042212,23,0,4.8,163.3,57.5,1007.9
1989042218,18.1,0,2.2,176.6,76.5,1007.2
1989042300,16.3,0,0.9,36.4,88,1006.9
1989042306,17,0,3.1,19.7,60,1006.7
1989042312,19.1,0,3.8,58.8,40,1006.2
1989042318,15.1,0,2.7,29.9,62,1007
1989042400,13,3.4,3.7,13.4,82.5,1007.5
1989042406,12.9,0.7,4.5,35,81,1008.6
1989042412,15.9,0,5.3,60,41.5,1010.3
1989042418,11.8,0,1.4,331.8,45,1012.7
1989042500,6.4,0,1.2,276.8,72.5,1014.9
1989042506,10.3,0,1.3,237.4,73.5,1015.8
1989042512,19,0,5.1,173.6,46.5,1014.7
1989042518,16,0,2.3,225,54.5,1013.1
1989042600,9.9,0,0.2,352.4,78,1014
1989042606,13.7,0,1.8,282.3,70.5,1014.8
1989042612,22.6,0,5,246.6,23,1013.7
1989042618,17.3,0,3.4,250,32,1012.3
1989042700,15.7,0,3.4,274.5,55.5,1013.2
1989042706,18.2,0,5,256.6,59,1011.2
1989042712,20.9,0,7.2,10,31.5,1011.4
1989042718,11.9,0,4.3,59.8,66.5,1019.8
1989042800,9.6,0,3.3,50,66,1024.7
1989042806,11.8,0,4.6,69.1,56.5,1026.6
1989042812,13.9,0,5.6,90,41,1026.4
1989042818,10.7,0,1.9,40.1,53,1025.8
1989042900,6.2,0,0.5,320.2,77.5,1024.8
1989042906,10.5,0,1.3,191.9,77,1023.5
1989042912,18.4,0,3.6,160,35.5,1020.3
1989042918,13.1,0,1.8,215,54,1018.5
1989043000,8.4,0,1.1,307.7,83.5,1017.5
1989043006,11.4,0,1.2,257.4,81,1016.1
1989043012,19.2,0,3.3,176.6,58,1014.2
1989043018,15.6,0,2.2,163.3,76.5,1012.4
1989050100,14.5,0,0.9,44.4,86,1010.7
1989050106,15.6,0,2,162.7,86.5,1009.7
1989050112,21.2,0,2.8,134.9,58,1008.8
1989050118,16.1,0,1.6,329.9,73.5,1009.5
1989050200,11.7,0,0.6,3.9,90.5,1012.5
1989050206,14.9,0,1.5,245.8,79.5,1014.1
1989050212,21,0,4.8,160,54.5,1011.8
1989050218,16.8,0,1.2,70.1,73,1010.3
1989050300,12.6,0,1.4,150,74,1010.5
1989050306,17.4,0,1.7,105,56,1011.6
1989050312,21,0,4.3,106.7,50,1013.4
1989050318,15.6,0,2.2,145,74.5,1015.5
1989050400,13.1,0,1.8,268.4,84.5,1015.2
1989050406,16.8,0,1.5,254.7,77.5,1014.1
1989050412,27.8,0,3.5,190.7,37.5,1011
1989050418,23.5,0,3.4,283.4,34.5,1010
1989050500,17.8,0,0.6,339.4,44,1011.7
1989050506,18.7,0,2.9,106.9,59.5,1013.2
1989050512,19.5,0,3.5,75.9,62,1013.8
1989050518,15.9,0,1.6,28.5,70.5,1014.3
1989050600,14.2,1.4,1.6,20.2,83,1014
1989050606,14.9,0.1,2.7,36.5,85.5,1012.7
1989050612,17.2,0,4.4,51.8,60.5,1011.5
1989050618,15.2,0,2.7,26.6,64,1010.8
1989050700,12.6,0,0.7,314.7,70,1010.2
1989050706,17.1,0,1,216.7,65.5,1009.3
1989050712,24.4,0,4.8,163.3,41,1006.9
1989050718,18.9,0,1.4,245,56.5,1006.1
1989050800,14.1,0,0.6,314.9,82.5,1006.7
1989050806,18.5,0,1.4,290.9,73.5,1007.2
1989050812,25.3,0,3.6,133.4,43.5,1004.8
1989050818,18.9,0,1.6,62.1,68,1004.2
1989050900,15.8,0,0.7,293.2,77.5,1005.4
1989050906,19.6,0,1.8,129.8,69.5,1006.9
1989050912,24.3,0,4.6,160,47.5,1008.1
1989050918,18.1,0,1.9,148.8,70.5,1010.3
1989051000,14.7,0,0.8,305,89,1012
1989051006,17.7,0,1,44.6,83,1013.3
1989051012,19.8,0,1.9,138.8,64.5,1013.5
1989051018,17.2,0.4,3.1,65.2,74.5,1012.2
1989051100,15.9,4.3,6.4,90,81,1009.8
1989051106,15.1,9,5.7,86.7,88.5,1005.5
1989051112,15.4,2.1,4.6,60,87,1004.8
1989051118,14.4,0.4,5.1,60,85,1007.2
1989051200,13.9,0.1,3.5,48.4,84.5,1008.7
1989051206,14.8,0,2.3,45.1,75.5,1010.2
1989051212,17.4,0,2.7,60.7,63.5,1009.9
1989051218,15.4,0,2.1,66.6,68.5,1009.8
1989051300,14.2,0,0.7,245.7,77.5,1009.3
1989051306,15.4,0,2,243.4,78.5,1006.9
1989051312,19.5,0,3.6,263.6,60.5,1004.2
1989051318,17.3,0,3.5,289.7,38,1003.2
1989051400,12.1,0,2.7,263.2,43,1005.1
1989051406,14.8,0,5.6,283.4,48.5,1003.5
1989051412,18,0,5.7,276.6,37,1003
1989051418,13.4,0,4.7,321.8,50,1005.1
1989051500,10.7,0,3.3,340,63.5,1009.9
1989051506,15.1,0,2,319.8,59,1013.2
1989051512,24,0,4.4,296.6,26.5,1012.8
1989051518,19.1,0,2.8,239.9,40.5,1012.8
1989051600,14.8,0,1.2,285,61.5,1014.2
1989051606,16.6,0,2.7,269.7,55.5,1014.1
1989051612,20.8,0,4.4,250,29.5,1012.8
1989051618,18.2,0,3,249.6,48.5,1013.7
1989051700,14.5,0,0.4,300.3,74,1015
1989051706,15.7,0,0.9,5.5,77.5,1013.9
1989051712,19.5,0,3.8,103.4,58.5,1013.2
1989051718,16.8,0,2,55.9,71,1013.6
1989051800,12.4,0,0.6,305.7,87,1015.1
1989051806,16.2,0,2.4,46.1,79,1018.1
1989051812,20.4,0,5.5,96.6,54,1018.8
1989051818,16.5,0,2.2,54.4,71,1018.9
1989051900,14.8,0,0.7,328.3,75.5,1019.2
1989051906,15.9,0,0.7,311.7,82,1018.4
1989051912,24.6,0,4.1,173.4,58.5,1017.2
1989051918,20.4,0,2.1,190.3,64.5,1015.6
1989052000,15.7,0,0.9,289.8,86.5,1015.8
1989052006,18.4,0,0.9,230.8,81.5,1016.2
1989052012,24,0.2,3.5,170,59.5,1013.7
1989052018,20.4,0,1.2,180,74,1011.9
1989052100,18.7,0,2.2,329.6,78.5,1011.8
1989052106,21,0,2,30.8,59,1013
1989052112,29.3,0,3.1,328.1,29.5,1010.5
1989052118,24,0,2,310.1,45.5,1009.9
1989052200,17.2,0,1.1,307.9,61,1010.5
1989052206,19.4,0,0.7,263.4,61,1009.9
1989052212,25.9,0,3.8,242.4,34.5,1007.1
1989052218,20,0,3.3,231.8,37.5,1006.2
1989052300,17.1,0,1.6,277.5,49.5,1006
1989052306,20.9,0,3.6,310.2,51,1005.2
1989052312,27.4,0,3.5,90,33.5,1004
1989052318,20.5,0,1.3,77.4,67.5,1005.2
1989052400,16.7,0,0.6,310.9,82,1007.7
1989052406,19.2,0,1.3,188.3,79.5,1009.7
1989052412,23.7,0,4,163.3,53,1009.3
1989052418,18,0,2.5,73,73,1010.1
1989052500,16,0,1.4,63.4,87,1010.8
1989052506,17.1,0,2.4,43.5,72.5,1010.3
1989052512,14.7,6.7,2.5,23.2,85.5,1010.1
1989052518,13.7,0.1,2,8.1,90,1009.5
1989052600,12.8,0,2.3,10,86,1009.8
1989052606,16.4,0,1.4,296.8,77.5,1011.8
1989052612,23,0,4.4,134.3,48,1010
1989052618,19.8,0,1.6,335,59,1008.8
1989052700,15.1,0,0.3,358.9,77.5,1009.1
1989052706,20.4,0,2,280.6,67,1009
1989052712,28.8,0,3.5,55,34,1008.2
1989052718,23.6,0,1.4,257.1,57,1009
1989052800,18.4,0,1.5,10,70,1010.5
1989052806,19.8,0,2,45,75.5,1012
1989052812,24.3,0,2.9,153.5,56.5,1009.8
1989052818,18.4,0,2.6,80.3,73,1010
1989052900,16.8,0.6,1.7,3.4,86.5,1011.2
1989052906,17.3,0,3.4,56.6,79,1012.8
1989052912,20,0,5.1,83.4,49,1012.8
1989052918,15.6,0,2.4,18,65,1013.5
1989053000,15.6,0,0.8,302,82.5,1014.7
1989053006,16.2,0,0.9,205,74,1015.7
1989053012,23.4,0,5.3,153.4,43.5,1014.3
1989053018,18.8,0,2,80.2,66,1013.3
1989053100,15.5,0,0.5,100.7,81,1013.8
1989053106,20.8,0,2.5,305,65,1013.8
1989053112,28.9,0,3.1,60.4,30,1011.9
1989053118,22.4,0,1.4,54.9,54.5,1011.7
1989060100,18.4,0,1.9,299.1,64,1013.7
1989060106,22.4,0,1.4,216.5,61,1014.8
1989060112,26.4,0,4.4,135,44.5,1014.3
1989060118,19.2,0,2.2,66.9,73.5,1014.7
1989060200,15.6,0,1,256.1,87,1016.2
1989060206,18.3,0,1.5,205.1,81,1016.6
1989060212,24.7,0,4.1,160,49,1016.2
1989060218,19.3,0,1.7,141.6,77.5,1016.1
1989060300,16.1,0,0.8,357.7,89.5,1016.5
1989060306,19.6,0,0.9,242.2,76,1017.2
1989060312,27.9,0,4.3,156.7,29.5,1015.5
1989060318,22,0,1.4,141.1,42.5,1014.5
1989060400,15.4,0,1.1,290,73,1014.5
1989060406,20.8,0,1.9,190.2,65.5,1014.2
1989060412,27.3,0,4.5,225.3,44.5,1012.3
1989060418,22.2,0,2.6,199.3,59,1010.3
1989060500,19.4,18,3.6,180,79.5,1007.7
1989060506,19.5,22.4,5.3,186.9,88.5,1002.8
1989060512,24.3,0.4,4.2,225.1,74.5,998.8
1989060518,23.1,0,2.5,313.4,64.5,1000.5
1989060600,18.5,0,1.4,315.7,75,1005.2
1989060606,23.8,0,4.2,333.4,57.5,1007.3
1989060612,28.8,0,3.8,210.7,38,1008.7
1989060618,24.2,0,1.2,317.1,53,1008.7
1989060700,18.5,0,1.1,329.5,78,1010.8
1989060706,22.9,0,1.1,197.1,70.5,1011.9
1989060712,27.4,0,3.3,152.3,45,1011.8
1989060718,22.7,0,1.7,205,59,1012.1
1989060800,19.4,0.8,1,35,80.5,1013.2
1989060806,17.6,8.8,1.5,322.3,86.5,1013.1
1989060812,16.1,24.7,3.1,97.9,84.5,1011.9
1989060818,16.2,21.3,3.9,96.6,88,1007.2
1989060900,16.4,1.2,2.7,59.8,88,1004.7
1989060906,16.2,0.5,2.5,29.9,86.5,1005.8
1989060912,17.5,0,3.3,50,78,1006.7
1989060918,16,0,3.2,13.4,76.5,1008.3
1989061000,15.2,0,2.4,6.6,78.5,1009.8
1989061006,16.3,0,3,13.4,76.5,1012
1989061012,16.6,0,3.7,29.9,78.5,1013.6
1989061018,15.3,0,2.7,11.7,82,1014.3
1989061100,13.7,0,2,3.3,87,1015.6
1989061106,16.2,0,2.9,37.8,76,1017
1989061112,20.5,0,3.5,93.3,58,1016.6
1989061118,16.2,0,1.7,45,72,1016.2
1989061200,11.9,0,0.6,311.9,94.5,1016.4
1989061206,16.1,0,1,210,83.5,1017
1989061212,22.6,0,3.4,166.6,50.5,1015.5
1989061218,18.5,0,1.4,287.8,64.5,1014
1989061300,15.4,0,0.8,315,84,1013.1
1989061306,17.5,0,1.1,70,72.5,1012.5
1989061312,25.4,0,3.4,151.3,48.5,1010.8
1989061318,20.9,0,1.7,88.7,71.5,1010.5
1989061400,17,0,0.7,336.3,90.5,1010.6
1989061406,19,0.4,2.2,184.6,88.5,1008.3
1989061412,18.7,23,3.2,204.9,91,1005.4
1989061418,18.6,7.4,2.1,214.5,92.5,1001
1989061500,19,0.1,1.2,75.2,91.5,998.8
1989061506,20.9,0,1.4,10.8,84,1001.8
1989061512,25.9,0,2.5,149.8,61,1001.9
1989061518,22.7,0.1,1.1,72.4,80.5,1001.4
1989061600,20.4,0.8,1.3,314.6,87.5,1002.3
1989061606,21.3,0,1.4,311.2,86,1001.4
1989061612,24.6,0,2,162.4,64.5,999.6
1989061618,21.9,0,1,45.4,74.5,999.8
1989061700,19.6,0,0.7,337.1,84,1000
1989061706,22,0,1.2,91.6,77,1000.2
1989061712,25.1,0,3.9,156.6,64.5,999.4
1989061718,20.9,0,2.3,43.8,79.5,1000.2
1989061800,17.9,0,2,18.2,86,1002.5
1989061806,19.5,0,2.4,50.2,75.5,1003.8
1989061812,20.1,0.7,4.1,86.6,64,1004.9
1989061818,16.6,1.5,2.3,43.4,84,1007
1989061900,14.4,2.4,1.9,318.4,90.5,1009.2
1989061906,15.7,0,0.8,345.1,88,1010.3
1989061912,19.6,0,4.6,119.3,59,1010.6
1989061918,17,0,3.1,53.8,66.5,1011
1989062000,15.1,0,0.9,0,76,1012.1
1989062006,17.2,0,2,16,72,1012.8
1989062012,19.9,0,4.5,100,59.5,1012.3
1989062018,16.7,0,3.4,54.1,68.5,1012.8
1989062100,15,0,0.7,350.2,82.5,1013.9
1989062106,18.2,0,1.4,87.8,76.5,1014.3
1989062112,23,0,3.5,152.1,52.5,1014.1
1989062118,18.5,0,1.8,193.1,64,1014.1
1989062200,14.8,0,1.1,322.9,85,1013.8
1989062206,18.8,0,1.1,233.1,80,1013.3
1989062212,25.4,0,3.9,160,40,1011.5
1989062218,20.2,0,1,323.8,64,1010.3
1989062300,16.8,0,0.9,304.2,82,1009.2
1989062306,20.1,0,2,28.6,66,1008.8
1989062312,23.8,0,4.5,56.6,42.5,1007.9
1989062318,19.5,1.1,3.2,24.9,83,1007.2
1989062400,18.8,4.5,2.6,23.2,90,1005.8
1989062406,18.8,7.7,4.9,29.9,89,1002.8
1989062412,18.4,12.4,6.1,13.4,86.5,999.7
1989062418,18.1,18.1,1.9,290.7,91,1000.6
1989062500,18.6,3.8,0.5,52.5,92,1004.3
1989062506,19.9,7.9,0.6,195.1,92,1005.3
1989062512,24.7,0,2.5,195,76.5,1005.3
1989062518,22.3,0,1.5,15.9,82,1006.2
1989062600,20.6,0,0.6,277.9,88.5,1007.8
1989062606,23.7,0,1,260.3,81.5,1009.3
1989062612,27.5,0,1.5,21.1,62.5,1009.2
1989062618,24.4,0,0.6,18.9,76,1008.2
1989062700,21,0,0.9,351.9,84.5,1008.1
1989062706,21.7,0,0.3,56.5,83.5,1006.8
1989062712,22.1,7.7,1.6,314.7,75,1005.5
1989062718,19.4,1.2,0.9,302,85,1003.5
1989062800,17.4,0,1.8,316.8,87.5,1003.2
1989062806,20.7,0,1.2,270.3,83.5,1003
1989062812,28.1,0,3,337.1,46.5,1002.2
1989062818,22.9,0,1.1,91.9,71,1003.5
1989062900,19.4,0,0.9,310.9,84.5,1005.3
1989062906,23.1,0,1.4,227.4,78.5,1005.8
1989062912,29,0,4.2,156.7,50,1005.2
1989062918,23.6,0,1.6,93.4,66.5,1005.3
1989063000,20.5,0,1.7,62.1,83,1006.1
1989063006,21.7,0,3.5,50.3,75,1006.7
1989063012,23.5,0,4.2,83.4,59.5,1007.2
1989063018,20.2,0,3.9,60,70.5,1007.8
1989070100,19.2,0,3.2,55.3,72,1009.8
1989070106,19.9,0,2.7,63.4,68.5,1011.3
1989070112,21.5,0,3.5,66.7,55.5,1012
1989070118,19.8,0,2.9,56.6,70,1012.2
1989070200,18.6,0,2.2,45.1,75,1013.5
1989070206,18.6,0,2.9,53.3,73,1014.2
1989070212,20.3,0,3.6,63.4,65,1014.2
1989070218,18.7,0,2.4,43.8,72.5,1014
1989070300,17.7,0,2.2,3.3,80,1013.7
1989070306,19,0,3.1,28.5,73.5,1013.4
1989070312,21.7,0,3.6,51.1,62.5,1013.2
1989070318,19,0,2.3,25,71.5,1013.5
1989070400,16.5,0,0.6,314.2,83.5,1014.6
1989070406,20.1,0,1.3,215,75,1014.6
1989070412,23,0,3.1,117.7,58.5,1013.3
1989070418,19.6,0,1.7,109.8,71.5,1013.2
1989070500,16,0,0.3,308.4,85,1013.2
1989070506,18.8,0,0.9,25,80,1013
1989070512,23.5,0,3,100,54,1012.2
1989070518,19,0,2.5,53.1,67.5,1011.3
1989070600,18.3,0,1.6,24.9,75,1011.1
1989070606,19.6,0,3.3,55,69.5,1010.7
1989070612,23,0,4.5,93.4,53,1009.3
1989070618,19,0,2,58.5,67.5,1008.8
1989070700,16.7,0,1.7,349.8,79.5,1009.7
1989070706,19.6,0,1.2,131.4,74,1010.2
1989070712,25.6,0,3.4,160,51.5,1009.7
1989070718,20.8,0,1.6,170,68.5,1009.7
1989070800,17.4,0,0.7,316.3,85,1009.7
1989070806,21.2,0,1.3,178,76.5,1009.8
1989070812,25.9,0.4,3.7,160,61,1008.5
1989070818,20.5,33.2,1.7,67.2,86.5,1007.2
1989070900,20.2,1.4,0.6,3.1,89,1004.8
1989070906,20.6,13.3,0.6,31.1,88,1005.4
1989070912,21.7,0.9,1.5,93.4,87,1004.8
1989070918,21.2,0,0.9,143.8,86.5,1006
1989071000,20.8,0,0.4,324.8,86,1007.5
1989071006,21.8,0,1,4.5,86,1008
1989071012,26.8,0,2.6,177.6,64,1009.2
1989071018,23.7,0,1.4,38,79.5,1009
1989071100,21.7,0,0.6,64.5,85,1008.7
1989071106,22.1,5.6,0.9,36.6,86,1007.6
1989071112,25.6,3.1,2.3,223.2,83.5,1004.8
1989071118,24.8,0.7,2.7,236.2,83,1003.2
1989071200,21.9,0.2,1.4,105.6,84.5,1004.5
1989071206,20.9,0.8,0.7,50.5,85,1005.7
1989071212,22.7,3.1,0.8,218,84,1005.8
1989071218,21.6,2.3,0.7,285,85.5,1005.6
1989071300,21.1,1.2,0.4,310.5,87.5,1006.2
1989071306,22.8,0,1.4,92.4,86,1008.3
1989071312,24.8,0,3.2,93.3,68,1009.9
1989071318,22.4,0,1.9,170,70,1011.2
1989071400,20.6,0,1.1,290.3,79.5,1012.2
1989071406,22.7,0,1.6,154.9,82,1013.4
1989071412,25.3,0,3.2,153.4,69.5,1013.5
1989071418,23.2,0,2.1,160,76,1013.3
1989071500,21.9,0,0.7,191.8,83,1013.5
1989071506,22.4,21.1,1.1,267,80.5,1013.6
1989071512,23.9,6.9,1.2,170,81.5,1012.6
1989071518,22.6,14.2,1.2,190.7,87,1012.1
1989071600,21.5,0,0.8,10.4,91.5,1010.7
1989071606,21.9,3,0.2,5.8,94,1010.8
1989071612,23.1,36.5,2.9,244.3,93,1010.3
1989071618,21.6,8.2,1.9,241.3,92,1009.1
1989071700,20.9,0,1.3,280.6,93.5,1010.2
1989071706,23.7,0,0.9,127.6,93.5,1010
1989071712,29.3,0,2.3,131.5,76,1009.7
1989071718,26.9,0,1.1,77.5,82,1009.2
1989071800,24.7,0,0.6,305.9,92,1010.2
1989071806,26,0,1.2,215,89.5,1010.9
1989071812,29.9,0,2.8,149.7,72,1011.2
1989071818,27.9,0,1.8,246,75.5,1010.7
1989071900,24.4,0,0.5,225,90,1012.9
1989071906,27.6,0,1.6,178.8,85,1013.2
1989071912,33.3,0,3.8,246.6,53.5,1012.8
1989071918,29.3,0,1.9,223.4,68,1012
1989072000,25.2,0,0.9,161.2,88.5,1013.6
1989072006,28.2,0,2.5,208.8,80,1013.7
1989072012,32.7,0,5.1,235.3,60.5,1013.1
1989072018,28.9,0,1.9,300.4,70,1013.4
1989072100,25.1,0,0.3,333.2,90,1014.8
1989072106,27.6,0,1.1,283.4,84,1015.1
1989072112,32.9,0,2.4,247.9,55.5,1014.5
1989072118,28,0,1.1,27.2,76,1013.7
1989072200,25.2,0,0.3,342.8,88,1013.4
1989072206,26.8,0,0.9,314.4,84.5,1012.7
1989072212,33,0,2.5,243.4,53,1011
1989072218,28.9,0,1.3,30,62,1010.7
1989072300,24.8,0,0.5,17.8,88.5,1010.6
1989072306,27.1,0,1.5,246.1,80.5,1010.6
1989072312,32.7,0,4.2,196.5,56.5,1008.8
1989072318,28.5,0,2.9,228.4,63.5,1008.5
1989072400,24.7,0,1,247.9,87,1008.9
1989072406,27.5,0,2.7,226.7,79.5,1007.9
1989072412,30.4,0,4.4,207.7,65.5,1005.8
1989072418,27.6,0,3.6,215,78,1004.2
1989072500,26.3,0,5.2,200,88,1002.7
1989072506,25.8,13.8,5.6,204.9,90.5,1000.5
1989072512,25.8,3.9,5.7,200,93,999.7
1989072518,25.3,13.2,5.3,200,93.5,999.9
1989072600,24.8,18.4,3.8,215,93.5,1000.5
1989072606,24.8,2.1,3.7,204.9,93.5,1000.4
1989072612,25.7,2.4,3.5,200,92,1001.5
1989072618,25.9,0,2.4,180,90.5,1002.8
1989072700,25.4,0.6,2.2,194.7,92.5,1003.7
1989072706,27.1,0,1.8,193.3,92.5,1004.6
1989072712,31,0,3.8,131.6,65.5,1004.5
1989072718,23.8,0.4,3,14.7,86,1005.9
1989072800,23.1,0,3.8,33.8,88.5,1004.9
1989072806,23.5,0,4.3,35,85.5,1003.4
1989072812,22.7,2.2,4.3,35,88,1003.6
1989072818,23,15.1,6.7,83.6,92,1003.1
1989072900,24.1,20.9,6.4,141.8,94.5,1004.2
1989072906,24.4,11.5,2.8,196.5,94.5,1007
1989072912,26.9,0,3,166.6,86.5,1008
1989072918,25.8,0,1.1,96.5,85.5,1008.9
1989073000,23.9,0,0.4,350.2,92,1009.8
1989073006,25.6,0,0.6,350.3,92,1009.8
1989073012,30.2,0,3.3,80.2,61.5,1008.9
1989073018,25.8,0,2,41.6,74.5,1008.2
1989073100,22.4,0,0.6,324.2,88,1007.8
1989073106,26.2,0,2.5,55,81.5,1006.7
1989073112,30.1,0,4.8,63.4,47.5,1005.5
1989073118,25.3,0,4.1,29.9,72,1004.7
1989080100,23.8,0,4,40.1,84.5,1004.8
1989080106,25.2,0,4.5,50,72,1005
1989080112,25.6,0,5.9,50,60.5,1005.3
1989080118,24,0,5.1,50,70,1004.8
1989080200,23.3,0,6.3,50,77.5,1005.2
1989080206,23.3,0.2,5.6,50,75.5,1004.7
1989080212,22.1,3.4,4.5,40.1,92,1004.5
1989080218,21.5,4.4,4.8,20,93,1003.8
1989080300,23.1,4.5,3.5,57.2,93,1003
1989080306,24.9,0,3.6,51.8,91,1003.6
1989080312,25.5,0.3,4.3,51.8,82.5,1005.2
1989080318,25,0.1,3.4,45.1,82.5,1007.2
1989080400,24.7,0,2,56.9,86.5,1008
1989080406,24.5,0,3,40.1,88,1008.8
1989080412,25.9,0,3.2,35,77,1009.5
1989080418,23.3,0,2.3,9.3,72,1008.5
1989080500,21.4,0,2.6,18.2,66.5,1008.8
1989080506,24.5,0,2.4,39.2,65.5,1007.5
1989080512,29,0,4.7,45.1,41.5,1005.6
1989080518,24.2,0,2,37.2,59,1004.1
1989080600,21.5,0,1.8,17.9,88,1003.5
1989080606,22.9,0,2.5,0,86,1003.3
1989080612,25.1,0,3.1,20,75.5,1002.8
1989080618,23.7,0,1.4,15,83,1002.4
1989080700,22.4,0,0.8,342.7,90.5,1003.1
1989080706,23.1,2.2,0.6,358.5,91,1004.3
1989080712,26.4,0,2,180.4,76.5,1004.5
1989080718,24.4,0,1.7,181.4,79.5,1004.4
1989080800,22.4,0,0.3,338.1,91.5,1005.5
1989080806,25.2,0,0.9,230,88.5,1005.7
1989080812,30.8,0,2.3,113.2,66,1004.8
1989080818,27.9,0,1.2,265.7,80,1005
1989080900,24.3,0,0.7,300.2,91,1005.6
1989080906,26.9,0,1.1,167.2,84.5,1006.2
1989080912,32.3,0,2.4,42.3,55,1005.1
1989080918,28.7,0,1.1,22.4,56.5,1005.2
1989081000,23.6,0,0.5,356.1,81,1007
1989081006,25.9,0,1,218.5,82.5,1008.2
1989081012,30,0,3.3,160,63,1007.5
1989081018,25.9,0,1.8,209.3,82.5,1006.7
1989081100,22.4,0,0.5,318.8,92.5,1005.7
1989081106,24.5,0,1.1,219.3,87,1005.1
1989081112,30.6,0,2.4,107.4,53,1004.2
1989081118,28.2,0,2.8,270,64,1003
1989081200,25.8,0,1.9,245.7,80,1003.4
1989081206,27.7,0,2,246.6,81,1003.6
1989081212,32.8,0,3.5,260,56,1001.4
1989081218,28.8,0,2.5,243.4,72.5,1001.1
1989081300,27,0.3,2.4,246.2,78,1001.9
1989081306,26.4,0.1,1,273,90,1002.3
1989081312,29.2,0,3.4,60,75.5,1003.4
1989081318,26.5,0,1.1,46.8,77.5,1005.2
1989081400,23.4,0,1,355.7,87.5,1007.4
1989081406,25.7,0,2,59.8,81.5,1008.7
1989081412,28.1,0,4.6,76.6,60,1009.5
1989081418,24.4,0,2.1,21.6,64,1009.9
1989081500,21.4,0,2.1,353.4,88.5,1010.1
1989081506,24.3,0,4,35,77,1009.9
1989081512,27.4,0,4.6,56.6,50,1008.8
1989081518,24.3,0,3.7,40.1,72.5,1008.6
1989081600,23.3,0,3.9,40.1,79.5,1008.4
1989081606,24.1,0,3.9,56.6,76.5,1008.3
1989081612,26.4,0,4.9,70,62.5,1008.3
1989081618,23.9,0,3,38.2,76.5,1009.3
1989081700,22.8,0,2.4,28.5,81.5,1009.5
1989081706,24.7,0,3,35,78.5,1009.5
1989081712,27.3,0,3.9,62.1,63,1008.9
1989081718,24.1,0,2.2,31.6,77,1009.1
1989081800,23.1,0,1.9,16.7,87,1010
1989081806,23.8,0.8,2.5,31.8,86.5,1009.9
1989081812,26,0,3.4,70,70,1009.8
1989081818,23.8,0,1.8,28.7,75.5,1010.5
1989081900,21.5,0,1.4,326.1,89.5,1011.5
1989081906,23,0,1.6,327.5,91,1011.7
1989081912,27.2,0,3.7,83.6,69,1011.5
1989081918,24.5,0,1.5,32.9,80.5,1011.2
1989082000,21.8,0,0.7,298.4,92.5,1011.4
1989082006,23.9,0,1,185.1,90.5,1011.2
1989082012,31.4,0,4.7,215,62,1009.3
1989082018,28,0,2,257.6,68,1010
1989082100,25.3,0,1,279.5,91.5,1011.4
1989082106,27,0,2,183.6,86.5,1011.2
1989082112,28.5,13.4,2.9,228.1,70,1011.2
1989082118,23.5,29.8,1.5,245.1,94,1012.5
1989082200,23.5,0.9,0.6,315,94,1012.6
1989082206,24.4,6.9,0.4,327.9,94,1012.8
1989082212,25.7,5.6,1.9,35,90,1012.6
1989082218,23.4,25.1,1.5,35,92,1012.8
1989082300,22.9,4,0.9,333.4,94,1012.4
1989082306,24.1,0,0.9,304.7,92.5,1012.6
1989082312,26.7,0,2.9,69.8,77.5,1013.3
1989082318,23.5,1.3,2,336.6,89.5,1014.6
1989082400,22.6,0,1.6,0.4,93,1015.9
1989082406,24.1,0,3,41.5,84.5,1015.4
1989082412,26.7,0,4.2,70,52.5,1014.8
1989082418,23.3,0,2.8,45.1,69.5,1014.6
1989082500,21.8,0,2.6,21.6,80,1014.3
1989082506,24.2,0,3.3,46.3,74.5,1014
1989082512,25.7,0,3.6,66.6,70.5,1013
1989082518,24.2,0,2.6,40.1,75.5,1012.5
1989082600,23.5,0,2.1,40.1,83,1011.8
1989082606,24.7,0,2.5,46.8,80.5,1010.7
1989082612,27.1,0,3.7,63.2,63,1007.8
1989082618,24.4,0,3.4,29.9,79.5,1005.8
1989082700,23.9,0,3.5,13.4,84.5,1002.8
1989082706,24.5,0,5,3.3,77.5,1000.7
1989082712,27.2,0,4.2,38.2,62,1000.5
1989082718,24.1,0,1.5,16.7,69.5,1001.8
1989082800,22.2,0,0.9,2.4,87,1004.2
1989082806,23.8,0,0.9,320,85.5,1005.3
1989082812,28.8,0,3.2,166.6,65.5,1005.1
1989082818,25.7,0,1.3,283.2,77.5,1005.4
1989082900,22.2,0,0.6,336,91.5,1006.5
1989082906,24.2,0,1,314.9,93,1007.2
1989082912,28.1,0,3.8,201.3,61.5,1006
1989082918,24.8,21.5,5.2,163.4,88.5,1003.1
1989083000,24,7.8,4,211.8,88,998.5
1989083006,25.4,0,4.1,231.8,72.5,996.8
1989083012,28,0,5.2,270,56,996.1
1989083018,24.2,0,1.6,313.2,68.5,1000.9
1989083100,19.7,0,1.4,305,86.5,1004.5
1989083106,22.7,0,1.9,260,83,1006.7
1989083112,30.7,0,3.2,276.6,41.5,1006.5
1989083118,26.7,0,1.6,290.4,69,1007.2
1989090100,23.2,0.4,1.3,299.6,87.5,1008
1989090106,21.9,1.2,1,350,86,1007.2
1989090112,23.1,5.4,1,22,88,1004.7
1989090118,22.8,0,0.8,63.3,89.5,1003.4
1989090200,20.4,0,0.9,310,93,1004.2
1989090206,22.3,0,1,279,89,1003.8
1989090212,27.6,0,1.8,240.6,55.5,1002.8
1989090218,24,0,1,348.1,81,1001.9
1989090300,19.7,0,2,16.7,77.5,1001.4
1989090306,21.4,0,1.5,0.9,68,1001.5
1989090312,25.9,0,2.8,73.9,49.5,1000.8
1989090318,22,0,1.5,16.2,68,1002.4
1989090400,17.9,0,0.5,322.3,88.5,1004.3
1989090406,20.9,0,1.1,57,84,1005.5
1989090412,27,0,3,153.4,48.5,1005.5
1989090418,23.5,0,1.6,120.8,73,1006.6
1989090500,20.8,0,0.9,354,88.5,1008.1
1989090506,22,0,1.4,20,79.5,1008.3
1989090512,25.2,0,2,70,65,1007.9
1989090518,22.4,0,0.8,19.3,81.5,1008.8
1989090600,20.9,0,0.5,18,89,1009.9
1989090606,22.6,0,1.9,86.3,84,1011.5
1989090612,25.6,0,4,80,67,1012.3
1989090618,22.8,0,1.9,38.2,77.5,1013.2
1989090700,21,0,1.6,336.6,88.5,1014
1989090706,23.4,0,3.5,29.9,84.5,1014.5
1989090712,24.7,0.5,3.8,56.6,78,1014.3
1989090718,22.2,1,2.5,6.8,91,1015.1
1989090800,21.1,0,1.7,13.4,93,1015
1989090806,22.5,1,2.3,20,87.5,1015
1989090812,23.7,0.8,2.2,29.9,85.5,1014.3
1989090818,21.7,6.8,1.5,306.2,93,1012.9
1989090900,20.1,13,2.1,6.6,93,1012.5
1989090906,20.3,4.8,1.4,19.9,93,1012.3
1989090912,21.4,4.6,1.4,353.4,93,1011.9
1989090918,20.1,14.1,1.5,325.8,93.5,1011.8
1989091000,19.8,7.1,1.2,314.7,94,1011.8
1989091006,20.7,0.4,1.1,325,94,1012.1
1989091012,22.7,5.9,1.2,122,91,1011.1
1989091018,21.8,9.3,1.3,321.2,91.5,1010.1
1989091100,20.6,6,0.7,313,93.5,1009.2
1989091106,20.9,25.8,0.9,346.6,94,1007.5
1989091112,22,0,1.1,130.3,91,1006.8
1989091118,21.8,0,0.6,280.3,89.5,1006.2
1989091200,21.2,0,0.5,174.5,92,1005.6
1989091206,23.3,0,1.1,320.8,87,1005.5
1989091212,23.9,2.5,1,93.4,77,1005.8
1989091218,20.9,11.7,0.8,42,93.5,1007.2
1989091300,20.4,13.4,2.3,56.6,93,1007.4
1989091306,20.7,1.5,3.5,51.8,89.5,1008.8
1989091312,21,6.8,2.7,31.6,91.5,1010.3
1989091318,19.9,17.8,2,0,92,1011.8
1989091400,19.7,3.5,1.4,343.1,93.5,1013.1
1989091406,19.5,0,1.1,346.5,93.5,1013.7
1989091412,21.9,0,1.5,44.2,83,1013.7
1989091418,20.9,0,1.6,1.6,88,1014.5
1989091500,20.2,0.5,0.9,314.2,91.5,1014.4
1989091506,20.7,22.3,1.1,326.2,93,1015
1989091512,22.8,8,1.5,29.4,91.5,1016.2
1989091518,21.7,0.5,1.3,337,91.5,1017.2
1989091600,21,0,1.7,348,92,1018.2
1989091606,21.3,0,1.7,35,92,1020.2
1989091612,23,0.3,2.6,69.1,83.5,1019.5
1989091618,22.1,0.1,1.5,73.4,85.5,1018.8
1989091700,21,0,1.1,296.6,90.5,1016.4
1989091706,21.7,0,0.7,300.3,91.5,1013.8
1989091712,26.1,0.5,4,205.6,85.5,1008.8
1989091718,24.1,4.6,3.2,215,90.5,1007
1989091800,23,0,1.6,62.1,91.5,1007.9
1989091806,21.5,0.2,1.4,28.7,90,1009.3
1989091812,22,0,2,38.4,83.5,1011.2
1989091818,20.7,0,1.2,350,85.5,1011.6
1989091900,19.7,0,0.6,205,92,1010
1989091906,19.9,0,0.4,323,93,1008.9
1989091912,25.1,0,2.4,21.6,71,1006.7
1989091918,21.4,0,1.7,346.2,68.5,1006.7
1989092000,15.2,0,1.9,22.1,66,1011
1989092006,17.1,0,2.1,358.4,68.5,1015.1
1989092012,22.7,0,3.7,90,53.5,1015.3
1989092018,19.4,0,1.1,14.8,72.5,1015.8
1989092100,17.3,0,0.8,298.1,86.5,1016.1
1989092106,18.6,0,1.2,334.7,87,1015.3
1989092112,21.6,0.1,2.6,80.2,69,1014.8
1989092118,19.4,4.8,2.2,59.8,88.5,1013.2
1989092200,17,4.5,3,25,90.5,1011.8
1989092206,17.5,0.4,2.6,356.7,93,1013.1
1989092212,21.1,0,3.3,28.1,76.5,1014.5
1989092218,18.5,0,2.1,358,70.5,1016.3
1989092300,14.7,0,0.2,0,89,1018.6
1989092306,18.1,0,1,113.1,85.5,1020.2
1989092312,24.4,0,3,106.7,52,1019.8
1989092318,19.4,0,1,293.5,71.5,1019.6
1989092400,15.5,0,0.7,310.9,88.5,1018.7
1989092406,17.6,0,0.5,295.5,86.5,1017.7
1989092412,25.4,0,2.8,177.3,57,1014.8
1989092418,21.2,0,1.8,276.1,65,1013.8
1989092500,18.6,0,0.5,6.8,83,1013.1
1989092506,20.5,0,0.7,338.7,82,1013.2
1989092512,26,0,2.8,345.1,57.5,1012.6
1989092518,19.8,0,2.3,339.8,42,1013.9
1989092600,14.6,0,0.4,334.8,77,1017
1989092606,17.6,0,1.1,270,79.5,1017.7
1989092612,23.8,0,2.8,156.7,51.5,1016.7
1989092618,20.4,0,1.1,330.4,64.5,1016.2
1989092700,18.3,0,0.6,340,81.5,1014.4
1989092706,19.8,0,1.5,281.1,79.5,1012.2
1989092712,25.8,0,3.9,253.4,73.5,1007.5
1989092718,25.1,0,2.4,249.1,75,1005.6
1989092800,20.1,0,3.8,353.1,66.5,1008.8
1989092806,19.1,0,1.1,338.1,64,1012.5
1989092812,23,0,2.1,321.8,47,1012.4
1989092818,19,0,0.7,302,65.5,1013.9
1989092900,15.1,0,1.4,332.8,78.5,1016.9
1989092906,17.9,0,2.7,1.1,70.5,1019.2
1989092912,22,0,4,73.3,49,1019
1989092918,17.8,0,1.5,9.6,72.5,1019.3
1989093000,14.5,0,0.4,342.4,86,1019.3
1989093006,17.1,0,0.7,305,84,1018.8
1989093012,24,0,3,166.5,45,1015.9
1989093018,19.4,0,1.6,43.6,56.5,1015.1
1989100100,14.1,0,0.8,321.1,70,1016
1989100106,16.7,0,1.3,309.8,72.5,1016.8
1989100112,23,0,4.4,96.9,48,1015.8
1989100118,18.3,0,1.9,29.6,71,1017.5
1989100200,15.5,0,1.6,0,86,1019.1
1989100206,17.7,0,3,29.6,76.5,1020.1
1989100212,20.3,0,4.9,35,58,1019.8
1989100218,16.8,0,3.1,10,77,1021
1989100300,15.8,2,2.9,11.1,85.5,1021.4
1989100306,17.8,0,4.1,44.5,73.5,1021.7
1989100312,18.6,0,3.9,43.4,68,1021.7
1989100318,16.6,0,3,26.6,62,1021.4
1989100400,13.8,0,1.6,356.3,78.5,1021.2
1989100406,16,0,2.3,323.1,75.5,1021
1989100412,20.1,0,4.1,83.6,52.5,1019.8
1989100418,15.8,0,1.3,30,67,1018.8
1989100500,12.4,0,0.3,350,87,1018.3
1989100506,13.8,0,0.5,283.4,88.5,1017.5
1989100512,20.7,0,1.3,76.3,52.5,1015.8
1989100518,17.1,0,1.1,325.4,63.5,1015.9
1989100600,13.8,0,0.9,296.6,78.5,1015.8
1989100606,16.7,0,1.2,299.5,79,1015.8
1989100612,23,0,2.4,15,35,1014.9
1989100618,17.4,0,1.1,6.6,57,1015.2
1989100700,13.9,0,1.7,18.2,54.5,1015.8
1989100706,14.3,0,3.1,10,56.5,1015.5
1989100712,20.2,0,3.3,333.4,34.5,1013.3
1989100718,13.8,0,2.8,357,44,1013.2
1989100800,9.9,0,2.9,356.6,58,1014.6
1989100806,12.2,0,3.5,13.6,64.5,1017.2
1989100812,19,0,2.9,38.7,44,1018.2
1989100818,13.5,0,1.1,310,66.5,1019.4
1989100900,8.7,0,0.5,318.8,81,1021.8
1989100906,11.8,0,0.9,258.4,71,1023
1989100912,21.6,0,2.7,253.4,36,1022.3
1989100918,14.8,0,1.2,280.2,55.5,1021.8
1989101000,9.9,0,0.8,300,83.5,1022
1989101006,11.3,0,0.5,322,86,1021.5
1989101012,18.3,0,0.7,232.5,66,1019
1989101018,16.4,0,0.6,315.2,75.5,1018.7
1989101100,14.3,0,0.6,310.9,85.5,1018.3
1989101106,16.8,0,1.1,99.7,81,1018
1989101112,22,0,2.4,111.6,57,1016.3
1989101118,17.9,0.2,1,0,74.5,1016.8
1989101200,13.8,0,0.5,312.8,89,1017.4
1989101206,15.1,0,0.6,215,89,1018.2
1989101212,22,14.9,2.8,217.6,57,1015.3
1989101218,16.4,0,1.8,30.2,82.5,1015.1
1989101300,13.5,0,2.7,356.6,75.5,1016.5
1989101306,15.3,0,3.1,12.8,69.5,1018.5
1989101312,21.8,0,3.3,40.4,46,1019
1989101318,16.7,0,1.8,340.8,68,1020.5
1989101400,12,0,0.7,257,86,1022
1989101406,14.5,0,1.4,287.7,84.5,1022.8
1989101412,21.6,0,3.2,69.1,43.5,1021.4
1989101418,15.8,0,1.3,315.3,70.5,1020.3
1989101500,11.6,0,1.1,295.3,86.5,1020
1989101506,12.8,0,0.8,215,87,1019
1989101512,20.3,0,1.7,235.7,55.5,1016.1
1989101518,17.2,0,0.9,312.8,59,1014.5
1989101600,15.3,0,0.5,344.8,78,1012.6
1989101606,17.2,0,2.6,243.4,75,1009.4
1989101612,16.3,0,4.8,337.2,58,1007.2
1989101618,10.5,0,3.6,353.2,45,1012.2
1989101700,6.8,0,3.9,346.6,50.5,1016.8
1989101706,7.6,0,2.8,4.5,49,1019.2
1989101712,14.6,0,2.8,346.5,29,1018.2
1989101718,8.6,0,1.8,348.4,34.5,1019.3
1989101800,4.1,0,1.4,322.9,64.5,1022.2
1989101806,7,0,1.7,265.2,62.5,1023.1
1989101812,17.8,0,2.3,232.8,29,1020.7
1989101818,12.9,0,1.1,0,43,1019.6
1989101900,10.6,0,1.5,325,62,1019.8
1989101906,11.1,0,0.8,346.1,65,1018.2
1989101912,16,0,1.9,1.3,52.5,1016.3
1989101918,12.3,0,1.7,27.1,60,1017.3
1989102000,10.4,0,2.9,351.6,68.5,1019.8
1989102006,12.4,0,1.2,18.5,69.5,1022.2
1989102012,19.8,0,2.3,98.9,42.5,1021.8
1989102018,14.6,0,1,327.7,68,1023.1
1989102100,10.9,0,0.7,310.9,83,1023.4
1989102106,12.8,0,0.8,222.6,83,1023.8
1989102112,20.9,0,2.3,152.4,39.5,1021.7
1989102118,14.5,0,1,280.3,62.5,1021.3
1989102200,9.8,0,1.1,299.9,85,1021.1
1989102206,13,0,1.7,309.3,70,1020.7
1989102212,23.1,0,2.2,213.3,29.5,1017.3
1989102218,16.1,0,1,350,46,1016.1
1989102300,11.1,0,1.2,264.7,72,1016.4
1989102306,14.9,0,3.1,21.6,67.5,1017.4
1989102312,19.5,0,3.9,66.6,46.5,1017.9
1989102318,14.6,0,0.8,4.6,66,1019.8
1989102400,9.6,0,0.6,288.2,87,1020.3
1989102406,11.3,0,0.7,260,86,1021.1
1989102412,21.9,0,2.4,162,37.5,1019.3
1989102418,15.3,0,0.3,315,69,1018.8
1989102500,9.6,0,0.7,299.1,87.5,1019.3
1989102506,11.1,0,0.6,282.8,82,1019.4
1989102512,23.4,0,2.9,160.7,42.5,1017.1
1989102518,15.8,0,0.8,292.6,66.5,1016.8
1989102600,10.8,0,0.4,333.2,85,1017.5
1989102606,13,0,1,280.3,80.5,1019.4
1989102612,25,0,2.7,340.8,35,1018.5
1989102618,16.6,0,0.6,329.7,49,1018.7
1989102700,10.6,0,1,293.1,78,1019.7
1989102706,13.1,0,0.6,41.3,80.5,1019.8
1989102712,21.8,0,3.2,111.6,48.5,1018.2
1989102718,18.3,0,1.2,325.1,71.5,1016.2
1989102800,16.4,0,1.2,314.7,83.5,1014.5
1989102806,17,0,1,218.4,85,1013.8
1989102812,22.9,0,3.7,31.2,41.5,1012.1
1989102818,15.9,0,2.8,7.9,63.5,1014.5
1989102900,11.9,0,1,336.2,77.5,1017
1989102906,13.3,0,0.9,225,82,1018.8
1989102912,19.7,0,3.4,109.7,38.5,1019.2
1989102918,13.7,0,1,290,58,1019.9
1989103000,8.9,0,0.2,322,84,1019.7
1989103006,11.1,0,0.7,261.8,82.5,1019.7
1989103012,20.4,0,3.4,180,44.5,1016.3
1989103018,16.8,0,2,253.1,63.5,1014.5
1989103100,14.2,0,0.3,322.4,73,1013.5
1989103106,15.4,2.9,1.5,248.3,80.5,1008.5
1989103112,20.6,0,5.3,274.3,44,1002.8
1989103118,16.1,0.1,3.5,316.8,49,1004
1989110100,13.5,0,2.9,343.3,59,1007.7
1989110106,13.7,0,2.8,2.8,62.5,1012.5
1989110112,16.5,0,3.3,28.1,46,1015.4
1989110118,10.5,0,1.9,307.5,63.5,1019.5
1989110200,5.9,0,0.6,310.4,80,1021.4
1989110206,8,0,0.8,256,82,1023.2
1989110212,19.3,0,2.8,180,33,1022
1989110218,11.6,0,0.8,270.8,54.5,1022.6
1989110300,7.8,0,0.1,350,81.5,1022.3
1989110306,10.6,0,0.6,305,80,1022
1989110312,18.8,0,1.2,356.4,44.5,1020.6
1989110318,15.9,0,1.2,316.3,58.5,1021.7
1989110400,14.2,0.5,0.5,5.3,77,1022.1
1989110406,14.2,0.2,0.6,308.1,88.5,1022.3
1989110412,16.1,2.6,1.2,356.6,89,1021.8
1989110418,15.8,1.7,0.7,330.8,89,1020.8
1989110500,15.2,0,0.2,5,89,1019.7
1989110506,17.3,0,1.6,174.1,88,1018.3
1989110512,20.1,0.5,3.5,201.6,76,1016.6
1989110518,19,3.7,1,329.4,84,1016.4
1989110600,18.8,8.4,1.3,154.9,89,1016.2
1989110606,14.8,26.7,1.7,18.4,88.5,1017.3
1989110612,15,17,1.1,1.4,88,1017.5
1989110618,14.1,0.2,1.2,19.7,87.5,1018.7
1989110700,13.4,0,1.2,340.5,85,1020.5
1989110706,14.1,0,1.1,309.8,83,1022.9
1989110712,15.9,0.2,2.5,76.8,78,1023.2
1989110718,14.7,0,1.6,50.3,80.5,1023.4
1989110800,14.2,0.1,1.2,313.4,84.5,1021.7
1989110806,14.1,4.4,1,343.7,88,1020.4
1989110812,15.2,7.7,1.1,26.2,87,1018
1989110818,14.3,1.7,0.6,349.8,86,1017.9
1989110900,13.1,0.8,1.2,2.8,85.5,1017.8
1989110906,13.7,0,4.1,13.4,71,1019.2
1989110912,16.3,0,3.2,48.4,57.5,1020.5
1989110918,12,0,1.5,310.6,74,1022
1989111000,8.7,0,0.6,335.5,87,1022
1989111006,10.6,0,1.7,305,87,1022.3
1989111012,15.6,0,3.8,356.6,28.5,1021.6
1989111018,9.4,0,2,355.5,47,1024
1989111100,5.7,0,1.1,335.5,69,1025.2
1989111106,8,0,1.3,275.7,69,1025.7
1989111112,16.2,0,2.2,286.6,36,1024
1989111118,10.6,0,1.6,357.2,52.5,1024.8
1989111200,8.1,0,0.9,287.2,72,1025.5
1989111206,9.3,0,0.6,75.3,65.5,1025.4
1989111212,14.9,0,1.3,10,54,1023
1989111218,12.5,0.8,0.9,23.6,75.5,1022.7
1989111300,10.4,1.7,1.2,6,83,1021.2
1989111306,10.5,0.6,2.2,4.4,77.5,1021.2
1989111312,13.7,0,4,340,40,1020.9
1989111318,7.6,0,2.5,11.5,35.5,1023
1989111400,5.7,0,3.8,13.4,39.5,1025.1
1989111406,6.8,0,3,357,61.5,1026.3
1989111412,8.3,3.6,2.6,43.3,77.5,1026.6
1989111418,6.6,2.5,3.6,11.2,82.5,1028.1
1989111500,5.5,4.8,2.4,348.4,83.5,1028.2
1989111506,6.7,0,1.4,309.8,81,1028.4
1989111512,11.2,0,3.2,80,45.5,1027.4
1989111518,6.7,0,1.1,344.2,58.5,1027.5
1989111600,4.1,0,0.5,340,79.5,1026.2
1989111606,5.8,0,0.8,273.3,78.5,1026.2
1989111612,13.2,0,1.6,70.8,37.5,1023.8
1989111618,8.1,0,0.8,274.8,60.5,1023.2
1989111700,4.6,0,0.6,296.2,80.5,1023
1989111706,6.6,0,1.1,356.7,69.5,1022.3
1989111712,14.1,0,2.8,53.3,31.5,1020
1989111718,7.8,0,0.7,323.1,45.5,1020
1989111800,3.1,0,0.4,289.8,78.5,1018.5
1989111806,7.8,0,3.3,299.9,60.5,1016.4
1989111812,9.5,0,6.4,314.5,31,1013.9
1989111818,2.9,0,4,330,37.5,1018.1
1989111900,1.3,0,4.4,315.1,43.5,1020.7
1989111906,2,0,7.2,326.6,40.5,1022.2
1989111912,6.7,0,6.2,336.7,27,1023.1
1989111918,2.8,0,1.6,329.8,28,1024.8
1989112000,3.5,0,4.6,0.9,44,1026.2
1989112006,6.4,0,3.4,3.3,46.5,1026.8
1989112012,12.2,0,3.3,342.6,32.5,1026.8
1989112018,6,0,1.1,311.9,41,1028.3
1989112100,1.9,0,2,295.3,71.5,1029.2
1989112106,4.9,0,1.2,261.6,67,1029.2
1989112112,14.2,0,2.5,250.1,29.5,1027.4
1989112118,7.4,0,0.8,298.7,55.5,1026.9
1989112200,2.7,0,0,0,79,1026.7
1989112206,5.1,0,0.5,289,81.5,1026.2
1989112212,14.6,0,1.5,303.4,41,1023.7
1989112218,8.4,0,0.6,320.5,66.5,1023.7
1989112300,4.1,0,1.5,301.6,85,1024.3
1989112306,8,0,3.1,11.2,62,1024.8
1989112312,15.1,0,3.4,350,29,1023.6
1989112318,10,0,2.6,357.2,42.5,1024.3
1989112400,5.8,0,0.7,306.6,64.5,1025.8
1989112406,5.4,0,1.4,278.7,77,1026.9
1989112412,14.9,0,1.1,113.6,32.5,1025.5
1989112418,8.8,0,0.8,296.6,43,1025.9
1989112500,4.9,0,1.2,350,56.5,1026.4
1989112506,8.3,0,3.6,356.6,48.5,1027.2
1989112512,14.6,0,2.7,22.4,23,1026.4
1989112518,7.1,0,0.5,320.2,46,1026.8
1989112600,1.2,0,1,291.3,69.5,1027.2
1989112606,3.2,0,0.9,277.8,70,1027.1
1989112612,14.6,0,1.9,261.8,26.5,1024.2
1989112618,7.4,0,1.2,327.7,39,1024.1
1989112700,3.2,0,0.4,316.2,69,1023
1989112706,6.3,0,0.8,263,75,1019.8
1989112712,13.7,0,5.8,287,45.5,1015.6
1989112718,9.2,0,2.8,328.9,53,1015.9
1989112800,5.8,0,2.3,328.5,50.5,1017.2
1989112806,4.6,0,3.3,318.5,52,1018.3
1989112812,7,0,5.3,326.6,37,1018
1989112818,2.1,0,2.1,333.4,35.5,1021
1989112900,-0.1,0,2.2,321.1,55,1021.3
1989112906,0.4,0,4.1,335.7,47.5,1022.3
1989112912,4.6,0,4.2,350,30,1022.4
1989112918,1.2,0,2.2,19.8,41,1023.7
1989113000,-1.9,0,2.6,329.8,55,1024.7
1989113006,0.2,0,5.5,328.8,46.5,1025.4
1989113012,6.4,0,4,336.6,28,1024.8
1989113018,2.5,0,3.1,349.8,28.5,1026
1989120100,0.8,0,3.4,3.4,41.5,1027.3
1989120106,2.5,0,2.5,7.6,46.5,1027.8
1989120112,10.7,0,2.5,112.1,25.5,1025.2
1989120118,4.6,0,1,333.9,43,1024.2
1989120200,0.9,0,1,318.1,62.5,1022.8
1989120206,3.8,0,0.7,242.6,73.5,1021.1
1989120212,12.6,0,4.4,280,43,1018.8
1989120218,7.9,0,0.6,345.3,55,1018.7
1989120300,4.1,0,0.6,9.7,77.5,1017.5
1989120306,4.7,0,0.4,354.5,87,1017.1
1989120312,16.1,0,3.6,256.8,35.5,1013.9
1989120318,12.7,0,4,229,57,1012.9
1989120400,12.2,0,4.1,260,51,1011.8
1989120406,13.6,0,3,259.7,55,1011.9
1989120412,19.4,0,3.5,342.7,31.5,1011.9
1989120418,12,0,2.3,5.4,31,1014.6
1989120500,3.8,0,1.4,286.1,56,1016.1
1989120506,4.5,0,1.5,271.9,62,1016.1
1989120512,16,0,2.2,153.7,34.5,1014.3
1989120518,9.6,0,1.3,98.6,26.5,1015.4
1989120600,5.7,0,1.3,342.4,37.5,1017.2
1989120606,5.4,0,0.5,284.1,54,1017.5
1989120612,13.9,0,2.2,170.2,48.5,1015.7
1989120618,8.3,0,0.7,317.9,79,1015.4
1989120700,4.9,0,0.5,284.7,88.5,1013
1989120706,4.5,0,0.6,293.2,78,1011.5
1989120712,9.2,0,2.8,353.5,54,1009.7
1989120718,5.2,0,4.8,346.6,58.5,1011
1989120800,1.7,0,3.4,30.4,46,1014
1989120806,1.5,0,6.7,336.7,39,1015.8
1989120812,5.6,0,6.6,333.4,26,1017.2
1989120818,2.6,0,6.6,326.6,22.5,1019.6
1989120900,2.1,0,4.7,332.3,36,1021.2
1989120906,4,0,3.9,346.6,45.5,1023
1989120912,9.8,0,4.5,333.4,30.5,1024.2
1989120918,5.2,0,1.6,355.6,33,1026.2
1989121000,-0.4,0,1.4,278.7,63.5,1028.2
1989121006,1.2,0,0.7,259.3,69,1028.9
1989121012,12.8,0,2.1,102.1,28.5,1026.6
1989121018,6.3,0,1.3,305,42.5,1027.4
1989121100,2.1,0,0.2,353.4,69,1027.1
1989121106,3.2,0,0.5,22,79,1027.1
1989121112,12.9,0,1.9,307,53,1025.8
1989121118,10.9,0,3,15,59,1026.2
1989121200,6.7,0,1.8,0,68.5,1026.6
1989121206,6.4,0,2.8,8.5,68,1028.1
1989121212,11.9,0,3.6,23.2,26.5,1028.4
1989121218,7.2,0.4,2.3,16.5,82,1030.6
1989121300,6.4,1.5,2.3,3.4,88.5,1030.3
1989121306,6.7,1.7,1.3,327.6,88.5,1028.5
1989121312,8.4,0.4,1.5,343.3,82.5,1024.7
1989121318,4.7,6.7,3.1,357.3,87,1022.7
1989121400,3.1,2.1,2.5,344.4,68,1019.1
1989121406,3.2,0,3.2,350.2,62.5,1018.8
1989121412,4.3,0,7.1,333.4,37.5,1018.8
1989121418,1.3,0,2.9,11.5,41,1021.9
1989121500,-0.6,0,1.2,20,56,1024.9
1989121506,0.4,0,1.1,22,58.5,1025.9
1989121512,9.9,0,2,344.6,27,1022.8
1989121518,5.1,0,2.8,14.6,27,1022
1989121600,3.9,0,2.2,350,43,1021.7
1989121606,5.8,0,3.4,28.1,50.5,1022.2
1989121612,11.2,0,2.8,6.8,39,1021.5
1989121618,5.9,0,0.9,358.8,59.5,1022.5
1989121700,2,0,0.3,340.3,81.5,1023.3
1989121706,2.5,0,0.8,287.5,84,1024.1
1989121712,11.4,0,2.4,45,49,1024.2
1989121718,6.6,0,1,260.6,55.5,1026.9
1989121800,2.2,0,0.8,300.2,81.5,1029.1
1989121806,3.5,0,1.6,315.9,76.5,1030.7
1989121812,10.7,0,3.6,31.8,37,1030.7
1989121818,6.8,5,3.4,24.9,78,1032.2
1989121900,5.6,6,3.7,40.1,82,1033.3
1989121906,5.4,1,2.9,21.6,83,1033.9
1989121912,7.3,0,2,55.3,71,1032.7
1989121918,6.1,0,0.8,358,77.5,1030.8
1989122000,4.6,0,0.3,0.2,84.5,1028.6
1989122006,3.5,0,0.8,314.3,90,1026.4
1989122012,10,0,2.8,43.8,47,1024.8
1989122018,7.6,0,1.7,42.6,48,1025.3
1989122100,5.3,0,1.9,21.6,58.5,1025.3
1989122106,5.1,0,3,12.8,70.5,1026.2
1989122112,9.3,0,3,11.5,45.5,1024.6
1989122118,4.7,0,1.1,30.2,57,1024.6
1989122200,2.5,0,0.8,348.2,72,1024.3
1989122206,3.1,0,2.7,6.6,68.5,1023
1989122212,9.2,0,1.8,49.8,42,1020.4
1989122218,5.2,0,1.1,341.1,62.5,1019.7
1989122300,2.1,0,0.7,307.7,73.5,1018.9
1989122306,5.4,4.5,3.7,3.3,84,1017.8
1989122312,8.2,10.2,4.2,60,87.5,1017.2
1989122318,8.6,20.1,5.1,80,85.5,1016
1989122400,6.1,7.4,3.6,322.8,77.5,1014.3
1989122406,4,0.1,3.6,340,77,1015.2
1989122412,5.3,0.5,4.2,346.6,78.5,1016.2
1989122418,5.5,0.1,2.7,356.7,79,1019.2
1989122500,4.7,0,1.8,359.5,77,1019.9
1989122506,4.9,0,1.4,312.4,81,1019.8
1989122512,9.7,0,3.3,31.8,56.5,1018.1
1989122518,6.2,0,2.3,24.9,60,1018.2
1989122600,3.6,0,2.2,6,57.5,1017.8
1989122606,3.6,0,3.8,346.5,60,1017.5
1989122612,3.4,0,5.2,340,23.5,1018.7
1989122618,-0.3,0,5.5,343.3,27,1020.9
1989122700,-1.8,0,5,353.2,41,1021.6
1989122706,-1.3,0,5.7,340,50,1022.5
1989122712,2.7,0,5,356.7,30,1021.9
1989122718,-1.5,0,4.3,350,27.5,1023.2
1989122800,-2,0,3.7,10,37,1022.9
1989122806,0.4,0,3.2,336.6,48.5,1022.5
1989122812,5.5,0,2.6,10.2,35,1020.4
1989122818,3,0,1.5,6.6,39,1019.3
1989122900,3.3,0,3.1,6.6,49,1017.9
1989122906,3.1,0,2.2,37.1,57.5,1017.2
1989122912,7.8,0,3.5,296.6,41,1015.8
1989122918,4.3,0,2.5,3.4,51,1016.4
1989123000,0.5,0,4.1,353.2,53,1017.5
1989123006,0.1,0,4.5,343.4,48.5,1018.1
1989123012,3.7,0,5,340,30,1017.5
1989123018,-0.6,0,4.1,340,30,1019.6
1989123100,-2.5,0,3.2,343.3,34.5,1021.3
1989123106,-1.3,0,3.1,17.7,38.5,1022.1
1989123112,4.1,0,5.2,340,30,1021.2
1989123118,0.8,0,3.7,340,38,1022.1
1990010100,-2.1,0,1.5,354.9,46,1022.3
1990010106,-0.4,0,1,308.7,56,1022.2
1990010112,6.1,0,3,61.3,44.5,1020.2
1990010118,1.5,0,1.5,40.1,58.5,1021.3
1990010200,-0.4,0,2.5,357.1,78,1021.6
1990010206,0.8,0,4,353.4,59.5,1022.3
1990010212,5,0,3.9,343.4,38,1021
1990010218,0.8,0,3.1,11.7,46.5,1021.5
1990010300,-2.4,0,4.1,353.2,54,1022
1990010306,-1.6,0,5.5,350,53.5,1021.6
1990010312,2.4,0,7.2,333.4,31.5,1020.1
1990010318,-1.2,0,3.9,0,33,1022.8
1990010400,-4.1,0,2.1,23.2,49,1024.2
1990010406,-3.2,0,1.8,76.6,52.5,1024.9
1990010412,5.6,0,3.4,353.7,20.5,1023.1
1990010418,0.8,0,2.1,346.6,24,1023.5
1990010500,-1.3,0,2.5,350,54,1024.5
1990010506,-0.2,0,0.9,274.5,71.5,1024.2
1990010512,8.3,0,3.5,246.6,43.5,1021.6
1990010518,6.4,0,2.2,210.3,53.5,1019.6
1990010600,4.7,0,2.8,28.4,71.5,1017.9
1990010606,1.7,0,6.5,336.6,46.5,1021.2
1990010612,4.5,0,5.7,333.4,23,1023.1
1990010618,0.5,0,2.5,38.4,28.5,1026.4
1990010700,-3,0,1.8,32.8,44.5,1029.9
1990010706,-2.2,0,1.2,318.9,51.5,1031.3
1990010712,7,0,1.6,170,31,1030.8
1990010718,1.9,0,0.8,292.4,61.5,1031.8
1990010800,-1.6,0,0.3,335.9,81,1031.9
1990010806,-1.3,0,0.4,344.3,85.5,1031.9
1990010812,9.1,0,1.2,126,55,1029.2
1990010818,7.8,0,0.6,274.7,72,1027.4
1990010900,4.6,0,0.6,304.2,85,1026.5
1990010906,4.9,0,0.6,294.5,86,1024.3
1990010912,12.1,0,0.5,53,66,1021.2
1990010918,11.2,0,0.8,320.8,83.5,1017.3
1990011000,9.8,3.6,0.6,317.2,90,1011.2
1990011006,11.8,0.9,3.3,288.5,75,1005
1990011012,11.6,0,4.6,8.9,44,1010
1990011018,5.4,0,2.5,14.7,63,1019.5
1990011100,2.3,0,0.5,319.4,79,1023.3
1990011106,3,0,0.8,281.2,80.5,1024.9
1990011112,10.4,0,2,178.9,48,1023
1990011118,7.7,0,1.1,271.3,68.5,1022.1
1990011200,6.1,0,1.7,336.8,78,1020.4
1990011206,5.2,0,2.6,15.8,71,1019.4
1990011212,8.3,0,3.8,356.7,42.5,1017.7
1990011218,3.4,0,4.6,353.4,44,1018.3
1990011300,0.3,0,4.9,343.3,44,1020.2
1990011306,-0.9,0,4.2,353.2,45,1021.7
1990011312,4.2,0,3.3,338.7,26.5,1021.5
1990011318,0,0,2.3,19.7,22.5,1022.8
1990011400,-3.9,0,2.5,31.6,33,1022.7
1990011406,-2.1,0,4.1,353.4,35.5,1024
1990011412,3.9,0,4.8,353.4,30,1023.8
1990011418,0.1,0,1.4,355.1,38,1024.5
1990011500,-3.1,0,1.1,340,67,1025.1
1990011506,-1,0,2,19.8,69.5,1023.7
1990011512,2.5,0,2.9,43.4,36,1021.8
1990011518,1.5,0,2,351.6,38,1021
1990011600,-0.1,0,1.3,10.1,46.5,1019.5
1990011606,-1.5,0,1.8,38,52.5,1017.8
1990011612,5,0,4.3,353.4,24,1017.8
1990011618,1.7,0,2.7,4.4,26.5,1019.5
1990011700,-1.2,0,1.8,39.3,46,1021
1990011706,0,0,1.4,62.9,57,1022.6
1990011712,7.8,0,2.4,164.5,30,1020.5
1990011718,4.2,0,2.3,271.9,33.5,1020.1
1990011800,4.2,0,1,21,46,1018.3
1990011806,8.4,0,3.3,310.9,61.5,1016
1990011812,11.2,0,5.1,322.4,57.5,1013.9
1990011818,6.4,0,3,23.7,43.5,1017.9
1990011900,3.1,0,2.6,15,44.5,1019.1
1990011906,2.1,0,2.3,21.6,42,1020.2
1990011912,4.8,0,5.5,0,24,1021.7
1990011918,0.9,0,3,350.2,19.5,1025.9
1990012000,-4.4,0,3.2,2.9,28.5,1028.5
1990012006,-5,0,2.3,26.6,43.5,1029.9
1990012012,1.3,0,4.5,340,22,1028.6
1990012018,-2.9,0,2.2,15.8,22,1028.5
1990012100,-4.6,0,3.3,28.5,34.5,1029.3
1990012106,-3.8,0,2.1,28.5,44.5,1029.8
1990012112,4.1,0,2.4,143,21.5,1027.6
1990012118,-0.2,0,0.8,267.2,34,1026.8
1990012200,-3.8,0,0.4,298.8,56,1025.2
1990012206,-1,0,3.1,21.2,63.5,1022.8
1990012212,1.6,0,7.6,336.6,32.5,1022.8
1990012218,-4.8,0,4.3,340,23,1026.1
1990012300,-8.1,0,5.8,346.6,31.5,1026.7
1990012306,-7.4,0,6.6,353.5,36.5,1025.6
1990012312,-3.3,0,6.1,336.6,23.5,1023.6
1990012318,-6.3,0,1.4,326.2,27,1023.8
1990012400,-8.3,0,1.5,284.1,47.5,1022.2
1990012406,-7.3,0,5.6,326.6,41.5,1022.7
1990012412,-4.8,0,6.9,333.4,25.5,1023.9
1990012418,-7.5,0,2.9,358,25,1027.4
1990012500,-9.3,0,4.4,335.7,31.5,1030.1
1990012506,-8.3,0,3.5,21.6,43.5,1031.7
1990012512,-2.4,0,5.2,343.3,22.5,1031.4
1990012518,-6.3,0,2.3,25.5,19.5,1033
1990012600,-10.1,0,3.5,24.9,33,1034.8
1990012606,-8.6,0,2,32.2,35.5,1035.5
1990012612,-0.6,0,4.1,356.6,20.5,1035.2
1990012618,-3.9,0,2.6,330,21,1034.9
1990012700,-6.5,0,1.7,19.6,30,1035.4
1990012706,-6.5,0,1.4,277.9,49.5,1035.9
1990012712,3.1,0,2.7,83.5,29.5,1035.2
1990012718,-0.8,0,0.7,281.6,42.5,1034.8
1990012800,-5.1,0,0.8,271.3,63.5,1035.4
1990012806,-4,0,0.7,343.9,71,1034.8
1990012812,5.8,0,1.4,170,53,1031.9
1990012818,3.5,4.2,1.4,0,88.5,1029.7
1990012900,3,7,0.2,340.5,91,1023.3
1990012906,5.1,12.5,0.6,225.4,90.5,1018
1990012912,9.9,0,3.8,69.6,72,1018.9
1990012918,6,0,2.5,22.6,76,1022.8
1990013000,4.5,0,2.5,35,74,1025.7
1990013006,3.2,0,3,51.8,78,1026.6
1990013012,3.4,0.6,2.9,35,80,1025.7
1990013018,2.9,4.9,3.2,66.7,88,1024.8
1990013100,2.6,7.5,3.3,70,88,1023.4
1990013106,2.8,7.5,3.7,70,85,1021.9
1990013112,2.9,2.3,2.9,63.4,84.5,1021.1
1990013118,2.1,2,2.9,18.2,87,1020.9
1990020100,1.6,2.9,3.3,20,90,1020.1
1990020106,1.7,7.4,3.9,20,90,1021.6
1990020112,3.3,4.4,4,20,83.5,1023
1990020118,2.1,3,2.7,6.6,81,1027.3
1990020200,0.9,0,1.4,308.7,80,1028.9
1990020206,0.6,0,0.8,328.1,85.5,1030.3
1990020212,7.5,0,1.6,105,61,1028.9
1990020218,5.4,0,0.3,25.3,73,1027.6
1990020300,3.6,0,0.9,35,83,1026
1990020306,2.4,0.1,2,21.6,71.5,1025.6
1990020312,5,0,3.3,24.9,39.5,1024.8
1990020318,3.4,0,2.8,6.6,49.5,1025.4
1990020400,3.5,0.1,3,13.4,69,1025.1
1990020406,4.7,0.1,2.8,41.5,66,1025.3
1990020412,4.9,0,2.4,55.3,59.5,1025.4
1990020418,3.2,0.2,2,353.5,77.5,1026.4
1990020500,1.7,0,1.7,100.5,85,1027.9
1990020506,2.7,0,0.9,292.4,86,1029.6
1990020512,9,0,2.4,106.7,42,1029.6
1990020518,6.1,0,0.9,19.4,56,1030
1990020600,2.9,0,0.5,338.4,75,1029.6
1990020606,3,0,0.6,266.4,83,1029.8
1990020612,10.7,0,2,119.3,56,1028.8
1990020618,6.4,0,1.3,21.6,48,1029
1990020700,2.9,0,0.7,44.5,42,1029.5
1990020706,2.9,0,1.2,263.2,45.5,1029.1
1990020712,9,0,1.5,91.4,45.5,1027.6
1990020718,7,0,1.7,1.8,67.5,1026.9
1990020800,6,0,2,330.3,71.5,1026.5
1990020806,5.2,1.5,1.7,349.8,86,1026.2
1990020812,6.5,2.5,2.6,40.9,82.5,1024.8
1990020818,5.3,4.2,2.7,6.8,86.5,1025.6
1990020900,5.1,1.7,1.8,352.5,87,1026.6
1990020906,5.9,0,0.5,290.5,85,1028.7
1990020912,11.1,0,2.2,148.8,48.5,1029.3
1990020918,8.7,0,1.2,24.9,54,1029.6
1990021000,4.8,0,0.8,296.9,80,1028
1990021006,4.8,0,0.9,275.1,86,1025.2
1990021012,6.8,8.4,0.9,270,90,1019.5
1990021018,7.8,9.4,0.8,315,90,1013.3
1990021100,8.2,0.9,3.9,345.1,79.5,1012.1
1990021106,6,0,4.2,350,62.5,1015.8
1990021112,10.8,0,3.1,335,31.5,1016.3
1990021118,6.7,0,2,15,45,1017.3
1990021200,3,0,0.9,30.2,64,1017.8
1990021206,4.7,0,3.8,346.4,53,1020.7
1990021212,7.7,0,5.2,340,25.5,1021.8
1990021218,3.5,0,2.4,4.5,26.5,1024.2
1990021300,0,0,2.5,65.6,35,1025.9
1990021306,1.1,0,1.9,115,43,1026.8
1990021312,8.1,0,2.4,114.3,35,1026.3
1990021318,5.8,0,1.3,29.9,52.5,1025.2
1990021400,5.4,0,1.4,322.7,62.5,1024.1
1990021406,4.5,2.9,2.5,10.1,86,1024.1
1990021412,7.8,1.6,3.2,31.8,73,1022.1
1990021418,6.6,4.1,2.9,10.1,77.5,1022.5
1990021500,6.4,6.1,2.2,23.2,79.5,1023.5
1990021506,7.4,0,2.3,59.7,70.5,1024.1
1990021512,9.6,0,3.5,73.3,46,1022.8
1990021518,7.2,0,2.5,16.5,57,1022.1
1990021600,5.4,0,2.5,6.6,65,1022.6
1990021606,5.8,0,2.3,10.1,74,1024.7
1990021612,9.1,0,2.8,53.3,56,1025.6
1990021618,5.6,0,1.4,345.2,63,1027.6
1990021700,1.9,0,0.4,349.3,84,1028.4
1990021706,3.4,0,0.7,195.1,87.5,1029.4
1990021712,12.8,0,3,173.6,41.5,1027.8
1990021718,9.6,0,1.2,235,51.5,1028
1990021800,7.2,0,0.7,301.2,72.5,1027.7
1990021806,8,0,1,303.8,78.5,1026.4
1990021812,10.8,1.5,2.5,90.4,70,1026.5
1990021818,10.3,1.5,2.3,113.2,79,1023.8
1990021900,10.5,9.8,1.1,316.2,90,1018.8
1990021906,10.6,3.6,0.8,286.7,90,1015.5
1990021912,12.4,7.8,2.7,348.6,89,1011.7
1990021918,9.5,2.7,2.6,328.1,74.5,1011.8
1990022000,6.5,0,1.6,335.7,70,1015.7
1990022006,5.8,0,1.9,287.7,67,1018.6
1990022012,13.2,0,3.5,356.2,35.5,1018.1
1990022018,8.1,0,2,37.7,40,1020.8
1990022100,3.5,0,2.2,357.1,65,1023.5
1990022106,4.5,0,0.9,280.5,74.5,1025.1
1990022112,11.9,0,3.3,93.3,55,1024.5
1990022118,10.9,0,3.2,90,64.5,1024.6
1990022200,10.6,0,3.4,76.6,69,1023.3
1990022206,10,5.4,3.4,70,79,1022
1990022212,10.2,15,2.8,76.6,83,1019.1
1990022218,9.9,2.2,1.7,18.5,83,1018.1
1990022300,9.8,0,2.6,21.6,80.5,1018.1
1990022306,9.2,6.2,3,13.4,82,1018
1990022312,9,3.2,3.6,20,75.5,1017.3
1990022318,8,0.5,3.9,35,72.5,1018
1990022400,6.8,0,2.8,31.8,64,1020
1990022406,6.5,0,3.6,53.3,66.5,1020.9
1990022412,6.7,0,3,43.4,54.5,1020.8
1990022418,5.5,0,2.3,0,66.5,1021.2
1990022500,4.7,0.2,1,321.4,64.5,1019.3
1990022506,4.2,4.1,1.1,359.9,84.5,1018.5
1990022512,6.8,0.4,2.2,8.1,68,1017.8
1990022518,4.4,0,1.8,13.4,57.5,1018.8
1990022600,0.9,0,0.7,343.9,55.5,1020.2
1990022606,2.1,0,2.5,350,57,1021.4
1990022612,7.7,0,3.5,21.6,54.5,1021.2
1990022618,5.6,0,2.5,6.6,70,1022.8
1990022700,4.6,1.9,2.3,21.6,80.5,1024.4
1990022706,5.4,0.4,2.6,29.6,78,1025.8
1990022712,7,0.2,2.8,69.6,73,1027.4
1990022718,5.4,1,2,8.8,76.5,1028.7
1990022800,4.9,0.3,1.7,16.3,81,1030.2
1990022806,6,0,2.4,64.9,69.5,1029.9
1990022812,7.9,0,3.7,90,51,1028.9
1990022818,7.1,0,2.4,76.6,49,1026.7
1990030100,6.7,0,2.5,14.7,52.5,1024.1
1990030106,7.1,0,3.3,14.7,67,1023.2
1990030112,7.3,1.8,4.2,35,78.5,1021.8
1990030118,5.6,4.2,3.6,35,76.5,1022
1990030200,6,1.6,3.8,18.2,74.5,1021.5
1990030206,7.1,0.7,4.4,46.8,63,1022
1990030212,8.9,0,4.5,50,42.5,1021.5
1990030218,5.8,0,2.6,18.9,49.5,1021.7
1990030300,3.8,0,1.7,333.7,59,1020
1990030306,4.5,0,1.3,305,69,1019.3
1990030312,11.7,0,2.5,80,36.5,1016.3
1990030318,7.6,0,1.5,340.2,62,1016.2
1990030400,4,0,1,307.4,82,1015.3
1990030406,5.3,0,1.9,314.9,61.5,1014
1990030412,13.2,0,2.5,266.6,30,1010.7
1990030418,9.3,0,1.8,37.4,40,1010
1990030500,4.7,0,1.7,18.2,53.5,1011.5
1990030506,4.3,0,1.5,3.3,63.5,1012
1990030512,11.6,0,2.8,14.6,27.5,1009.4
1990030518,7.7,0,2.5,343,30.5,1010
1990030600,4,0,2,353.9,41,1012.2
1990030606,4.9,0,2.1,311.3,49,1012.8
1990030612,12.5,0,3.6,307.3,29.5,1009.8
1990030618,9.1,0,2.7,335.6,32,1009.5
1990030700,5.3,0,1.4,338.3,41.5,1011.2
1990030706,5.2,0,2.9,23.1,56.5,1013.1
1990030712,6.1,0,4.8,62.3,66,1016.8
1990030718,3.6,0,1.4,344.8,60,1019
1990030800,0.6,0,0.8,356.3,74,1021.8
1990030806,2.4,0,1.1,266.6,57.5,1024.1
1990030812,11.6,0,3.4,180,28.5,1024.1
1990030818,7.6,0,1.6,279.2,35.5,1023.3
1990030900,2.1,0,0.8,306.4,65.5,1023.6
1990030906,3.8,0,1.2,253.9,68.5,1024
1990030912,15.8,0,2.2,186.7,15.5,1023.8
1990030918,10.9,0,1.1,340.7,35.5,1024.8
1990031000,4.8,0,0.8,263.5,55.5,1026.5
1990031006,5.9,0,0.8,247.9,73,1028
1990031012,18.1,0,3.6,181.3,36,1025.4
1990031018,13.1,0,2.2,278.3,34.5,1023.1
1990031100,10,0,0.9,234.9,63.5,1021.8
1990031106,12.7,0,2.3,239.7,71.5,1018.6
1990031112,14.9,1.5,3.7,220.1,73,1012
1990031118,13.1,3.2,1.8,246.8,78,1006
1990031200,10.3,0.3,6.4,286.7,51.5,1004.2
1990031206,8.2,0,4.3,340,51.5,1010.1
1990031212,10,0,3,44.7,48,1015.8
1990031218,7.7,0,2.2,353.5,48.5,1018.8
1990031300,3.7,0,2.1,354.1,69.5,1021.5
1990031306,5.3,0,1.4,274.4,65,1023.6
1990031312,13.4,0,3.6,160,37,1023.8
1990031318,9.1,0,1.9,262.8,59,1024.1
1990031400,4.8,0,0.5,305,81,1024.2
1990031406,6.7,0,1.2,323,80.5,1022.2
1990031412,13.1,0.1,3.3,228.4,57,1018.6
1990031418,11.8,13.7,2.2,115,87,1014
1990031500,10.1,1.1,2.4,353.2,73,1014.5
1990031506,9.3,0,2.6,1.3,49,1018.5
1990031512,15.2,0,4.1,343.4,26.5,1018.9
1990031518,10.9,0,3.5,15.5,31.5,1020.2
1990031600,5.4,0,3.4,351.3,55.5,1023.5
1990031606,6.1,0,3.1,340,54,1024.7
1990031612,13,0,3.3,346.6,30.5,1024.1
1990031618,9.1,0,1.5,309.8,30.5,1024.5
1990031700,3.2,0,1.1,296.5,66,1025.4
1990031706,4.7,0,1.4,263.7,63,1024.8
1990031712,14.1,0,4.7,202.9,29.5,1020.6
1990031718,10.7,0,3.9,315.4,30,1017.5
1990031800,5,0,3.7,336.7,48,1019.2
1990031806,5.2,0,3.4,18.9,48.5,1021
1990031812,10.5,0,4.7,23.2,38.5,1022
1990031818,6.8,0,1.8,311.4,47,1023.2
1990031900,1.8,0,1.4,318.4,69,1023.3
1990031906,5.1,0,2.1,270.8,65.5,1022.4
1990031912,17.9,0,4.5,284.7,14,1018.9
1990031918,13.9,0,3.4,317.6,20,1017.5
1990032000,9.8,0,2.2,48.7,22.5,1018.3
1990032006,10.8,0,1.8,55.4,21.5,1020.2
1990032012,18.4,0,3.2,151.9,21,1018.3
1990032018,12.9,0,1.1,61.4,51,1017.5
1990032100,9.2,0,1.4,354.8,63,1019.1
1990032106,10.7,0,2.5,38.3,67,1021.9
1990032112,14.5,0,4.3,111.6,62,1023.8
1990032118,11.2,0,1.6,64.3,68.5,1023.8
1990032200,6.8,0,0.6,294.7,87,1023.9
1990032206,8.6,0,0.6,282.6,81,1024.2
1990032212,17,0,4.2,160,43.5,1022.3
1990032218,13.2,0,1.4,218.9,67.5,1021.6
1990032300,9.1,0,0.4,300,85,1021
1990032306,11.8,0,0.9,253,78.5,1020
1990032312,17.5,0.6,2.8,200,71.5,1017.2
1990032318,15.4,1.5,1.9,170,88,1015.3
1990032400,15.4,0.3,1,52.4,90.5,1012.7
1990032406,10.6,0.5,3.4,60,87,1013.7
1990032412,8.4,0.1,4.5,45.1,74,1017.3
1990032418,7.3,1.6,5.7,50,75.5,1020.8
1990032500,6.8,0,6,63.4,52.5,1023.1
1990032506,7.5,0,6.4,70,43.5,1024.6
1990032512,8.7,0,7.2,66.7,37,1025.8
1990032518,6.6,0,3.8,45.1,42.5,1025.9
1990032600,5.5,0,3,13.4,51.5,1026.3
1990032606,7.6,0,3.1,35,53.5,1026.7
1990032612,12.3,0,4.3,90,40,1025.9
1990032618,8.2,0,1.6,39.6,51.5,1025.1
1990032700,3.7,0,1,290.7,78.5,1025.6
1990032706,6.5,0,1.3,202.6,81.5,1024.4
1990032712,14.5,0,3,159.1,47,1022.2
1990032718,11.9,0,1.8,105.1,61,1021
1990032800,9.9,3.3,1.2,58,89,1019.2
1990032806,10.8,13,3.8,100,88.5,1015
1990032812,11.7,1.4,2.9,90,87.5,1012.4
1990032818,11.2,1,3.1,63.4,86,1011.5
1990032900,10.3,0.3,2.7,25,84,1012
1990032906,9.7,0.6,2.8,10,78,1013.8
1990032912,10.4,0,2.4,24.9,77.5,1014.7
1990032918,9.5,1.1,2,0,78,1016
1990033000,9.2,0.1,1.8,3.3,75,1016.7
1990033006,11.1,0,2.1,43.2,70,1017.5
1990033012,14.8,0,3.1,90,49,1017
1990033018,11.9,0,2,41.3,62,1016.2
1990033100,8.3,0,0.5,313.3,77,1015.5
1990033106,10,0,1,297.2,80.5,1015
1990033112,17.6,0,3,155.7,37,1012
1990033118,13.1,0,1.2,230.4,48.5,1012.3
1990040100,8.2,0,0.7,280,80,1012
1990040106,11.3,0,1.2,260.5,76,1011.7
1990040112,19,0,3.2,152.1,41,1009.9
1990040118,14.6,0,0.9,106.2,73.5,1010.3
1990040200,10.3,0,0.6,328.5,77.5,1012.7
1990040206,12.8,0,0.6,325.6,73.5,1015.4
1990040212,20.5,0,4.1,148.5,35,1016
1990040218,14.5,0,1.1,177.5,79.5,1015.2
1990040300,10.2,0,1,277.9,86.5,1014
1990040306,11.9,0,1.8,253.7,85.5,1012.3
1990040312,16.8,0,4.1,256.5,51,1011.3
1990040318,12.7,16.5,1.7,10.2,85,1009.4
1990040400,9.6,0.1,3.2,6.6,85.5,1006.8
1990040406,7,0,4.5,359,50.5,1009.6
1990040412,11.4,0,4.7,343.4,43.5,1009.7
1990040418,7.6,0,4.9,340,32,1012.3
1990040500,4.6,0,3.6,323.3,34.5,1014.5
1990040506,6.6,0,3.6,334.9,39,1016.3
1990040512,15.4,0,5.2,288.2,25.5,1014.5
1990040518,12.2,0,2,318.4,24.5,1013.4
1990040600,6.8,0,1.4,291.6,35,1016.4
1990040606,11.6,0,3.9,311.5,31.5,1017.7
1990040612,20.1,0,3,253.4,24,1015.3
1990040618,14,0,4.5,246.6,28.5,1015
1990040700,12.2,0,2.6,241.1,49,1014.7
1990040706,13.1,1.2,2.7,218.2,68.5,1012
1990040712,15.2,2.6,4.7,218.2,82,1005.5
1990040718,16,0,4.1,243.9,67,1001.2
1990040800,9.9,0,3.7,298.4,41,1003.5
1990040806,10.2,0,5.7,280,26.5,1007.6
1990040812,16.8,0,7.1,290,20.5,1004.8
1990040818,13.3,0,1.7,329.8,21.5,1008.5
1990040900,7.5,0,1.1,286.8,36,1012.8
1990040906,10.4,0,0.8,280.9,45.5,1013.8
1990040912,20.7,0,3.8,270,23.5,1013.2
1990040918,17.4,0,2.2,298.8,38,1013
1990041000,13.7,0,1.2,35.4,55.5,1015.2
1990041006,15.4,0,1,127.5,43.5,1017
1990041012,21.2,0,3.8,153.4,28,1017
1990041018,15.2,0,1.6,160.7,44,1017.8
1990041100,9.1,0,0.8,281.5,72.5,1018.8
1990041106,12.2,0,1.3,242.7,73.5,1020.2
1990041112,20.7,0,4.2,119.6,36.5,1019.4
1990041118,16.5,0,2.4,80.2,55.5,1019
1990041200,15.9,1,2.4,141.8,76,1017.3
1990041206,15.1,19,3.6,160,86.5,1014
1990041212,15.2,18.5,3.8,173.4,86.5,1010.5
1990041218,15.5,33.7,4.9,198.2,86,1006.5
1990041300,13.9,4.6,3,209.9,87.5,1004.7
1990041306,13.4,0,3.6,242.1,79,1004.5
1990041312,17.6,0,3.8,277.7,56,1004.6
1990041318,12.8,0,2,6.8,58.5,1006.7
1990041400,7.4,0,1,313.9,67.5,1009.2
1990041406,9.1,1.5,2.2,246.9,76.5,1007.8
1990041412,13.3,0,4.7,276.6,46,1005.9
1990041418,11.3,0,2.1,293,45.5,1006.8
1990041500,6.8,0,0.6,355.4,60.5,1007.8
1990041506,8.4,0,1.3,260,75.5,1008.5
1990041512,16.4,0,3,85.2,39,1007.3
1990041518,13.1,0.2,2.7,51.8,67.5,1007.4
1990041600,10.2,0,2.4,10.2,76.5,1008.8
1990041606,9.1,1,2.6,18.2,82,1010.7
1990041612,11.4,0,3.2,35,59.5,1012.7
1990041618,9.4,0,2.6,18.2,64.5,1014.3
1990041700,8,0,3,356.7,72,1015.2
1990041706,9,0,3.6,10,69.5,1016.3
1990041712,11.6,0,4.7,76.8,51,1016.2
1990041718,8.9,0,2.8,35,59,1017
1990041800,7.7,0,1.7,351.6,73,1018
1990041806,9.2,0,0.9,352.6,71.5,1019.2
1990041812,12.9,0,3.6,101.2,51.5,1018.1
1990041818,10.2,0,2,96.3,61,1018.9
1990041900,7.1,0,0.8,291.6,78.5,1019
1990041906,9.1,0,1.4,272.2,78.5,1018.1
1990041912,15.2,0,4.1,160,51.5,1017
1990041918,11.9,0,2.2,100.1,59.5,1015.5
1990042000,10,0.2,1.3,16.9,76,1014.2
1990042006,9.8,6.2,1.7,346.6,87.5,1013.7
1990042012,13.4,0.4,2.2,69.1,74,1012.2
1990042018,11.7,0,1.6,45.7,77.5,1011.8
1990042100,10.7,0,1.1,3.3,82.5,1013
1990042106,11.9,0,1.8,31.6,81.5,1013.2
1990042112,16.5,0,4.5,90,56,1012
1990042118,12.7,0,2.3,50.7,72,1011.5
1990042200,11.3,0,1.2,329.8,80.5,1010.6
1990042206,12.1,11.4,1.7,23.2,87,1007.8
1990042212,11.8,17.9,3.2,7.7,85.5,1004.2
1990042218,10.9,2.5,3.9,3.3,83.5,1003.3
1990042300,10.8,0,3.4,353.4,75.5,1005.3
1990042306,13.3,0,1.5,295,69,1007.2
1990042312,18.2,0,4.5,207.9,49,1006.5
1990042318,13.1,0,4.5,322.7,49,1006.2
1990042400,7.8,0,2.8,332.1,39.5,1012.2
1990042406,9.8,0,2.8,321.2,41,1014.8
1990042412,17.8,0,3.4,300.3,23.5,1013.9
1990042418,14.1,0,2.8,296.2,31,1013.8
1990042500,6.7,0,0.7,267.6,67,1016.3
1990042506,9.6,0,1.5,266.4,53.5,1017
1990042512,17.9,0,5.8,236.6,18,1014.5
1990042518,13.9,0,5.2,256.5,30.5,1014
1990042600,12.3,0,2.8,256.5,53.5,1014.8
1990042606,15.5,0,2.3,246.7,60.5,1015.2
1990042612,23.6,0,4.1,263.5,28.5,1014.5
1990042618,17.1,0,1.9,51.2,55,1016.3
1990042700,9.6,0,0.7,341.6,74,1019.5
1990042706,11.6,0,1,207.6,75,1020.5
1990042712,22.2,0,3.9,173.2,46,1017.3
1990042718,19.1,0,2.7,150,50,1016.2
1990042800,14.6,0,0.8,85.7,78.5,1017.2
1990042806,15.2,0,1.3,103.1,83,1017.7
1990042812,17.7,0,1.5,44.4,72,1018.7
1990042818,16.5,0.1,1.1,250,76.5,1017
1990042900,14.6,0,2.8,336.8,80.5,1017.7
1990042906,17.5,0,2.9,29.8,53,1020.5
1990042912,18.5,0,5.7,83.4,36,1021.7
1990042918,13.1,0,1.9,44.7,48.5,1023.8
1990043000,8.3,0,0.6,47.7,68.5,1024.2
1990043006,12.1,0,1.1,237.1,64,1024.2
1990043012,20.8,0,3.4,166.6,26.5,1021.9
1990043018,15.1,0,1.8,197.1,53.5,1021.3
1990050100,10.8,0,1.2,305.6,85,1022.4
1990050106,15,0,4.2,80,68,1022.8
1990050112,15.2,0,5.3,83.4,47.5,1021.8
1990050118,12.2,4.4,3.7,62.3,66.5,1020.3
1990050200,10.4,4.3,3.8,73.3,84,1019.8
1990050206,11.1,2.1,3.4,76.6,88.5,1018.8
1990050212,12.4,2.4,3.8,90,86,1017.4
1990050218,12,5.3,3.8,83.4,87.5,1017.8
1990050300,11.8,2.1,3.5,70,89,1016.5
1990050306,12.3,13.8,3.5,58.8,88.5,1013
1990050312,13.8,6.3,2.9,50.3,87,1009.2
1990050318,12.9,0.6,3.1,0,86,1007.5
1990050400,12.3,0,1.1,350.3,83.5,1007.2
1990050406,12.6,0,0.9,149.2,82.5,1007.7
1990050412,13.3,1.9,1.6,149.8,83,1007.2
1990050418,13.3,0.2,1.1,48.9,88,1006.3
1990050500,12,0,1.5,5.7,83.5,1007.1
1990050506,14.1,0,3.2,338.7,62.5,1009.2
1990050512,21.1,0,4.1,150,34.5,1009.8
1990050518,17.2,0,1.7,252.1,53,1011.4
1990050600,11.5,0,0.7,340,74,1014.1
1990050606,14.7,0,1.6,260,74,1014.6
1990050612,22.2,0,5,226.8,36,1014
1990050618,17.4,0,2.9,235,47.5,1013.3
1990050700,14.7,0,1.3,237.7,76.5,1013.6
1990050706,16.3,0,1.9,181.5,78.5,1011.8
1990050712,20.9,0,4.1,166.4,60,1010
1990050718,17.6,0,1.7,116,72,1007.7
1990050800,14.2,0,0.7,302.1,83,1007.3
1990050806,16.6,0,1,236.5,77.5,1007.8
1990050812,21.5,0,3.6,150,51.5,1008
1990050818,17.4,0,1.5,74.2,74,1008
1990050900,13.9,0,0.2,348.6,85.5,1009.3
1990050906,17.3,0,1.2,166.6,80.5,1010.8
1990050912,28.3,0,3.2,220.3,40,1009.4
1990050918,22.3,0,1.7,27.6,50,1009.2
1990051000,18.8,0,0.9,2.8,69,1010.5
1990051006,20.8,0,1.8,94.4,64.5,1011.3
1990051012,29,0,6,250,31,1009.8
1990051018,23.6,0,3.2,266.6,33.5,1010.8
1990051100,18.5,0,0.9,299.2,58.5,1010.7
1990051106,20.7,0,2.5,257.6,69.5,1010.5
1990051112,25.3,0,4.6,240,48.5,1009.3
1990051118,21.5,0,1.9,244.9,70,1010.1
1990051200,17.3,0,0.5,341,85,1010.7
1990051206,20.4,0,2,292.6,75.5,1011.2
1990051212,26.3,0,2.8,110.6,45,1009.2
1990051218,20.2,0,1.8,65.7,71,1008
1990051300,16,0,0.7,315,83.5,1008.8
1990051306,20.2,0,0.8,70,78,1008.1
1990051312,25.5,0,3.7,116.6,55.5,1005.4
1990051318,21.6,0,1.4,73.7,76.5,1005.1
1990051400,18.1,0,2.3,56.6,76.5,1006.7
1990051406,15.9,0,1.6,31.6,83,1007.6
1990051412,17.9,0,2,26.6,73.5,1008.5
1990051418,16.6,1.4,1.8,49.8,65.5,1009.7
1990051500,12,1.6,1.5,314.2,90.5,1013.4
1990051506,16.1,0,1.8,307.6,75.5,1014.5
1990051512,27.3,0,5.3,347.6,28,1011.8
1990051518,17.2,0,3,26.7,43.5,1015.8
1990051600,11.9,0,0.9,308.1,76,1018.3
1990051606,14.5,0,1.5,215,77.5,1018.5
1990051612,20.5,0,3.9,153.4,53,1017.1
1990051618,17.4,0,2.2,195.8,65.5,1017.2
1990051700,15.9,0,1.1,65.5,79,1018.2
1990051706,17,0,0.8,350,80.5,1018.2
1990051712,20.4,3,3.2,205.3,56,1016
1990051718,14.4,5.4,0.7,357.4,87.5,1014.8
1990051800,14.9,4.9,2.2,206.7,90.5,1011.5
1990051806,16.9,7.7,1.6,187.9,90,1009.1
1990051812,16.4,5.2,2.3,235,81,1006.5
1990051818,15,0.5,1.7,223.2,81,1005
1990051900,13.3,0,0.9,213.4,84.5,1005.9
1990051906,16,0,2.3,265.5,76.5,1007.2
1990051912,23.2,0,4.8,263.4,53,1006.5
1990051918,20.3,0,2.3,224.5,64.5,1007
1990052000,16.4,0,0.4,357.3,83,1007.2
1990052006,18.5,0,2.4,257.4,74,1006.8
1990052012,25.4,0,5.2,266.6,47,1005.2
1990052018,20.6,0,3.2,340,31,1006.6
1990052100,16.4,0,1.3,324.2,31.5,1008.8
1990052106,17.8,0,3.2,276.3,46.5,1008.7
1990052112,25.4,0,6.2,305.5,28,1004.5
1990052118,20.1,0,2.3,350,27.5,1006.2
1990052200,14.7,0,2.5,3.4,50,1008.9
1990052206,16.5,0,2.4,353.9,59.5,1010.7
1990052212,21.3,0,3.8,346.6,43.5,1011.3
1990052218,17.6,0,2.2,11.7,52.5,1012.9
1990052300,13.1,0,1.3,311.5,72.5,1014.2
1990052306,17.4,0,1.1,279.8,67,1015.6
1990052312,24.5,0,3.5,180,31.5,1015
1990052318,19.8,0,1.8,221.4,42,1014.7
1990052400,15.1,0,0.8,334.2,69,1016.1
1990052406,16.6,0,1.2,26.2,75.5,1015.3
1990052412,17.9,7.5,4.4,117.6,56,1015.2
1990052418,14.2,7.1,2,333.4,86.5,1016.8
1990052500,11.5,0,1.4,323.9,88,1017.1
1990052506,14,0,1.1,274.9,88,1017.2
1990052512,20.9,0,3.4,158.7,49.5,1016.8
1990052518,16.5,0,1.6,181.2,58.5,1017.3
1990052600,11,0,0.4,322,84.5,1019
1990052606,15.6,0,0.8,229.2,77.5,1020.1
1990052612,24.4,0,3.7,166.5,27,1019.2
1990052618,18.4,0,1.4,217.6,37,1018.5
1990052700,11,0,0.8,305.5,66.5,1018.8
1990052706,15.8,0,1.5,210.4,60.5,1019
1990052712,25.9,0,4.4,219.8,43.5,1016.8
1990052718,21.4,0,3.2,246.6,55,1015.9
1990052800,17,0,0.3,352.4,74,1017
1990052806,20.1,0,1.5,93.9,70.5,1017.7
1990052812,26.4,0,3.3,105,51.5,1015.4
1990052818,21.7,0,1.5,7.5,69,1014.6
1990052900,18.8,0,1,350,79.5,1015.2
1990052906,20.8,0,0.7,330.3,73,1015.7
1990052912,25.8,0,3.5,166.4,48,1014
1990052918,21.9,0,1.1,68.5,63,1013.4
1990053000,18.7,0,0.4,340.4,81,1013.5
1990053006,20,0,1,309.2,79.5,1013
1990053012,24.1,0,3.1,246.6,48,1012.2
1990053018,20.4,0,2.2,210.8,68.5,1012.3
1990053100,18.3,4.5,2.8,196.2,87,1011.6
1990053106,17.9,9,3.7,194.7,86,1008.6
1990053112,19.7,3.3,7.4,230,87.5,1005
1990053118,20,0,5.8,250,78,1004.5
1990060100,18.8,0,2.7,233.5,68.5,1005.5
1990060106,18.4,0,2.2,243.4,76.5,1006.3
1990060112,22.2,0,3.1,260,59,1005.4
1990060118,20.3,0,1.5,263.8,66,1004.5
1990060200,15.8,0,0.6,328.3,86,1005.9
1990060206,19.2,0,1.9,347.4,71,1007.5
1990060212,25.3,0,3.5,151.4,47,1006.8
1990060218,21.1,0,1.1,112.2,57.5,1007.3
1990060300,17.2,0,0.6,305.7,81.5,1008.8
1990060306,21.2,0,0.9,350,72,1010.1
1990060312,27,0,2.5,151.9,40,1009
1990060318,22.1,0,1.1,321.6,56.5,1007.8
1990060400,16.9,0,0.8,294.9,82.5,1007.3
1990060406,18,0,0.8,289.1,82.5,1006.3
1990060412,22.7,0,1.5,64.1,60,1005
1990060418,20.2,0,0.6,334.9,66.5,1004.3
1990060500,15.4,0,0.6,325.9,87,1004.8
1990060506,18.8,0,1.5,197.9,78.5,1006.8
1990060512,26.3,0,3.7,166.6,49.5,1008
1990060518,22,0,1.6,158.9,54.5,1009.2
1990060600,16.6,0,0.9,294.3,82.5,1012
1990060606,19.4,0,1.6,100,78,1014.7
1990060612,25.3,0,3.3,125.8,47.5,1014.9
1990060618,19.2,0,1.9,354,74.5,1015.8
1990060700,15.8,0,0.7,292.4,89.5,1016.6
1990060706,19.6,0,1.1,224.8,78,1016.5
1990060712,28.3,0,3,163,36,1014.5
1990060718,22.8,0,1.3,123.4,58,1013.3
1990060800,19.5,0,0.9,313.9,80,1012.5
1990060806,21,0,2.7,200.2,78,1009.2
1990060812,22.3,7,4.6,166.6,72,1003.3
1990060818,20.4,41.5,5.2,166.8,89,995.4
1990060900,20.4,0.5,2.8,201.6,88,991
1990060906,22.3,0,4,266.6,75,991.7
1990060912,26.5,0,4.7,294.9,47,994.4
1990060918,22.7,0,2,248.1,49.5,998.8
1990061000,19.1,0,1.4,260,67.5,1002.8
1990061006,22.9,0,2.4,227,64.5,1005.2
1990061012,28.9,0,5,230,47,1005.2
1990061018,24.9,0,2.5,246.6,55,1006.7
1990061100,18.5,0,1.4,65.9,82.5,1008.3
1990061106,21.6,0,1.5,89.2,75.5,1009.7
1990061112,29.2,0,3,153.7,44.5,1008.2
1990061118,23,0,1.4,56.7,59,1007.5
1990061200,18.1,0,0.3,325,76,1007.2
1990061206,20.1,0,1.2,319.3,69.5,1007
1990061212,26.6,0,2.7,151.7,49,1005.3
1990061218,22.6,0,1.4,46.1,71.5,1004.4
1990061300,19.6,0,0.4,0.7,84,1005
1990061306,22.7,0,1.8,350,79.5,1006.4
1990061312,27.2,0,3.7,153.4,56.5,1006.1
1990061318,22.6,0,1.9,97.3,70.5,1006.7
1990061400,19,0,0.8,65.5,87.5,1007.9
1990061406,22.4,0,1.2,183.1,82.5,1008.8
1990061412,29.7,0,4.2,194.7,56,1007.1
1990061418,23.6,0,1.8,59.8,70.5,1007
1990061500,21.3,10.4,1.4,49.1,85.5,1006
1990061506,20,12.1,2.5,0,86.5,1003.8
1990061512,20.8,0.8,2.6,14.7,85.5,1004
1990061518,20.2,0,1.3,31.6,78.5,1005.2
1990061600,18.8,0.5,0.5,329.3,83,1006.3
1990061606,18.1,3.2,1.2,88,87.5,1007.8
1990061612,22.3,0.5,1.6,158.5,77,1009
1990061618,20.5,0,1.3,49.9,78,1009.7
1990061700,17.9,0,0.5,335.5,89,1011.2
1990061706,20.5,0,1,292.6,82,1013.2
1990061712,31.1,0,2.5,2.8,43.5,1012.8
1990061718,25.7,0,1.3,71.1,57,1012.8
1990061800,20.5,0,0.4,292.3,81.5,1014.1
1990061806,22,0,0.7,84.4,81.5,1013.6
1990061812,29.1,0,3.7,198.5,52,1011.4
1990061818,25.4,0,2.7,228.4,34.5,1010.5
1990061900,23.9,0,3,210,75.5,1010.4
1990061906,26.3,0,4.7,225.1,74,1008.7
1990061912,27.7,0,5.1,230,66.5,1007.8
1990061918,26.4,0.3,2.9,212.9,69.5,1007.7
1990062000,20.4,52.2,2.7,326.1,88.5,1009.1
1990062006,18.6,25.5,1.3,269.5,89.5,1009.9
1990062012,21,2.8,0.9,300,86.5,1008.9
1990062018,20.2,3.1,0.7,66.5,87,1007.9
1990062100,22.8,0,1.9,219.7,87.5,1005.8
1990062106,26.4,0,5.6,246.7,71.5,1003.7
1990062112,26.4,0,4.2,240,69.5,1004.1
1990062118,24,10.6,2,226.9,87,1004.6
1990062200,22.6,0,0.9,98.7,87,1006.9
1990062206,23.1,0,0.9,144.2,85.5,1008.8
1990062212,28.6,0,2.3,238.5,69.5,1009.8
1990062218,26.2,0,1.3,197.8,71,1010.3
1990062300,22.9,0,0.6,78.1,86.5,1012.1
1990062306,26.7,0,3.3,245,78,1012.8
1990062312,32.1,0,3.1,260,58.5,1012.5
1990062318,28.3,0,1.9,260,68.5,1012.2
1990062400,24.7,0,0.6,10.3,85,1013.2
1990062406,25.3,0.2,0.8,305,85,1012.7
1990062412,25.4,1.6,2,308.4,77,1013.3
1990062418,23.3,28.3,1.1,285,86,1012.2
1990062500,22.5,3.2,0.6,5.8,89.5,1010.4
1990062506,23.4,4.5,1.7,126.7,89.5,1008.7
1990062512,23.8,10,3.9,166.6,89,1005.6
1990062518,22.4,56.2,4.4,183.3,89,1001.6
1990062600,24.1,0.5,3.3,225.1,87,998.5
1990062606,26.6,0,4.4,243.4,74.5,996.6
1990062612,30.3,0,4.2,253.3,63,996.5
1990062618,24.8,0,2,178.2,69.5,999
1990062700,19.9,0,0.8,79.7,84.5,1002.2
1990062706,18.9,0.6,2.4,66.6,87,1004.7
1990062712,19.5,3.4,2,48.4,81,1006.5
1990062718,18.6,1.1,1.4,25,87.5,1007.7
1990062800,17.8,6.4,1.6,3.4,89,1007.6
1990062806,18.4,2,1.8,18.5,89,1008.4
1990062812,19.4,0,3,56.6,84.5,1009.1
1990062818,18.6,5.8,2.1,63.4,82.5,1009.2
1990062900,18.1,0.1,0.9,5,85,1009.6
1990062906,19.3,0,1.2,19.3,83.5,1009.8
1990062912,21.1,0,2.9,60,72.5,1010.2
1990062918,19.4,0,2,53.3,79.5,1011.2
1990063000,18.3,0,1,37.1,82,1011.5
1990063006,18.5,0,2.5,40.1,85,1011.2
1990063012,20.5,0,2.9,51.8,71.5,1010.2
1990063018,19.3,0,2.3,18.5,71.5,1010.5
1990070100,18.4,0,2.2,29.9,79.5,1009.8
1990070106,19.2,0,3.4,45.1,78,1010.2
1990070112,20,0,3.3,45.1,75.5,1010.2
1990070118,18.8,4,2.4,42.3,84.5,1009.2
1990070200,18.5,10.5,3.4,50,89,1006.8
1990070206,18.9,11.9,3.7,35,88,1004
1990070212,20.8,1,2.9,29.9,89,1002.8
1990070218,20.1,1.5,1.3,352.8,86.5,1002.8
1990070300,19.5,1.7,0.1,353.6,89,1002.3
1990070306,20,1,0.3,5,89.5,1002.5
1990070312,22.6,0,1.1,165.1,86.5,1003
1990070318,23.3,0,0.5,16.1,81.5,1003.5
1990070400,21.1,0,1.2,353.6,84.5,1005.8
1990070406,22.5,0,2,332.2,75,1008.3
1990070412,28.1,0,3,315,59.5,1007.8
1990070418,24.3,0,0.9,68.5,73,1008.2
1990070500,20.5,0,1,287.7,83.5,1008.8
1990070506,23.3,0,0.8,331.6,77,1009.7
1990070512,28.9,0,3,140.7,58,1008.2
1990070518,24.7,0,0.9,33.4,77,1006.9
1990070600,22.9,0,0.9,317.6,86,1006.9
1990070606,24.9,0,1.8,289.2,85.5,1006.5
1990070612,30.3,0,3.3,139.2,64,1005.7
1990070618,26.1,0,1.9,59.7,81,1005
1990070700,24.4,0,0.1,348.7,88,1004.9
1990070706,26.2,0,2.1,233.1,84,1004.9
1990070712,30.3,0,4.3,228.4,68,1004.4
1990070718,27.2,0,3.2,215,74,1005.2
1990070800,25.7,0,1.9,204.9,82.5,1005
1990070806,27.3,0,3.8,240,75,1004.3
1990070812,30,0,4.8,223.4,65,1004.6
1990070818,26.9,0,3.1,215,82,1006
1990070900,25.5,0,1,169.3,89,1007.3
1990070906,26.7,0,1.6,209.3,86.5,1008.8
1990070912,30,0,4.7,243.2,73,1008.9
1990070918,28.2,0,1.8,311.3,73.5,1008.1
1990071000,24.2,0,0.5,297.3,85,1008.5
1990071006,27,0,1.7,99.8,80,1008.9
1990071012,32.9,0,3.7,242.1,53,1008.3
1990071018,28.1,0,1.9,311.3,73.5,1007.5
1990071100,25.8,0,0.6,26.1,85,1006.9
1990071106,27.9,0,1.8,214.3,84.5,1005.8
1990071112,30.6,0,4.2,153.1,70,1003.5
1990071118,27,1,2,166.5,81,1000.3
1990071200,24.9,11,2.9,148.8,88,997.2
1990071206,24.9,0.5,1.8,66.7,89,994.2
1990071212,26.6,0.8,2,154.3,81.5,995.5
1990071218,24.9,0,0.9,95.5,84,996.9
1990071300,23.3,0,1.1,149.9,89,998.8
1990071306,24.8,0,1.4,277.9,82.5,999.5
1990071312,29.7,0,3.1,145.1,59,999.2
1990071318,25.2,0,1.8,65.6,73,1000.2
1990071400,22.6,0,2.1,56.6,87,1002.8
1990071406,21.6,36.6,1.5,42.4,88.5,1003.2
1990071412,22.5,54.7,1.1,288.2,89.5,1001.5
1990071418,22.9,11.9,0.9,344.2,89,999.3
1990071500,22.3,0,0.9,40.7,90,1001.2
1990071506,22.9,0,0.6,73.7,89,1003.8
1990071512,24.3,0,2,173.2,88.5,1003.8
1990071518,24,0,0.3,56.9,89,1003.4
1990071600,23.4,29.2,0.7,352.5,89,1003.2
1990071606,24.2,17.8,1.4,122.5,87.5,1001.2
1990071612,28.4,0,3.3,220.7,87,999.2
1990071618,27.1,0,2.6,213.8,81.5,998.5
1990071700,23.5,0,0.4,34.2,86.5,1000.6
1990071706,26.6,0,2.7,301.8,84.5,1001.5
1990071712,30.9,0,3.9,206.8,69,1000.7
1990071718,28.1,0,2.4,212.3,77,1000.3
1990071800,27.6,0,2.8,217.1,81.5,999.5
1990071806,28,0,3.5,227.6,76.5,999.7
1990071812,29.4,0,5,235.3,72,1000
1990071818,27.9,0,2.9,216.5,81.5,1000.7
1990071900,26.3,0,1.8,81.8,86.5,1003.3
1990071906,26.6,0,1.4,147.1,86.5,1005.2
1990071912,28.4,0,3.4,112.6,75.5,1006.3
1990071918,25.6,0,1.4,111.1,80,1008.3
1990072000,24.4,0,1,125,87,1010.3
1990072006,26,0,1.5,176.1,86,1011.7
1990072012,31.3,0,2.3,230,67,1010.4
1990072018,28,0,2.1,236.4,71,1010.9
1990072100,24.6,0,0.6,271.2,85,1012
1990072106,28.1,0,2.3,260,77,1012.5
1990072112,33.7,0,3.8,235.7,48,1011.2
1990072118,28,0,1.4,56.9,68.5,1011.3
1990072200,25.3,0,0.5,308.1,81.5,1012.1
1990072206,27.6,0,1,328.6,76.5,1013.5
1990072212,33.9,0,4.2,266.7,44.5,1012.6
1990072218,29.4,0,2.1,298,63.5,1011.5
1990072300,26.1,0,0.6,14.3,83,1011.8
1990072306,27.8,0,1.9,271.4,80,1011.3
1990072312,32.8,0,3.9,260,54.5,1009.3
1990072318,28.9,0,3.2,249.6,65,1008.2
1990072400,26.5,0,1.8,249.1,79.5,1007.4
1990072406,28.6,0,2.9,250,69,1006.7
1990072412,32.7,0,4.4,250,54.5,1004.5
1990072418,29,0,3.5,225.1,65.5,1003
1990072500,26.6,0,2.3,211.8,76,1003.7
1990072506,28.8,0,4,266.7,71.5,1003.3
1990072512,33,0,2.6,271.3,54,1002.5
1990072518,29.1,0,1.4,39.6,68,1003.2
1990072600,26.7,0,1.1,316.8,84.5,1004.7
1990072606,28.7,0,1,286.3,75.5,1005.9
1990072612,32.6,0,3.3,125.8,60.5,1005.2
1990072618,28.5,0,1.6,99.4,73.5,1005.2
1990072700,25.5,0,0.5,10,88,1007
1990072706,27.2,0,1.3,86.6,86.5,1008.3
1990072712,29.7,0,3.5,160,71.5,1008
1990072718,27.9,0,1.7,155.6,81.5,1007.6
1990072800,25.3,0,0.5,11.6,88.5,1008.2
1990072806,27.6,0,0.5,342.7,82.5,1010
1990072812,33.3,0,3.8,141.8,60,1009.5
1990072818,29,0,0.9,46.7,69.5,1010.2
1990072900,26.2,0,0.2,335.2,85.5,1010.6
1990072906,29.5,0,0.7,43.8,82.5,1011.8
1990072912,33.9,0,3.7,134.3,59.5,1010.6
1990072918,28.3,0,1.8,48.7,74.5,1010.5
1990073000,25.3,0,0.7,335.5,86,1011.8
1990073006,27.1,0,1.4,59.7,80.5,1012
1990073012,31,0,2.9,108.2,61,1010.5
1990073018,27.2,0,1.4,51.1,77.5,1010
1990073100,25,0,0.2,353.4,88.5,1009.9
1990073106,27.2,0,0.5,47.6,85.5,1010
1990073112,31.9,0,2.8,152.4,64.5,1008
1990073118,27.7,0,1,253.1,71.5,1006.8
1990080100,25.1,0,0.1,348.6,86,1006.6
1990080106,28.2,0,0.9,19.8,75,1006.4
1990080112,34,0,2.7,153.5,52,1004.7
1990080118,29.9,0,1.5,201.3,64.5,1004.9
1990080200,26.1,0,0.5,334.3,81.5,1005.3
1990080206,28.6,0,0.6,299.8,81.5,1005.4
1990080212,34.6,0,3.6,141.8,53,1004.3
1990080218,30,0,1.3,86.3,67.5,1004.5
1990080300,26.4,0,0.5,103.4,84,1005.5
1990080306,28.2,0,1.1,222.9,81,1005.4
1990080312,33.9,0,3,153.2,55.5,1005.2
1990080318,29.5,0,1.3,36.6,63,1004.9
1990080400,27,0,0.2,333.4,84.5,1005.7
1990080406,29.3,0,1.2,327.9,78.5,1005.3
1990080412,32.8,15.9,2.5,115,49.5,1004
1990080418,28.5,0,0.1,346.9,77,1003.5
1990080500,26.1,0,1,286.2,83,1003.7
1990080506,28.2,0,0.6,24.7,79,1003.8
1990080512,33.8,0,3,141.1,51,1001.3
1990080518,28.8,0,1.2,254.8,67.5,1001.2
1990080600,24.9,0,0.7,301.5,83,1001.2
1990080606,27.6,0,0.8,296.1,86,1001.2
1990080612,33.7,0,3,143.8,55,999.8
1990080618,29.3,0,1.7,133.2,68.5,1001.1
1990080700,25.7,0,0.4,346.9,85.5,1002.7
1990080706,28.3,0,1,54.1,81.5,1002.5
1990080712,31.7,0,3.9,93.3,53.5,1002.8
1990080718,27.9,0,1.7,52.3,76,1003.1
1990080800,25.2,0,0.6,335.6,85.5,1004.2
1990080806,28,0,1.8,54.2,78.5,1004.7
1990080812,31.2,0,4.3,83.6,53.5,1004.4
1990080818,27.9,0,2.3,53.3,69,1004.6
1990080900,26.5,0,0.7,10.2,83.5,1004.8
1990080906,27.8,0,1.4,26.1,82,1004.3
1990080912,31.1,0,2.8,90,62.5,1002.7
1990080918,28.3,0,1.5,29.2,75,1002.5
1990081000,26.4,0,0.3,340,87.5,1002.1
1990081006,25.3,15.9,0.8,300.3,92.5,1001.2
1990081012,30.6,0,2.6,217.8,74,1000.5
1990081018,29.2,0,0.5,345.6,77.5,1001.7
1990081100,26.4,0,0.5,3.3,85.5,1003.9
1990081106,27.3,0,0.6,38.3,80,1005.5
1990081112,31.6,0,2.9,166.4,59.5,1005.9
1990081118,28.5,0,0.9,298.4,72.5,1007.1
1990081200,23.9,0,0.7,295,88.5,1007.7
1990081206,26.4,0,1.1,286.7,81,1009.2
1990081212,33,0,3.1,160,52,1008.2
1990081218,28.8,0,1.6,150,76.5,1008.5
1990081300,25,0,0.7,325,87,1008.8
1990081306,26,0,1,215,84.5,1008.8
1990081312,32.4,0,3.4,154,56.5,1006.4
1990081318,28.7,0,1.2,297.7,57,1005.2
1990081400,23.5,0,0.3,341,81,1005.2
1990081406,27.3,0,2.3,276.3,78,1005.7
1990081412,32.1,0,4.8,236.4,58,1004.2
1990081418,29.2,0,2.1,243.2,68.5,1004.9
1990081500,26.6,0,0.5,218.8,78.5,1006.8
1990081506,27.5,0,1.3,2.1,77.5,1008.3
1990081512,31.1,0,1.8,343.1,62,1008.6
1990081518,28.9,0,0.3,21.6,71.5,1009.7
1990081600,25.6,0,0.3,0,86.5,1010.8
1990081606,28.3,0,1.1,139.2,82.5,1010.6
1990081612,30.7,0,2.8,99.9,61,1009.9
1990081618,26.4,0,2.6,28.7,82,1010.5
1990081700,23.6,0,1.5,315.1,82.5,1010.2
1990081706,24.9,0,2.5,3.4,80.5,1009.8
1990081712,26.6,0,3.1,59.8,67,1009.2
1990081718,24.6,0,2.1,26.6,74,1010.1
1990081800,23.4,0,1.6,18.2,81.5,1010.2
1990081806,24.8,0,2.4,40.3,79.5,1010
1990081812,26.4,0,3.2,45.1,68.5,1009.7
1990081818,25.4,0,1.4,26.6,74,1009.1
1990081900,23.9,0,0.8,315.2,85,1008
1990081906,26.2,0,0.9,326.2,83,1006.5
1990081912,31.8,0,3.9,149.8,64,1005.8
1990081918,28.8,0,0.9,62.1,70,1006.1
1990082000,25.8,0,0.4,322,84,1007.1
1990082006,27.9,0,1.6,317.6,82.5,1006.8
1990082012,31.9,0,3.7,166.6,64,1006
1990082018,27.9,17.6,2.7,142.7,77.5,1005.6
1990082100,25.7,7.8,1.7,326.1,92,1005.3
1990082106,28.2,0,3.3,176.7,86,1004.7
1990082112,31,0,4.1,166.8,65.5,1003.2
1990082118,28,0.6,1.2,65.7,72.5,1001.6
1990082200,25.4,0.3,1.2,313.4,86,999
1990082206,27.2,0,0.9,310.9,85,995.3
1990082212,31.6,0,2.1,220.4,66.5,992.7
1990082218,29.4,0.1,3.9,209.6,75,994
1990082300,27.9,0.2,2.3,257.7,89,994.3
1990082306,27.6,0,2,313.2,66,998.4
1990082312,32.5,0,3.8,284.7,42.5,1000.7
1990082318,28.4,0,0.9,314.2,51.5,1004
1990082400,23.7,0,0.7,281.3,76,1007.2
1990082406,25.5,0,1.5,343.5,73.5,1009.2
1990082412,33,0,2.1,298.5,41.5,1009.1
1990082418,27.6,0,1.4,346.8,53.5,1008.8
1990082500,23,0,0.2,334.8,76.5,1010.1
1990082506,26,0,1.7,286.7,77.5,1011.2
1990082512,32.6,0,3.1,142.3,39,1010.3
1990082518,27.1,0,1,23.7,63.5,1010.2
1990082600,23.4,0,0.3,350,78,1012.2
1990082606,25.4,0,0.9,49.5,78.5,1013.3
1990082612,29.6,0,3.7,100,51.5,1013.1
1990082618,25.3,0,1.8,38.2,70,1014.4
1990082700,23,0,0.9,321.9,84,1016.1
1990082706,25.4,0,2.4,59.7,78.5,1017.5
1990082712,28.2,0,4,90,59.5,1017.7
1990082718,24,0,1,40.7,68.5,1018.2
1990082800,22.3,0,0.1,7.7,80,1018.8
1990082806,24.5,0,1.8,37.2,75,1018.7
1990082812,27.9,0,4.3,86.7,53.5,1017.6
1990082818,23.7,0,2.3,17.3,72,1017.5
1990082900,21,0,0.9,310.9,83,1017.7
1990082906,25,0,1.4,39.2,80,1015.8
1990082912,30.5,0,2.2,121.8,50,1013.2
1990082918,25.7,0,1,36.9,72,1012.6
1990083000,22.7,0,0.3,346.9,87.5,1012
1990083006,25.6,0,0.7,267.4,85,1011.3
1990083012,31.5,0,2.8,145.3,64,1009.9
1990083018,28.8,0,1.3,132.1,74,1009.7
1990083100,25.8,0,0.4,316.1,85,1009.5
1990083106,27.9,0,1.3,243.7,79,1010.1
1990083112,33.1,0,3.8,159.6,62.5,1008.9
1990083118,27.7,0,2.9,86.9,71.5,1009.6
1990090100,24.4,0,0.9,346.4,80.5,1009.2
1990090106,26.2,0,1.4,45.6,80.5,1009.8
1990090112,29.5,0,2.9,150,71.5,1008.7
1990090118,27.1,0,0.7,47.1,78.5,1008.4
1990090200,25.8,0,1.2,199.8,88.5,1007.8
1990090206,27.7,1.7,4.1,200,85.5,1006.2
1990090212,30.1,0,4.8,196.7,70.5,1004.2
1990090218,26.6,0.6,3.3,215,83,1002
1990090300,24.8,0,3.6,246.7,66,1001.1
1990090306,25.4,0,3.2,276.5,57.5,1002
1990090312,25.5,0,2.2,54.2,64,1005.3
1990090318,20.9,0.1,1.8,359.3,79,1009.8
1990090400,20,0,0.4,346.9,81.5,1012
1990090406,22,0,1.2,25,74,1014.5
1990090412,25.6,0,3.2,83.4,61.5,1014.7
1990090418,22.5,0,1.4,5.5,71.5,1015.9
1990090500,20.2,0,0.3,353.6,85,1016.3
1990090506,21.6,0,0.2,13.6,86.5,1016.7
1990090512,25.5,0,1.8,96.8,68,1017
1990090518,23.7,1.4,0.3,25.2,83,1017.5
1990090600,22.1,6.1,0,0,90.5,1018.2
1990090606,22.1,8,0.3,7.7,91.5,1018.8
1990090612,23,8.6,0.8,28.8,92,1019.3
1990090618,22.3,5.2,0.6,7.9,93,1019.9
1990090700,21.8,0,0.4,350.2,92.5,1020
1990090706,22.6,0,0.7,14.7,93.5,1020.8
1990090712,25.8,0,2.8,60,78,1020.5
1990090718,23.3,0,0.9,29.3,79.5,1019.7
1990090800,21.1,0,0.1,356.7,90,1019.3
1990090806,24,0,0.6,22.6,87,1018.6
1990090812,28.9,0,2.6,163.4,70,1015.6
1990090818,25.6,0,1.5,190.3,78.5,1014.2
1990090900,23.5,0,0.6,329,91.5,1013
1990090906,25.3,0,0.5,332.1,87.5,1011.8
1990090912,30.6,0,2.1,206.1,63.5,1010.4
1990090918,27.5,0,0.2,348.6,73.5,1010.8
1990091000,24,0,0.4,18.9,90,1012.7
1990091006,24.1,0,0.5,28.1,90,1013.7
1990091012,26.6,2.3,1.6,153.2,81,1012.5
1990091018,25.2,0.1,1.2,204.8,90,1011.2
1990091100,24.9,0,1.1,149.4,92,1009.7
1990091106,26.7,0.8,1.9,332.1,87.5,1008.7
1990091112,30.6,0,5,233.3,66.5,1005.7
1990091118,26.4,5.3,2.4,267.6,79.5,1004.8
1990091200,26,1.5,2.3,242.3,87,1003.2
1990091206,23.5,5.9,2.1,350,89.5,1004.7
1990091212,21.8,6.1,1.8,13.4,90.5,1007.7
1990091218,21.4,0,2.6,31.8,86,1009.5
1990091300,21,0,2.7,18.2,82,1010.4
1990091306,22.6,0,3,6.6,79,1012
1990091312,24.5,0,3.6,24.9,67.5,1013.7
1990091318,21.8,0,2.7,6.8,79.5,1015.3
1990091400,20.8,0.6,1.5,350.2,87.5,1015
1990091406,20.8,3.4,1.6,350,92.5,1014.3
1990091412,22,14.2,1.4,357.7,92.5,1012.2
1990091418,20,6,1,350.2,93,1012
1990091500,19.1,0.8,0.5,353.6,93.5,1012.3
1990091506,20.8,0,0.7,359.4,89.5,1013.6
1990091512,26.3,0,1.6,35.8,54.5,1013.4
1990091518,21.4,0,1.7,20.7,76,1015
1990091600,18.4,0,1.1,353.7,82.5,1016.2
1990091606,20,0,1.8,6,79,1016.1
1990091612,24.2,0,3.3,215,60.5,1014.3
1990091618,21.4,0,2.2,180,71.5,1012.5
1990091700,20.1,17.3,1.4,100.1,85,1010.3
1990091706,20.2,11.7,1.1,356.9,92.5,1008.9
1990091712,21.5,1.2,0.5,332,84.5,1007.8
1990091718,21.2,0,0.4,335.5,84.5,1006.8
1990091800,18.4,0,2.6,0,78.5,1006.8
1990091806,17.1,0,2.4,22.4,47.5,1008
1990091812,19.5,0,2,35,44,1008.5
1990091818,18,0,2,18.2,50,1008.8
1990091900,18.1,0,3.3,10,58.5,1007.5
1990091906,19.2,0,4.6,29.9,59.5,1007.6
1990091912,20.2,0,5,24.9,66.5,1006.7
1990091918,18.8,0,3,6.6,70.5,1008
1990092000,14.8,0,0.7,0,74.5,1010.1
1990092006,17.2,0,0.8,346.1,77.5,1014.2
1990092012,23.8,0,3.2,103.4,42,1015.1
1990092018,18.8,0,0.7,339.6,65,1017.4
1990092100,14.7,0,0,0,84.5,1018.7
1990092106,17.5,0,0.3,293.6,83,1019.5
1990092112,25.8,0,2.8,166.4,50.5,1018
1990092118,21,0,0.9,52.4,69,1018.2
1990092200,16.9,0,0.5,340,87,1018.3
1990092206,18.9,0,0.6,302.1,84.5,1018
1990092212,26.5,0,3,163.3,51,1016.3
1990092218,21.9,0,0.7,27.8,69.5,1016.9
1990092300,18,0,0.2,342.8,88,1017.8
1990092306,20.2,0,0.6,220.2,88.5,1017
1990092312,24.9,0,3.7,73.4,68.5,1014.8
1990092318,22.1,0,1.7,9,79,1014.1
1990092400,18.6,5.7,2.6,353.5,86,1013.7
1990092406,18,12.8,1.6,340,89,1015.2
1990092412,19.7,4.4,2.9,16.5,90,1015
1990092418,19.1,0,2.6,13.4,79.5,1016.5
1990092500,19.2,0,2.7,13.4,76,1017
1990092506,19.2,0.6,3.3,29.9,80,1018.7
1990092512,20.5,0,3.5,45.1,70,1020.1
1990092518,20,0.1,3.2,24.9,73.5,1020.9
1990092600,19.7,0,2.8,16.7,73,1021.8
1990092606,20.4,0,4.2,32.9,74.5,1022.7
1990092612,21.6,0,4.3,53.3,64,1022.4
1990092618,19.4,0,3.3,21.6,68,1022.5
1990092700,18.2,0,3,16.7,74,1022
1990092706,20.8,0,2.4,26.6,74.5,1020.6
1990092712,24,0,2.8,66.7,64,1018.9
1990092718,20.6,0,1.7,24.7,71.5,1017.7
1990092800,18.1,0,0.6,289,85,1017.3
1990092806,19.1,0,1.2,350,86,1016.9
1990092812,25.2,0,2.4,85.7,51,1015.5
1990092818,20.5,0,0.8,17.6,67.5,1015.9
1990092900,17.5,0,0.6,323.1,84.5,1015.4
1990092906,20.2,0,2.2,28.8,85,1015.5
1990092912,24.2,0,4.4,60,65,1014.2
1990092918,21.2,0,3.4,26.6,74.5,1014.6
1990093000,19.9,0,3.1,3.3,84.5,1013.2
1990093006,21.3,0,2.9,18.2,76,1013.7
1990093012,22.8,0,2.6,29.9,55,1013.6
1990093018,19.6,0,1.2,350,73,1014.8
1990100100,15.6,0,0.3,346.4,86,1015.2
1990100106,17.6,0,0.8,311.3,83,1015.8
1990100112,25.4,0,2.7,227.9,50.5,1014.2
1990100118,20.8,0,1.2,0.7,66.5,1014.6
1990100200,15.8,0,2,3.4,64,1017
1990100206,16.1,0,1.7,25.5,61.5,1019.3
1990100212,22.5,0,2.7,80.2,50.5,1018.7
1990100218,17.7,0,1.3,352.4,66,1019.7
1990100300,14.8,0,0.6,309.4,83,1020.5
1990100306,18,0,0.8,121.6,79,1020.5
1990100312,22.7,0,0.9,15.6,67.5,1018.4
1990100318,20.6,0,0.5,7.3,79.5,1017.5
1990100400,19.2,1.1,0.4,316.2,88,1016.2
1990100406,18.9,2,1,35,89,1016.7
1990100412,24.4,0,2.5,148.1,63,1016
1990100418,19.7,0,1.2,296.4,78,1016.9
1990100500,14.1,0,0.7,300.3,91.5,1017.1
1990100506,16.6,0,1.1,228.7,86.5,1017.8
1990100512,24.2,0,2.4,94.3,46,1015.7
1990100518,19.3,0,0.7,18.9,74,1015.6
1990100600,17.4,0,0.9,77.2,83,1014.9
1990100606,17.9,0,1.1,21.2,78.5,1013.9
1990100612,20.9,1.3,2.7,52.7,71,1014.4
1990100618,20.4,0.9,2.2,63.1,73,1015
1990100700,20.1,0,3,66.7,78,1014.5
1990100706,20.9,0,4.2,63.4,70,1014
1990100712,20.8,0,4,63.4,59,1012.7
1990100718,19.1,0,3.6,35,59.5,1010.8
1990100800,17.6,0,3.2,0,65.5,1009.2
1990100806,19.4,0,4.3,31.8,61.5,1009.9
1990100812,21.1,0,3.5,50,53,1011.8
1990100818,15.5,0,2.6,353.8,71.5,1016.2
1990100900,13.9,0,1.1,313.4,76.5,1017.7
1990100906,15,0,2.6,8.1,75,1019.6
1990100912,17,0,4.4,31.8,51,1021.2
1990100918,12.2,0,2.8,3.3,73.5,1025.1
1990101000,10.3,0,1.8,355.4,79,1027.5
1990101006,12.9,0,1.9,91.3,74,1029.5
1990101012,18.1,0,3.9,90,43,1028.7
1990101018,13.1,0,1.2,5,60,1028.8
1990101100,10.5,0,0.4,346.4,79,1028.1
1990101106,13.4,0,0.7,237.1,80.5,1027.1
1990101112,18.9,0,1.6,46.9,64.5,1024.5
1990101118,16.1,0,1.2,325.4,73.5,1024
1990101200,14.4,0.7,0.8,325,88,1023
1990101206,15.1,0,0.3,350,86.5,1021.8
1990101212,18.6,0,0.9,7.9,75,1019.4
1990101218,17.9,2.5,0.7,357.2,87,1017.6
1990101300,17.1,6.1,1.2,356.9,91,1016
1990101306,17.5,0,2,350,87.5,1014.3
1990101312,19.9,0,2.5,350,79.5,1012.7
1990101318,18.1,0,1.4,10,81.5,1013.2
1990101400,16.9,0,0.7,358,85,1014
1990101406,18.5,0,1.3,341.5,84.5,1015.5
1990101412,21.8,0,2.3,108.3,56,1015.3
1990101418,18.6,0,0.8,31.6,77.5,1016.6
1990101500,13.9,0,0.9,70.5,89.5,1017.8
1990101506,15.6,0,1.2,298.7,85.5,1018.8
1990101512,22.8,0,1.9,93.5,44,1016.4
1990101518,17.4,0,0.6,335.1,64,1016.1
1990101600,13.1,0,0.1,335.9,83.5,1016.3
1990101606,15.1,0,1.3,302.3,82,1016.6
1990101612,23.8,0,2.5,350,41,1014.4
1990101618,15.7,0,1.2,302.9,43,1015.2
1990101700,10.5,0,0.3,308.4,75.5,1015.9
1990101706,12.9,0,1.4,316.6,75,1017.1
1990101712,20.4,0,2.9,357,30.5,1016.4
1990101718,13.6,0,1.3,6.3,36,1018.1
1990101800,10.8,0,2.7,357.3,54.5,1019.2
1990101806,12.4,0,2.8,357.7,52,1020.2
1990101812,19.6,0,2.5,328.1,30.5,1017.8
1990101818,13.1,0,1.2,340.5,44.5,1017.9
1990101900,10.2,0,1.4,328,64,1018.3
1990101906,13.8,0,1.8,331.3,58,1018.8
1990101912,22.1,0,1.5,170,30,1016.7
1990101918,15.6,0,0.8,289,60.5,1016.6
1990102000,10.8,0,0.9,299.8,76,1017.7
1990102006,13.7,0,1.2,274.4,75,1018.8
1990102012,22.2,0,2.3,139.1,35,1017.8
1990102018,16.4,0,0.6,358.4,69.5,1019.2
1990102100,12.7,0,0.4,322,83.5,1020.6
1990102106,15,0,1.2,62.4,84,1021.7
1990102112,21.1,0,3.9,76.8,42.5,1021.1
1990102118,16.7,6,2.8,19.7,48,1021.5
1990102200,14.3,0,0.9,80,85,1021.8
1990102206,16.6,0,3,0.4,73,1022.1
1990102212,19.7,0,3.3,40.4,47.5,1020.9
1990102218,15.6,0,2.1,353.4,63,1021.2
1990102300,13,0,1.4,10,75.5,1021.7
1990102306,15.9,0,2.8,10,71.5,1021.4
1990102312,19.8,0,3.4,48.4,50.5,1019.8
1990102318,15.5,0,1.7,352.2,70.5,1020.7
1990102400,12.4,0,0.8,320.5,85,1021
1990102406,14.2,0,0.9,270.3,82.5,1020.1
1990102412,20.5,0,2.1,86.9,45.5,1018.1
1990102418,16.6,0,0.6,350.4,73.5,1017.2
1990102500,13.6,3.3,2,356.6,82,1016.2
1990102506,13.1,0,0.8,333.4,86.5,1014
1990102512,17.9,0,1.4,1.3,55,1010.4
1990102518,14.3,0,1.3,8.7,58,1009.8
1990102600,13.2,0,2.9,328.5,78.5,1009.4
1990102606,13.6,0,3.9,346.6,59.5,1011.5
1990102612,16.7,0,3.5,1.3,42.5,1014.6
1990102618,12,0,1.4,26.6,53,1018.7
1990102700,7.9,0,0.6,90,76,1020.9
1990102706,10.5,0,1.4,313.4,71,1023.4
1990102712,18.3,0,2.7,80,39,1022.2
1990102718,14.2,0,0.7,346.1,60.5,1023.3
1990102800,9.5,0,0.2,330.5,83,1023.9
1990102806,10.8,0,0.4,279.8,82,1024.9
1990102812,19.5,0,2.5,170,45,1023.5
1990102818,15,0,1,241.8,64,1023.8
1990102900,11.5,0,0.4,340.3,82.5,1023.7
1990102906,13.2,0,0.7,250,83,1023.5
1990102912,19.6,0,2.5,103.6,51,1021.9
1990102918,15.4,0,1.1,0,71.5,1022
1990103000,11.5,0,0.4,312.6,86.5,1022
1990103006,12.9,0,0.7,241.4,85.5,1022.5
1990103012,21,0,1.9,83.5,41.5,1020.4
1990103018,15.3,0,0.8,341.2,70.5,1021.6
1990103100,11,0,0.1,7.7,85,1021.8
1990103106,12.4,0,0.4,284,85,1022.3
1990103112,22,0,2.5,173.5,39,1020.1
1990103118,15.3,0,0.6,292.9,58,1019.5
1990110100,10.2,0,0.2,342.8,83,1019.1
1990110106,12.5,0,1.2,305.6,81.5,1019.8
1990110112,21.6,0,1.9,218.7,34.5,1017.7
1990110118,15,0,1.1,306.6,60.5,1017.7
1990110200,10.2,0,1.1,276.8,76.5,1018.9
1990110206,12.1,0,1.2,256.5,77.5,1019.7
1990110212,20.6,0,2.3,145.3,45.5,1018.2
1990110218,15.1,0,0.5,344.8,74.5,1017.8
1990110300,11.1,0,0,0,87,1017.3
1990110306,11.9,0,0.2,340.5,89.5,1016.7
1990110312,18.5,0,1.4,84.4,61,1013.9
1990110318,16,0,1.2,354.4,71,1012.7
1990110400,13.2,0,0.8,336.6,86,1011.1
1990110406,15,0,2.9,16.7,81.5,1009.8
1990110412,18.8,0,3.3,31.8,50.5,1008.3
1990110418,13.6,0,1.2,313.4,70.5,1010.4
1990110500,8.9,0,0.3,277.8,84.5,1012.9
1990110506,11,0,0.3,279,83.5,1014.4
1990110512,21.5,0,3,199.4,39,1013.5
1990110518,16.8,0,1.2,296.4,52,1014.5
1990110600,12.1,0,0.6,314.9,76.5,1016.2
1990110606,12.9,0,0.6,316.8,82.5,1016.7
1990110612,21.7,0,4.5,239.8,38,1013.2
1990110618,16.5,0,2.3,5,58,1013
1990110700,11.6,0,1.2,338.8,61,1015.3
1990110706,12.3,0,2.4,316.8,56,1018.3
1990110712,19,0,2.6,343.1,28.5,1019
1990110718,13.9,0,1.8,16.9,37,1021.3
1990110800,10.8,0,1.1,322.1,48.5,1022.7
1990110806,11.4,0,1.2,305,58,1024.3
1990110812,17.6,0,3.1,260,48.5,1023.2
1990110818,14.9,0,1.9,344.9,60.5,1022.9
1990110900,13,0.1,1,300.8,75,1020.2
1990110906,12.5,8.3,0.9,46.9,88.5,1015.5
1990110912,11.1,12.7,3.4,3.3,84.5,1008.5
1990110918,8.9,0.6,4.4,340,65.5,1009.1
1990111000,3.7,0,2.8,346.4,34,1012.7
1990111006,2.5,0,3,343.4,33,1017.8
1990111012,5.9,0,4.5,343.3,27.5,1019
1990111018,1.7,0,1.1,333.6,36,1021.2
1990111100,0.6,0,0.8,347.4,52.5,1021.8
1990111106,5.6,0,2.2,331.6,45,1022.1
1990111112,13.9,0,2.7,310.9,28,1021
1990111118,8.6,0,0.9,325,46.5,1020.7
1990111200,4.2,0,0.6,302,71.5,1022.2
1990111206,7.1,0,0.7,280.3,74,1024.2
1990111212,18.9,0,1.6,210.4,37.5,1023
1990111218,12.6,0,0.9,296,56,1023.2
1990111300,7.4,0,0.9,291.3,80,1024.4
1990111306,9.6,0,1.5,282.8,72.5,1024.8
1990111312,21.2,0,2.7,266.7,32.5,1022.7
1990111318,13.6,0,1,280,48.5,1022.6
1990111400,7.8,0,0.8,316.3,76.5,1022.6
1990111406,9.2,0,0.8,263.3,80.5,1022.5
1990111412,19.9,0,1.8,212.6,37.5,1019.7
1990111418,13.1,0,0.8,320.2,54.5,1019.8
1990111500,8,0,0.5,314.4,80,1020.7
1990111506,9.8,0,0.7,341.6,78.5,1021.8
1990111512,18.1,0,2.9,66.6,51.5,1022.2
1990111518,13.3,0,1.4,332.6,70.5,1024.9
1990111600,8.9,0,0.6,307.8,85,1026
1990111606,9.5,0,0.4,314.9,86,1025.9
1990111612,21,0,2.5,260,39,1023.8
1990111618,14.8,0,0.7,327.8,57.5,1023.9
1990111700,11.9,0,1.2,322.3,72,1025.1
1990111706,12,0,1.1,265.2,77,1026.4
1990111712,20.1,0,2.3,96.8,47,1024.2
1990111718,15.5,0,1,332,75.5,1024
1990111800,13.7,0,0.3,335.9,83.5,1023.1
1990111806,14.5,0,0.7,260,84.5,1022.5
1990111812,22.6,0,3.1,266.9,45.5,1019.9
1990111818,18.7,0,0.7,58.9,68,1020.6
1990111900,16.1,0,0.9,8.7,80.5,1021.8
1990111906,16.4,0,0.6,348.1,81.5,1022
1990111912,17.9,1.8,0.8,42.5,81.5,1019.8
1990111918,16.6,15.8,2.2,216,87,1016.8
1990112000,15.3,4.5,0.4,343.4,86,1013.7
1990112006,15.7,0,0.4,335.9,86.5,1012.4
1990112012,17.3,0,4.3,336.7,51.5,1013
1990112018,10.7,0,4.9,340,27,1016.9
1990112100,2.6,0,5.2,353.4,25,1022.9
1990112106,2,0,4.4,353.4,23.5,1026.6
1990112112,6.4,0,3.6,333.4,18,1025.6
1990112118,3.8,0,3.2,353.6,22,1024.9
1990112200,5.5,0,3.8,340,39.5,1024
1990112206,6.3,0,1.4,269.2,54,1025.4
1990112212,14.3,0,2.8,316.1,28.5,1023.1
1990112218,8.8,0,1.4,340,36.5,1025.4
1990112300,6.6,0,1.8,3.9,52.5,1027.6
1990112306,8.2,0,1.7,45.9,58,1029.9
1990112312,14.9,0,1.8,130.4,32.5,1029.6
1990112318,8.6,0,0.8,304.6,53,1030
1990112400,4.7,0,0.5,305.5,78,1029.8
1990112406,5.4,0,0.5,223,78.5,1029.8
1990112412,15.9,0,1,190.3,46,1026.6
1990112418,12.5,0,0.3,322,62.5,1025.2
1990112500,9.8,0,0.6,300.3,78,1024.9
1990112506,9.9,1.1,0.2,356.7,83,1023.8
1990112512,12,3.2,0.2,324.8,86.5,1021.2
1990112518,11.7,0,1.6,31.6,84.5,1021.5
1990112600,8.7,0,2.5,16.2,68.5,1022.7
1990112606,8.6,0,1.5,16.3,70.5,1024.6
1990112612,14.9,0,1.6,82.3,40,1023.8
1990112618,11.3,0,0.2,358,63,1024.1
1990112700,9.3,0,0.5,353.2,78.5,1024.2
1990112706,10.5,0,0.2,5,80,1023.8
1990112712,16.1,0,1.8,46.3,60.5,1022.1
1990112718,12.8,0,2,346.8,71.5,1022.8
1990112800,12.6,0,1.5,10.2,78,1022.6
1990112806,14.1,0,2.8,45.1,69,1023.3
1990112812,15.4,0,3.8,55.3,49,1023.4
1990112818,13,0,3,45.1,55.5,1024.2
1990112900,13.1,0,4,50,53,1024.4
1990112906,14,0,5.5,66.7,49,1024.4
1990112912,14.4,0,5.4,56.6,50,1022.2
1990112918,13.4,0,5.1,50,58.5,1020.4
1990113000,12.6,0,4.8,29.9,61.5,1017.9
1990113006,12.5,0,5.2,20,68,1015
1990113012,13.7,0,4.1,20,58.5,1011.2
1990113018,11.1,0,1,18.4,59,1010.6
1990120100,6.8,0,0.2,348.6,77.5,1009.9
1990120106,8.1,0,1.7,318.7,79.5,1008.5
1990120112,8.2,0,6.7,283.4,37,1007.2
1990120118,4.1,0,5.6,276.6,33,1011.3
1990120200,3.8,0,5.4,280,42.5,1013
1990120206,4.7,0,5.3,290,41.5,1016
1990120212,7.4,0,4.8,318.4,32.5,1017.7
1990120218,2.2,0,3.7,340,38.5,1022.3
1990120300,0,0,5.6,320,31,1025.9
1990120306,-0.2,0,3.9,354.1,30.5,1029.6
1990120312,5.9,0,4.9,326.6,28.5,1029.7
1990120318,3.9,0,2.1,342.8,43,1030.8
1990120400,2.8,0,1.6,18.9,52,1031.6
1990120406,3.7,0,0.9,0,60.5,1031.7
1990120412,10.7,0,2.4,3.4,37.5,1030.2
1990120418,5.1,0,0,0,50.5,1030.7
1990120500,0.6,0,0,0,72.5,1030.4
1990120506,1.6,0,0,0,79,1030.1
1990120512,12.4,0,1.5,203,34,1027.6
1990120518,6.3,0,0.1,0,45,1027.7
1990120600,1,0,0.1,0,73.5,1028.3
1990120606,2,0,0,0,82,1028.3
1990120612,14.4,0,2,241.9,27,1025.9
1990120618,9.2,0,0.3,303.9,40.5,1025.6
1990120700,5.2,0,0.2,348.7,74,1025.8
1990120706,4.6,0,0.1,350.3,82,1025.9
1990120712,16.7,0,2,241.9,30,1023.3
1990120718,10.8,0,0.2,350,50.5,1023.5
1990120800,5.4,0,0,0,83,1023.5
1990120806,5.3,0,0.1,4.8,88.5,1023.1
1990120812,17.4,0,2.1,222.1,31,1020.2
1990120818,12.2,0,0.5,350.3,50.5,1019.6
1990120900,6.5,0,0.3,342.8,77,1018.9
1990120906,8.3,0,0.1,353.6,82,1017.2
1990120912,17.5,0,1.8,249,53,1013.8
1990120918,13.2,0,0.5,335.9,76,1013.8
1990121000,8.1,0,0.4,340,87.5,1014.7
1990121006,7.4,0,0.7,358,89.5,1016.7
1990121012,15.9,0,1.6,59.3,42.5,1016
1990121018,10.3,0,0.2,342.8,57.5,1016.3
1990121100,7,0,0.6,9.5,73.5,1015.1
1990121106,6.5,0,4.8,299.9,65,1013.9
1990121112,5.8,0,4.7,336.6,33.5,1018.9
1990121118,1.9,0,2.2,23.2,44.5,1025.2
1990121200,-0.9,0,2,353.9,64.5,1026.2
1990121206,0.1,0,1.5,302.4,69.5,1025.7
1990121212,7.8,0,3.1,340,25,1023.6
1990121218,3.5,0,2.8,2.8,31,1024.8
1990121300,0.3,0,1.3,346.8,55,1025.1
1990121306,0.2,0,1.6,289.9,69.5,1024.8
1990121312,10,0,2.3,245.5,36,1021.6
1990121318,7.5,0,1.1,15,31.5,1021.5
1990121400,3.9,0,0.6,336.6,56,1021.5
1990121406,4.8,0,1,344.5,69.5,1021.5
1990121412,11.4,0,2.7,18.9,47,1020.2
1990121418,5.4,0,3.7,353.4,38.5,1022.8
1990121500,-0.5,0,1.9,46.9,35.5,1025.9
1990121506,-1,0,0.6,16.5,43.5,1026.8
1990121512,4.3,0,1.6,29.9,27.5,1025.4
1990121518,0.4,0,1,356.6,23.5,1025.4
1990121600,-0.2,0,3.7,350.2,30.5,1025.6
1990121606,1.9,0,3.9,0.9,43,1026.2
1990121612,7.5,0,5.2,336.7,29,1024.8
1990121618,2.8,0,1.6,6.8,28,1025.8
1990121700,-0.5,0,0.9,331.9,37.5,1025.4
1990121706,-0.3,0,0.6,314.4,42,1023.2
1990121712,6.3,0,2.2,305,25,1018.5
1990121718,3.1,0,2.5,13.4,32.5,1017.3
1990121800,2.3,0,2.9,340,49,1018.3
1990121806,3.3,0,4,343.4,55,1018.6
1990121812,7.6,0,3.1,346.5,36.5,1019
1990121818,2.7,0,1.6,11.1,33.5,1021.6
1990121900,-0.2,0,0.3,353.6,43,1023.5
1990121906,0.1,0,0.5,328.1,56.5,1023.5
1990121912,9.8,0,1,115.8,34.5,1021.5
1990121918,5.2,0,0.6,348.8,42,1020.9
1990122000,2.3,0,0,0,54,1019.7
1990122006,3.5,0,0.2,353.5,59,1017.7
1990122012,9.6,0,0.9,359.3,37.5,1015.2
1990122018,5.5,0,1,14.7,37,1015.7
1990122100,1.1,0,0.2,348.7,57,1017.2
1990122106,1.5,0,0.2,350,75,1018
1990122112,12,0,2.1,233.3,37,1016.6
1990122118,9.4,0,2.4,252.4,52,1015.5
1990122200,7.3,0,1.3,317.4,65,1015.3
1990122206,6.7,0,2.6,266,38.5,1016.8
1990122212,10.4,0,6,293.2,28.5,1013.5
1990122218,4.2,0,3.8,321.8,37.5,1016.8
1990122300,1.3,0,3.4,321.5,41.5,1020.3
1990122306,0.6,0,1.8,323.5,50,1022.6
1990122312,5.3,0,4.7,326.6,22,1021.7
1990122318,1.1,0,1,353.4,25,1022.5
1990122400,-1.7,0,1.7,349.8,33.5,1023.5
1990122406,-0.8,0,2.6,346.5,38,1023.8
1990122412,4.8,0,3.2,353.6,22.5,1022.5
1990122418,1.6,0,0.9,0.9,24.5,1023.5
1990122500,-2.8,0,0,0,47,1023.9
1990122506,-2,0,0,0,57.5,1022.8
1990122512,9,0,1.8,271.1,31.5,1017.8
1990122518,8.2,0.8,1.3,292.4,68,1011.5
1990122600,2.5,0,5.3,305,42.5,1011.1
1990122606,-1.4,0,4.4,305,34,1016.2
1990122612,-0.4,0,6.2,333.2,34,1015.6
1990122618,-3.6,0,4.6,340,31.5,1016.6
1990122700,-6.5,0,3.5,20.2,40,1022.2
1990122706,-7.1,0,2,48.4,46.5,1026.6
1990122712,3.7,0,2,35,28,1025.4
1990122718,-0.2,0,1.1,43.7,24.5,1026.1
1990122800,-2.6,0,1.5,348.3,29.5,1025.1
1990122806,-2.2,0,0.9,14.7,34.5,1024.4
1990122812,4.6,0,2.3,13.6,19.5,1023.6
1990122818,1.9,0,1.9,353.5,28,1024.2
1990122900,0,0,3.2,6.8,37,1025.3
1990122906,0,0,3.7,346.8,32.5,1026.6
1990122912,5.2,0,3.5,353.1,23,1027.9
1990122918,0.8,0,0.4,317.6,25,1029.6
1990123000,-1.9,0,0.4,350.2,45,1030.2
1990123006,-2.4,0,0,0,64.5,1030
1990123012,7.2,0,0.3,93,48,1026.6
1990123018,5.4,0,0.2,350,67,1024.7
1990123100,4.2,0,0,0,64,1022.7
1990123106,5.3,0,0,0,66.5,1019.8
1990123112,11.2,0,0,0,60.5,1016.5
1990123118,10.9,0,0.1,0,66.5,1014
1991010100,7.3,0,0.2,351.8,78.5,1013.1
1991010106,6.5,0,0.6,338.3,85.5,1012.3
1991010112,9.9,0,2.5,18.5,47.5,1011.4
1991010118,5.6,0.7,2.4,7.9,78.5,1012.3
1991010200,2.7,0,3.5,11.5,47,1013
1991010206,0.4,0,4.1,356.6,27.5,1016.8
1991010212,2.9,0,4.6,340,14,1018.2
1991010218,-0.3,0,2.8,350,13,1020.3
1991010300,-3.1,0,2.7,3.9,19,1022.1
1991010306,-2.8,0,3.6,6.6,34,1022.9
1991010312,4.1,0,3.2,290.7,24.5,1020.3
1991010318,1.8,0,1.9,248.1,31.5,1018.9
1991010400,0.1,0,2.6,342.8,43.5,1018.3
1991010406,-2.5,0,3.5,343.3,43,1020.7
1991010412,1.7,0,3.7,346.4,26.5,1020
1991010418,-1.6,0,1.9,23.1,28.5,1019.6
1991010500,-3.5,0,3.1,0.9,33.5,1019.5
1991010506,-4.3,0,3.9,346.6,36,1018.8
1991010512,0,0,4.5,328.5,27,1016.7
1991010518,-3.6,0,1.4,33.2,29.5,1019.2
1991010600,-4.7,0,2,0.9,38.5,1020.9
1991010606,-3.1,0,3.7,346.5,36.5,1022.3
1991010612,3.9,0,3.1,336.6,25,1021.9
1991010618,-0.1,0,1.4,40.5,28.5,1023.8
1991010700,-3,0,0.5,323,40.5,1024.5
1991010706,-0.8,0,0.3,324.9,40.5,1022.2
1991010712,5.1,1.3,2.5,315.1,56,1016.8
1991010718,1.6,0.5,2.4,32.3,75.5,1015
1991010800,-2.7,0,4.1,340,55.5,1018.8
1991010806,-3.5,0,3.8,0.9,53,1018.4
1991010812,1.6,0,3.3,336.7,39,1017.1
1991010818,-2.5,0,1.6,31.8,41.5,1018.4
1991010900,-5.1,0,0.6,10,49,1020.1
1991010906,-4.4,0,1.4,17.2,52,1021.5
1991010912,5.4,0,2.5,3.5,24,1020
1991010918,1.7,0,1.7,350.2,22,1020
1991011000,-0.1,0,1.5,3.4,48.5,1020.2
1991011006,-0.9,0,1,245.5,62,1020.9
1991011012,6.5,0,2.3,273.9,39,1018.7
1991011018,3.4,0,1.3,0.4,40.5,1018.8
1991011100,0.7,0,1.5,18.2,56.5,1019.2
1991011106,0.6,0,0.1,342.8,61.5,1018.4
1991011112,5.6,0,0.7,275.1,45,1015.8
1991011118,4.4,0,1.2,26.2,36,1015.6
1991011200,0.6,0,2,13.4,39.5,1016.2
1991011206,0.4,0,3.5,13.6,37,1017.2
1991011212,4.7,0,4.2,336.7,28,1017.6
1991011218,1.2,0,2.2,340,38,1019.4
1991011300,-2,0,3.2,336.7,42,1021.8
1991011306,-2.6,0,3.8,349.8,34.5,1023.5
1991011312,2,0,5.3,336.7,26,1023.9
1991011318,-1.3,0,1.9,356.6,31.5,1025.2
1991011400,-3.7,0,3.1,332.1,34,1027.3
1991011406,-3.6,0,1.9,25.7,36,1028.1
1991011412,0.8,0,3.1,350,26.5,1026.3
1991011418,-0.7,0,3.7,346.6,21.5,1026.8
1991011500,-4.4,0,1.9,16.5,25.5,1027.8
1991011506,-4.2,0,0,0,39.5,1028.8
1991011512,6.4,0,2.3,276.6,30.5,1026.1
1991011518,1.9,0,0.3,335.5,38.5,1026.9
1991011600,-1.4,0,0.1,0,62.5,1028.3
1991011606,-2.4,0,0,0,71.5,1027.9
1991011612,8.5,0,1.5,287.5,26,1025.2
1991011618,5,0,0.7,298.1,35.5,1023
1991011700,2.8,0,1.2,337.1,59.5,1019.8
1991011706,5.3,0,4.4,340,35.5,1020.1
1991011712,6.8,0,5.3,323.3,15.5,1022.2
1991011718,1.4,0,1.9,26.7,17.5,1026.7
1991011800,-2.9,0,2.2,10.2,37,1028.4
1991011806,-1.9,0,4.1,26.6,42,1029.7
1991011812,5.5,0,2.9,41.5,25,1030.3
1991011818,1.5,0,1.6,31.8,51,1032.5
1991011900,-1.6,0,0.3,0,60.5,1032.9
1991011906,-1.5,0,0.1,350,70.5,1032.7
1991011912,8.7,0,1.1,178.4,45,1030.3
1991011918,4.6,0,0.2,18.9,60,1028.9
1991012000,1.5,0,0,0,73.5,1027.9
1991012006,0.8,0,0,0,74,1026.5
1991012012,9.8,0,0.6,80,57,1024.2
1991012018,9.8,0,0.1,357,68,1022.7
1991012100,7.9,2.5,0.4,350,82.5,1020.8
1991012106,6.5,12.6,2.4,6.6,82,1017.8
1991012112,6.2,9.4,3.2,13.4,80.5,1016.3
1991012118,6.6,1.4,2.2,353.4,78,1018.4
1991012200,6.7,0.2,2.4,13.4,75,1020.2
1991012206,5.8,0.2,2.1,10,74.5,1021.9
1991012212,5.4,0.8,1.6,6.8,73.5,1022.7
1991012218,3.8,0.5,1.3,350,77.5,1024.6
1991012300,2.8,0.1,1.3,340,80,1026.9
1991012306,3,0,0.8,350,82,1029.4
1991012312,8.1,0,2.3,83.4,50,1028.2
1991012318,4.6,0,0.8,342.2,62.5,1027.8
1991012400,2.7,0,0.8,272.8,77,1026.4
1991012406,3.1,0.5,1,288.2,81,1022.8
1991012412,5.8,7.3,0.6,88.4,85,1016.9
1991012418,5,0.2,3.2,335,67,1015.7
1991012500,2.8,0,1.8,333.4,45,1018.8
1991012506,3.1,0,3,340,44,1019.8
1991012512,6.5,0,4.3,333.2,24,1020.2
1991012518,2.6,0,2.2,17.3,24,1021.7
1991012600,-0.8,0,3.2,0,27.5,1024.3
1991012606,0,0,3.5,353.2,30.5,1025.9
1991012612,5.2,0,4.3,321.8,22.5,1025.3
1991012618,1.8,0,2.1,10,22.5,1027.4
1991012700,-1.8,0,2.5,24.9,29.5,1028.4
1991012706,-1.7,0,1.9,6.8,37,1029.2
1991012712,5,0,2.7,48.4,24.5,1027.5
1991012718,1.8,0,2,10,24,1028.6
1991012800,0.2,0,2.3,3.4,44,1030.7
1991012806,0.7,0,2.2,26.8,53.5,1031.9
1991012812,5.4,0,2.9,66.6,32.5,1032.1
1991012818,2.2,0,2,15.8,45.5,1031.8
1991012900,-1.2,0,0.7,349.8,62.5,1031.4
1991012906,-0.3,0,0.7,350.7,69.5,1031.6
1991012912,7.2,0,2.7,96.8,31.5,1030.2
1991012918,3.6,0,1.3,30,39,1031.4
1991013000,-0.3,0,0.6,305.5,61.5,1031.3
1991013006,0.3,0,0.7,309.2,71,1030.4
1991013012,7.8,0,2,110.9,36.5,1027.8
1991013018,3.9,0,1,10.1,56,1027.1
1991013100,2.2,0,0.7,290.9,66,1026.2
1991013106,1,0,1.1,338.2,58.5,1025.1
1991013112,8.5,0,2.2,76.5,29,1021.9
1991013118,4,0,1.9,35.8,21,1019.8
1991020100,1,0,3,6.6,33,1019.6
1991020106,1.1,0,2.9,31.8,35,1019.7
1991020112,7.2,0,4,353.2,15.5,1018.4
1991020118,2.3,0,3.3,10.2,27.5,1019.5
1991020200,-1.7,0,1,16.7,44,1021.8
1991020206,-1.7,0,1.2,338.1,51,1023.7
1991020212,5.9,0,2.8,58.5,25,1022.7
1991020218,1.9,0,1.1,358,28.5,1023.6
1991020300,-3.2,0,0.5,285.9,48,1024.6
1991020306,-2.4,0,0.7,253.1,58.5,1023.7
1991020312,8.7,0,2.6,286.9,25,1020.5
1991020318,4.8,0,2.2,31.6,18,1019.3
1991020400,1.6,0,3.8,346.8,35,1019.2
1991020406,1.4,0,1.5,250.8,53,1018.4
1991020412,6.7,0,5.5,311.5,34.5,1015.8
1991020418,1.8,0,3.6,336.7,25,1018.8
1991020500,-2,0,2.1,346.8,38,1022
1991020506,-0.9,0,3.2,10,42.5,1023.7
1991020512,7.2,0,2.1,190.3,27,1021.4
1991020518,2.6,0,0.4,348.4,27,1021.3
1991020600,-0.1,0,1.9,0.4,42.5,1022.1
1991020606,0.9,0,2.7,74.6,36,1021.8
1991020612,7.8,0,2.9,353.6,22,1020.2
1991020618,4,0,1.3,84,31,1019.6
1991020700,1.9,0,1.2,345.3,48.5,1019.2
1991020706,1.8,0,1.4,340,59.5,1019
1991020712,10.6,0,2.2,129.6,29.5,1017.2
1991020718,6.4,0,1.4,302.3,29,1016.7
1991020800,5.9,0,4.8,313.4,41.5,1016.2
1991020806,3.5,0,2.2,14.3,39,1021.4
1991020812,8.8,0,2.4,148.4,26,1023
1991020818,3.7,0,1.1,266.8,45,1024.1
1991020900,-0.9,0,0.9,302,68.5,1024.9
1991020906,-0.5,0,0.7,305,69.5,1024.2
1991020912,10.2,0,1.4,135,41,1021.2
1991020918,9.4,0.7,1.4,184.9,62,1018.1
1991021000,8.2,6,1,342.5,81,1012
1991021006,7.2,8.1,2.6,0,77.5,1009.1
1991021012,6.8,0,2.2,14.7,68,1011.8
1991021018,6.4,0,1.5,15.8,63.5,1015.1
1991021100,5.4,0,1.3,325.9,70,1016.2
1991021106,5.4,0,1.6,1.4,71.5,1017
1991021112,9.7,0,2.8,332.6,38,1015.8
1991021118,5,0,2.6,346.4,46.5,1018.1
1991021200,2.3,0,2.2,353.9,45.5,1021.2
1991021206,2.8,0,2.7,7.9,31.5,1023.7
1991021212,9.3,0,3.2,3,15.5,1024.5
1991021218,5.1,0,1.5,334,19,1024.7
1991021300,0.7,0,0.5,343.6,43,1026.2
1991021306,2.1,0,0.3,238.6,47.5,1025.9
1991021312,8.5,0,1.2,111.3,40,1024.8
1991021318,7.2,0,0.8,297.2,58.5,1024.1
1991021400,3.7,0,0.4,318.8,71,1023.2
1991021406,5.8,0,2.8,51.8,65.5,1021.8
1991021412,9.2,0,4.3,66.7,50,1019
1991021418,7.2,1.2,2.8,23.2,77.5,1016.5
1991021500,6.6,4.1,2.6,356.7,79,1012.7
1991021506,6.2,3.5,2.7,0,78,1007.7
1991021512,6.3,4.6,3.7,13.4,74.5,1004
1991021518,4.4,2.4,3.1,353.4,72.5,1005.5
1991021600,3,0.3,2,40.1,67,1010.8
1991021606,2.1,0,2.1,22.4,56,1015.2
1991021612,5.9,0,3.5,53.3,30.5,1015.7
1991021618,2.5,0,2.3,31.8,34,1017.5
1991021700,0.2,0,2.8,356.6,38,1020.2
1991021706,1.8,0,3.3,0,41,1023.2
1991021712,4.7,0,3.4,47.4,33.5,1024.1
1991021718,1.4,0,1.6,19.3,43.5,1024.8
1991021800,-0.6,0,0.4,16.3,61.5,1024
1991021806,0.3,0,0.5,328.7,67,1021.2
1991021812,5.1,0,3,283.4,29.5,1018.2
1991021818,3.5,0,2.3,296.6,36,1015
1991021900,1.5,0,3.6,332.3,33.5,1015.8
1991021906,0.1,0,4.5,336.6,27.5,1017.6
1991021912,2.6,0,5.1,330,18,1018.2
1991021918,-0.5,0,2.9,340,14.5,1019.6
1991022000,-3.1,0,3.5,350.2,23.5,1020.8
1991022006,-2.5,0,3.2,336.7,32.5,1020.2
1991022012,3.4,0,5,290,21,1017
1991022018,0.8,0,2.8,291.3,30,1015.9
1991022100,-2.1,0.5,1.9,279.3,54.5,1018.3
1991022106,-1.3,0.3,5.1,310.4,48.5,1016.9
1991022112,0.7,0,6.6,315.1,14.5,1017.5
1991022118,-3.1,0,4,323.3,19,1022.6
1991022200,-6.4,0,1.2,14.7,26,1024.3
1991022206,-6.4,1.6,2.6,11.4,57.5,1021.1
1991022212,-2.2,0,4.2,0.9,45,1019.8
1991022218,-6.8,0,2.6,349.8,30.5,1024.7
1991022300,-10.7,0,2.7,343.3,34,1028.8
1991022306,-9.7,0,4.2,343.3,34,1029.8
1991022312,-2.5,0,4.2,302,19.5,1028.4
1991022318,-4.1,0,1.9,0.4,30,1028.3
1991022400,-8.2,0,2.8,5,47.5,1030.8
1991022406,-7.4,0,2.3,23.7,48,1031
1991022412,0.4,0,4.6,336.6,21,1029.9
1991022418,-2.7,0,2.8,2.4,24.5,1030.3
1991022500,-5.7,0,2.5,37.1,35,1031.8
1991022506,-4.1,0,2.3,46.3,41.5,1031.9
1991022512,5.2,0,3.1,353.2,26,1030.9
1991022518,1.1,0,2.5,317.4,20.5,1030.2
1991022600,-4.2,0,1.3,301.3,42.5,1030.8
1991022606,-2.5,0,1.7,290.2,53.5,1031.1
1991022612,9.2,0,2.9,276.8,15.5,1027.9
1991022618,4.6,0,1.2,311.3,20,1026.4
1991022700,0,0,0.4,335.5,56,1027.2
1991022706,2.1,0,0.6,288.1,66,1026
1991022712,8.3,0.4,2.3,246.6,67.5,1023.8
1991022718,6.6,2.3,2.4,233.3,82,1020.1
1991022800,5.9,0.6,0.5,345.1,84,1015.2
1991022806,7.3,0,1.8,349.6,79.5,1014.8
1991022812,9.3,0,2.9,340,38.5,1017.2
1991022818,6.4,0,2.5,20.2,27,1019
1991030100,2.6,0,2.1,14.7,37,1020
1991030106,3.3,0,2.8,10.2,51,1022
1991030112,7.2,0,3,90.4,47,1021.4
1991030118,3.8,0,1.5,21.2,56,1022.2
1991030200,0.3,0,1,352.7,59,1024
1991030206,2.2,0,1.6,2.1,35.5,1024.2
1991030212,10.9,0,2.9,112.1,19,1022.8
1991030218,5.4,0,1.2,267.4,40.5,1023.2
1991030300,2.2,0,0.7,240,60.5,1024.4
1991030306,3.6,0,1.8,4.7,61,1025.8
1991030312,11.6,0,2.9,153.2,36,1024.3
1991030318,6.6,0,1.1,254.6,53,1023.5
1991030400,1.7,0,0.4,288.4,74.5,1022.7
1991030406,2.3,0,0.2,353.6,82.5,1021.4
1991030412,10.8,0,1,288.4,40.5,1018.5
1991030418,9.1,0,0.5,332.1,48.5,1016.7
1991030500,3.9,0,0.3,316.2,75.5,1016.9
1991030506,5,0,0.6,300.3,70.5,1016.9
1991030512,15.7,0,2.8,156.7,22.5,1015.3
1991030518,9.6,0,0.3,45.1,49.5,1014.5
1991030600,4.5,0,0.1,350,66,1015
1991030606,6.7,0,0.6,302,67,1015.7
1991030612,19.4,0,2.2,164.3,22.5,1014.8
1991030618,13.1,0,0.9,26.6,46,1017.5
1991030700,9.6,0,2.8,38.4,61,1021.2
1991030706,7.7,0,4.8,66.7,67.5,1025.3
1991030712,6.8,0,4.5,76.6,62,1025.9
1991030718,3.3,10,2.2,55.3,79.5,1024.9
1991030800,3.8,9.4,2.6,70,86,1023.5
1991030806,4.6,0.7,3.3,66.7,75,1021.2
1991030812,5.2,8.7,3,50,82,1015.8
1991030818,4.5,5.1,2.8,7.9,86,1011.7
1991030900,3.7,0.5,1,336.6,88.5,1012.3
1991030906,4.4,0,0.2,332.1,85,1015
1991030912,9.3,0,1,68.7,64,1016.5
1991030918,5.6,0,1.4,20.2,64.5,1018.8
1991031000,2.6,0,1.3,352.3,69.5,1020.7
1991031006,3.8,0,0.9,330.2,70,1021.5
1991031012,8,0,2.6,80,54.5,1020.4
1991031018,5.4,2.3,1.8,356.7,79.5,1018.3
1991031100,3.4,21.5,2.9,356.7,86,1016.5
1991031106,4.2,8.6,2.9,20.2,87,1016.6
1991031112,7,2,2.3,43.4,78,1016.7
1991031118,6.1,0.1,1.1,350,73,1018.2
1991031200,3.6,0,0.8,331.6,80,1019.4
1991031206,5.1,0,2,4.8,74,1020.8
1991031212,12.8,0,3,65.7,24,1020.3
1991031218,7.8,0,1.2,10,56.5,1021.8
1991031300,3.2,0,0.9,284.7,72,1023
1991031306,4.9,0,1.1,252.6,58,1024.3
1991031312,13.9,0,2.7,330,23,1022.1
1991031318,9.2,0,1.1,105,39.5,1021.5
1991031400,4.7,0,3.5,6.8,66,1022.3
1991031406,3.3,0,4.3,343.3,44,1023.9
1991031412,7.6,0,4,33.1,22,1025.1
1991031418,2.8,0,2.8,26.2,53.5,1027.4
1991031500,0,0,1.4,280.5,63.5,1029.6
1991031506,1.9,0,1.1,240.5,62.5,1029.7
1991031512,7.3,0,2.7,163.4,41,1026.2
1991031518,4.6,0,1.1,273.4,62.5,1024
1991031600,3.8,0,0.9,328.5,71.5,1020.7
1991031606,5.2,0,2.4,349.7,61,1019.7
1991031612,10.3,0,4.8,332.1,34.5,1017.2
1991031618,6.4,0,2.3,336.3,37.5,1017.3
1991031700,2.6,0,2,357.3,50.5,1019.8
1991031706,3.5,0,2.7,28.8,47,1022.2
1991031712,10.4,0,3.6,138.1,30.5,1021.8
1991031718,6.2,0,1.5,248.4,44.5,1022.2
1991031800,0.7,0,0.6,273.8,68.5,1023.2
1991031806,3,0,0.8,280.3,63.5,1023.3
1991031812,14.7,0,3.7,180,32,1020.5
1991031818,9.8,0,1.7,252,47,1019.8
1991031900,4.9,0,0.6,285,64,1020.1
1991031906,6.9,0,0.8,186.3,67,1019.6
1991031912,19,0,3.9,212.7,33.5,1015.4
1991031918,14.7,0,5,243.4,48.5,1013.7
1991032000,14.3,0,1.7,240,76.5,1013.1
1991032006,15.6,0,1.2,356.9,80,1012
1991032012,19.8,0,3.9,359.5,44.5,1011.6
1991032018,8,0,4.8,60,67.5,1018.1
1991032100,6.1,0.7,3.4,56.6,67,1022.8
1991032106,6.5,0,4.8,66.6,56,1025.4
1991032112,6.4,0,4.9,73.3,50,1025.7
1991032118,5.4,0,3.5,63.4,55.5,1024.8
1991032200,5.4,0,2.9,40.1,63.5,1021.3
1991032206,5.8,6.1,3.7,45.1,83.5,1017.8
1991032212,6.4,11,3.4,26.6,82.5,1012.9
1991032218,6.2,9.3,3.8,10,83,1011.1
1991032300,6.3,0,3.1,6.6,74,1012
1991032306,8.2,0,1.2,10.4,72.5,1015
1991032312,14.9,0,3.2,160,54.5,1014
1991032318,11.3,0,1,42.2,73,1014.2
1991032400,7.1,0,0.5,334.5,86,1015.2
1991032406,9,0,1.3,189.5,82,1016.4
1991032412,15.6,0,3.3,94.4,48,1016.7
1991032418,11.4,0,2.8,43.4,72,1017.3
1991032500,9.4,0,1.5,15,75,1017.7
1991032506,9.3,0.7,2,13.4,81,1018
1991032512,12,0,2.3,72.8,66,1017.2
1991032518,9.4,0,1.3,41.3,70.5,1018.1
1991032600,4.7,0,0.9,304.5,87.5,1019
1991032606,8.8,0,4.7,48.4,77.5,1022.3
1991032612,9.8,0,5.4,60,55,1022.4
1991032618,8.5,1.2,4.9,66.7,71,1020.3
1991032700,6.7,8.6,3.3,32.9,82,1017.5
1991032706,6.6,2.1,3,10,81.5,1017
1991032712,7.9,0,3,21.6,76,1017.9
1991032718,7.2,0,2.4,14.7,74,1021.3
1991032800,6.6,0,2.4,3.3,76.5,1022.8
1991032806,6.9,0,2.5,0,77.5,1024.7
1991032812,9.1,0,2.7,41.5,64.5,1025.6
1991032818,7.9,0,2.1,35,65,1027.8
1991032900,7.1,0,1.9,10,67,1029.3
1991032906,8,0,2,70,62.5,1029.4
1991032912,11.3,0,2.9,80.2,43,1027.8
1991032918,8.4,0,1.8,25.8,55.5,1025.8
1991033000,5.7,0,0.8,26.8,75.5,1023.5
1991033006,7.4,0,1.4,320.6,76,1022.2
1991033012,13.6,0,3.5,12.8,24,1021.8
1991033018,9.5,0,2.4,51.8,61.5,1022.5
1991033100,5.2,0,1.8,40.4,47.5,1023.3
1991033106,5.2,0,2.5,354.1,40,1023.8
1991033112,11.7,0,2.8,25,14.5,1022.2
1991033118,6.5,0,3.1,353.2,19.5,1023.8
1991040100,1.5,0,3.4,356.6,31,1027.1
1991040106,2.2,0,2.9,18.2,51.5,1029.1
1991040112,8.1,0,4.1,83.4,33.5,1028.7
1991040118,5,0,1.9,21.9,42.5,1029.7
1991040200,0.6,0,0.9,308.2,63,1030.8
1991040206,3.3,0,1.6,287.7,66,1031.3
1991040212,12,0,3.2,174.5,23,1029.9
1991040218,7.2,0,1.6,231.6,33,1029.2
1991040300,1.6,0,1.1,299.9,62.5,1029.8
1991040306,5.4,0,1.3,226.1,65,1029.4
1991040312,16.5,0,3.7,161,27,1026.9
1991040318,11.5,0,1,252.4,42,1024.8
1991040400,5.7,0,0.6,281.3,65,1024.2
1991040406,8,0,0.9,270.9,67,1023.6
1991040412,19.3,0,3.5,173.6,30.5,1020.3
1991040418,13.5,0,1.1,325,45,1018.9
1991040500,7.6,0,0.4,316.5,58,1019
1991040506,10,0,0.5,357.3,67.5,1019.2
1991040512,20,0,3.9,156.7,28.5,1016.3
1991040518,13.8,0,1.3,70.8,69.5,1015.5
1991040600,9.2,0,0.7,310,80,1016.1
1991040606,11.4,0,2,358.8,67.5,1016.5
1991040612,14.4,0,3.8,48.4,46,1017.8
1991040618,9.7,0,2.2,26.6,65,1019.1
1991040700,9.4,0,3.1,45.1,71.5,1018.8
1991040706,10.2,0,4.9,50,67.5,1018
1991040712,11,0,6.1,56.6,58,1015.7
1991040718,9.4,0,4.5,50,66,1015.1
1991040800,8.1,0,3,18.2,68,1014
1991040806,10.2,0,2.7,14.7,66,1014
1991040812,16.6,0,2.7,103.8,44.5,1013
1991040818,10.9,0,1.5,263.3,67,1014.4
1991040900,9.2,0,1.1,233.6,81.5,1016
1991040906,10.3,0,2.3,122.8,75.5,1017.2
1991040912,16.4,0,2.6,104.7,47.5,1015.7
1991040918,11.8,0,1.1,138.4,64.5,1014.7
1991041000,7.4,0,0.8,94.2,85,1014
1991041006,8.4,0,0.6,0,82.5,1012.1
1991041012,14.4,2.7,1.1,81.6,67,1010
1991041018,13.1,6.2,1.2,42.3,84,1009.8
1991041100,13.1,1.2,0.8,21.6,85,1009.5
1991041106,13,0,3.5,45.1,73.5,1011.5
1991041112,16.3,0,4.2,56.6,46.5,1011.8
1991041118,11.6,0,3.5,24.9,64.5,1013.8
1991041200,11.3,0,2,13.4,69.5,1014.4
1991041206,11.9,0,2.1,24.3,62.5,1013.7
1991041212,13.3,0,2.1,40.1,62,1012.2
1991041218,11.6,0.5,1.8,8.8,75,1010.7
1991041300,10.4,1,0.8,26.1,86,1007.4
1991041306,11.5,5,0.8,305,85,1006.1
1991041312,15.8,0,2.1,188.7,71.5,1005.6
1991041318,14.3,0,1.5,100.1,77.5,1007.2
1991041400,11.9,0,2,31.8,65.5,1010.4
1991041406,13.1,0,1.5,345.3,70.5,1012.8
1991041412,16.5,0,3.9,340,53,1012.6
1991041418,13.1,0,1.5,341.6,72,1012.5
1991041500,8,0,0.8,263.4,81.5,1015.2
1991041506,11.9,0,1.6,257,46.5,1016.3
1991041512,20.5,0,3,134.2,15.5,1014.3
1991041518,15.2,0,1,21.2,57.5,1014.7
1991041600,11.2,0,1,289.6,65,1016.4
1991041606,15,0,2,180,49.5,1018.2
1991041612,20.9,0,4.1,156.7,25.5,1017.3
1991041618,15.3,0,1.5,167.2,58.5,1016.8
1991041700,10.2,0,0.9,263.6,80,1016.9
1991041706,14.4,0,1.5,241.8,65.5,1014.8
1991041712,15.6,14.5,1.3,82.5,76,1011.4
1991041718,17,119,2.8,141.3,86.5,1003.4
1991041800,16.8,8.7,3.1,215,84,998.3
1991041806,10.5,4.2,3.4,53.3,82,1005.2
1991041812,8,0.4,3.7,26.6,70,1012.6
1991041818,7.4,0,2.5,11.5,51.5,1015.3
1991041900,4.2,0,1.1,349.8,71,1017
1991041906,7.9,0,1.1,293.2,60.5,1016.9
1991041912,17.1,0,3.3,156.1,28,1013.5
1991041918,12.8,0,1.2,36.3,55,1012
1991042000,10.9,0,2.7,357.1,42.5,1012.8
1991042006,10.8,0,3,56.9,55.5,1017.3
1991042012,14.5,0,3.4,152.4,39.5,1015.6
1991042018,11.3,0,2.2,240.5,55,1013.8
1991042100,9.9,0,2.5,9.1,51,1014.1
1991042106,14.3,0,3.2,20.2,37,1015.2
1991042112,19.5,0,3.3,152.1,23.5,1015.7
1991042118,14.2,0,1.7,223.4,42.5,1017.8
1991042200,8,0,0.8,300,64.5,1020.1
1991042206,11.4,0,1,249.7,68,1022.3
1991042212,21.6,0,3.4,163.4,28.5,1022
1991042218,16.6,0,0.9,293.9,48.5,1022.8
1991042300,10.9,0,0.9,290,69,1024.2
1991042306,13,0,0.9,259.2,69,1025.4
1991042312,19.4,0,2.9,186.8,54.5,1024.8
1991042318,16.9,0,1.1,188.5,58,1024.3
1991042400,13.6,0,0.5,301.8,79.5,1023.3
1991042406,14.1,0.1,0.6,326.9,79,1022.3
1991042412,17.4,0.2,1.3,138.6,71.5,1019.8
1991042418,16.1,0,2.1,205,73.5,1018.9
1991042500,14.2,0,1.3,311.6,82,1018.3
1991042506,15.1,0,1.5,305,86,1018
1991042512,19.3,0,4.1,146.6,67,1015.9
1991042518,16.2,0,1,71,82,1013.8
1991042600,14.1,0,1,7.4,88.5,1014.4
1991042606,15,0,2.5,58.5,77,1017.2
1991042612,15.7,0,5.7,93.3,48,1018
1991042618,11.7,0,1.7,49.7,52,1019.2
1991042700,7.6,0,0.7,304.2,77.5,1019.2
1991042706,11.3,0,1.1,264,76,1019.2
1991042712,19.5,0,4.1,163.3,32,1016.3
1991042718,14.4,0,1.3,198.8,52.5,1014.1
1991042800,7.1,0,0.8,298.4,74.5,1013.1
1991042806,12.1,0,1.3,227.4,69,1011.3
1991042812,23.4,0,3.9,176.6,39,1008
1991042818,18.1,0,1.8,177.6,74,1007
1991042900,15.9,0,0.9,44.3,89,1005.4
1991042906,14.6,0,2.4,10.2,68.5,1004.2
1991042912,13.2,0.8,2.6,21.6,79,1006.3
1991042918,12.2,0,1.1,1.1,69.5,1008.3
1991043000,7.9,0,0.9,82.7,91.5,1009.9
1991043006,13.1,0,1.2,266.7,77.5,1009.1
1991043012,22.4,0,4.2,179.5,35.5,1005.4
1991043018,17.8,0,3.2,235.3,34.5,1002.6
1991050100,14.5,0,3.5,313.8,42,1002.2
1991050106,13.8,0,2.3,278.3,38,1002.8
1991050112,18.7,0,4.3,290.2,26,1001
1991050118,14.7,0,3.8,321.8,22.5,1001.3
1991050200,10.3,0,1.8,317.6,37,1003.8
1991050206,11.9,0,3.7,336.6,46.5,1005.7
1991050212,15.9,0,4.2,346.8,41,1008.3
1991050218,13.5,0,2.2,15,43,1011.5
1991050300,9.6,0,0.7,334.8,62.5,1014.9
1991050306,12.5,0,1.7,345.1,66.5,1017.8
1991050312,16.1,0,4.4,96.6,38,1019.4
1991050318,11.8,0.4,2.2,25,74.5,1020.7
1991050400,7.1,0,0.8,310.9,91.5,1022.2
1991050406,10.6,0,1.3,235.1,85.5,1021.8
1991050412,18.7,0,3.5,160,36,1020.5
1991050418,13.8,0,1.7,240.6,50.5,1021
1991050500,8.5,0,0.9,300,84.5,1022.5
1991050506,12.5,0,1.8,191.8,81,1022.5
1991050512,19.7,0,3.8,160,40,1021.5
1991050518,14.7,0,1.8,136.1,49.5,1020.2
1991050600,9.9,0,1,314.4,80.5,1019.3
1991050606,12.4,0,1.3,308.4,85.5,1018.3
1991050612,15.7,2.2,2.8,215.9,81.5,1016.5
1991050618,14.4,9.6,2.8,350,94.5,1015.8
1991050700,14.3,3.9,3.2,96.8,94,1015.2
1991050706,15.5,0.7,2.5,173.2,94,1014.8
1991050712,18,0,2.9,203.1,81.5,1013.5
1991050718,15.9,0,2.8,218.2,69.5,1012.7
1991050800,14.1,2.3,1.7,235.3,85.5,1012.8
1991050806,14.7,0.1,1.4,256.6,90.5,1012.5
1991050812,19.7,0,2.1,300.2,59,1011.2
1991050818,17.3,0,0.7,358.4,68,1011.5
1991050900,12,0,1.4,316.8,83.5,1013.3
1991050906,14.6,0,0.9,55,76.5,1014.2
1991050912,24.7,0,3.2,270,35,1012.1
1991050918,20.3,0,2.1,293.1,48.5,1012.5
1991051000,14,0,0.6,326.4,83,1015.1
1991051006,17.9,0,1.4,46.5,69.5,1016
1991051012,26.3,0.9,3.5,272,26.5,1014.6
1991051018,19.7,0.1,1.4,57.3,73.5,1015.3
1991051100,16.8,0,0.7,330.7,61.5,1017.5
1991051106,17.1,0,0.6,292.7,71,1018.8
1991051112,23,0,1.9,129.1,38.5,1017.4
1991051118,19.2,0,0.9,348.4,59.5,1016.2
1991051200,16,0,0.4,333.4,63,1015.3
1991051206,16.9,0,0.7,350,65.5,1014.8
1991051212,21.6,0,3.7,166.4,47.5,1012.7
1991051218,17.5,0,1.4,75.6,82,1012.2
1991051300,13.1,0,0.9,325,93.5,1013.2
1991051306,18.8,0,1.7,356.3,58,1015.2
1991051312,24.4,0,3.6,144.5,35.5,1014.8
1991051318,18.8,0,1.9,214,47,1015.2
1991051400,12.5,0,0.7,250,81,1016.2
1991051406,17.2,0,1.2,222,76,1016.1
1991051412,25,0,4.4,156.6,39,1014.9
1991051418,20.5,0,1.3,119.6,49.5,1013.8
1991051500,16.6,0,0.4,11.9,71,1013.1
1991051506,17.3,0,0.9,352.6,81.5,1011.4
1991051512,21.8,0,3.4,320,69,1007.2
1991051518,19.9,0,2.5,254.5,73,1004
1991051600,17.6,0,2.4,295.8,77,1003.3
1991051606,18.4,0,2.8,302.9,48,1004.3
1991051612,24.1,0,4.7,296.6,30.5,1001.8
1991051618,17,0,2.8,336.1,52,1002.2
1991051700,14.1,0,2.5,340,65.5,1004.5
1991051706,17.6,0,3.7,336.7,67,1005.3
1991051712,24.3,0,4.4,333.4,37,1004.5
1991051718,20.1,0,1.5,331.9,36,1004.7
1991051800,14,0,1.2,327.9,57,1006.7
1991051806,18,0,1.3,276,59.5,1007
1991051812,30.8,0,4.2,245,26,1005.1
1991051818,23.7,0,2.4,212.7,41.5,1006.2
1991051900,23.3,0,3.3,260,45,1008
1991051906,21,0,1.8,135.9,81.5,1010
1991051912,25,0,2.9,256.8,64,1009
1991051918,20.5,0,1,100.2,73,1011
1991052000,16.8,0,1,320,78.5,1014.3
1991052006,18,0,1.4,44.8,81.5,1015.8
1991052012,22,0,3.8,73.3,64,1014.8
1991052018,18.2,0,1.5,56.4,66.5,1013.4
1991052100,16.2,0,0.7,44.4,69.5,1012.8
1991052106,17.9,0,1,83.1,79.5,1011.4
1991052112,23.3,0,2.2,173.4,62.5,1008.9
1991052118,18.4,0,1.8,176.6,79,1007.8
1991052200,15.7,0,0.6,332.7,92,1006.7
1991052206,19.2,0,0.8,100.1,86,1005.7
1991052212,26.9,0,2.7,140,52,1004
1991052218,21.2,0,1.1,124.4,65.5,1005.5
1991052300,15.6,0,0.9,21.1,90,1008.5
1991052306,16.6,0,3.2,50,83,1012.7
1991052312,19.1,0,3.2,24.9,74.5,1012
1991052318,17.2,0,2.1,13.4,77.5,1011.3
1991052400,15.2,0,0.8,12.8,84.5,1010.6
1991052406,16.6,0,0.3,7.7,88.5,1010.5
1991052412,18,14.1,1.1,334.6,89,1008.4
1991052418,18.6,0.4,0.6,105.3,94,1007.5
1991052500,18,0,0.7,80,94,1008.4
1991052506,16.5,18.5,1.5,52.3,94,1010
1991052512,16,11.7,1.5,35,92.5,1012.1
1991052518,14.3,1,1,4.7,90,1012.3
1991052600,13.6,0.3,0.2,356.7,93,1010.8
1991052606,13.9,2.3,0.3,21.9,93,1009.5
1991052612,15,15.2,0.9,23.4,93,1007.7
1991052618,13.6,1.1,2.6,45.1,89.5,1009.8
1991052700,13.1,0,3.3,40.1,77.5,1013.7
1991052706,14.2,0,3.7,40.1,77.5,1014.8
1991052712,18.7,0,4.7,53.3,45.5,1014.5
1991052718,15.1,0,3.2,29.9,56,1015.4
1991052800,12.9,0,3,13.4,77,1016.3
1991052806,15.5,0,3.2,49.1,75,1017
1991052812,18.7,0,4.2,80,51,1016.1
1991052818,14.7,0,2.1,39.4,66.5,1016.8
1991052900,11.4,0,0.7,323.8,90,1016.4
1991052906,15.3,0,2.3,30.4,78,1017.2
1991052912,19,0,4.9,93.4,56,1016.7
1991052918,15,0,1.8,31.1,63.5,1017.7
1991053000,11.6,0,0.8,350,82,1017.9
1991053006,15.4,0,2.4,35,73.5,1017.9
1991053012,17.8,0,4,86.7,59.5,1015.9
1991053018,15.7,0,1.8,41.3,72.5,1014.3
1991053100,14.5,0,0.6,357.3,84.5,1012.8
1991053106,17.3,0,1.2,63.9,77,1012.2
1991053112,22.1,0,3.6,80,54,1011.3
1991053118,17.5,0,1.5,28.8,74.5,1011.2
1991060100,15.1,0,0.5,106.3,90,1011.3
1991060106,16.5,0,0.7,305.5,90.5,1010.9
1991060112,19.5,3.4,0.6,58.4,82.5,1009.6
1991060118,17.9,11.6,1,276.1,92,1008.9
1991060200,17,26.2,0.2,7.7,94,1007.1
1991060206,17.6,5.8,0.8,338,94,1006.4
1991060212,19.5,1.2,1.4,68.6,88,1006.6
1991060218,18.6,0.1,1.5,67.2,89.5,1006.5
1991060300,17.9,2.4,0.5,40,93,1005.9
1991060306,18,9.1,0.3,18.9,94,1004.9
1991060312,18.7,1.9,0.7,67.2,92,1003.5
1991060318,17.8,0.6,0.4,315,93,1005.4
1991060400,16.4,0,0.6,305,93.5,1006.6
1991060406,18.8,0,0.5,228,90.5,1008.8
1991060412,25.8,0,2.5,150.3,58.5,1008.3
1991060418,22,0,0.4,17.1,80,1008.5
1991060500,18.8,0,0.7,358.9,90,1009.8
1991060506,21.1,0,1.5,295.8,80,1010.2
1991060512,28.1,0,1.8,229.7,45.5,1008.4
1991060518,24.8,0,1.5,341.8,65,1007.7
1991060600,20.9,0,0.8,302.6,76,1008.5
1991060606,23.1,0,1.4,339.8,71.5,1008.6
1991060612,26.6,0,2.9,326.1,47.5,1008.2
1991060618,21.4,0,1,332.9,69,1009.8
1991060700,17.2,0,0.3,350.3,87,1011.2
1991060706,20,0,1,215,74.5,1012.7
1991060712,25.4,0,2.4,173.4,63,1012.6
1991060718,20.6,0,1.4,243.4,76,1013
1991060800,16.8,0,0.9,328.5,93.5,1014.3
1991060806,18.8,0,0.7,275.8,84,1015.2
1991060812,24.8,0,2.9,160,64.5,1013.9
1991060818,21.9,0,1,80.3,83.5,1014
1991060900,21.2,4.2,0.3,57.3,89,1013.4
1991060906,21.1,33.5,1,126,93,1012.5
1991060912,22.2,45.7,1.8,177.6,93,1009.5
1991060918,23,1.9,1.9,205.8,91,1007.2
1991061000,21.2,0,0.8,351.9,91,1008.3
1991061006,23.4,0,0.8,75.9,83,1010.2
1991061012,28.3,0,2.4,125,59.5,1009.2
1991061018,24.8,0,0.9,70,79,1008.2
1991061100,21.7,0,0.4,26.6,90.5,1008.4
1991061106,25.1,0,3,207.7,83.5,1007.2
1991061112,28.9,0,5.3,236.6,62.5,1004.8
1991061118,26.5,0,4.3,220.1,75,1002.7
1991061200,25.1,0.1,4.4,240,81.5,1002.8
1991061206,26.5,0,4.9,246.6,77,1002.3
1991061212,29.3,0,5.1,243.4,65,1001.5
1991061218,25.2,0,2.5,111.4,78,1001.5
1991061300,22.4,0,1,54.4,84.5,1003.2
1991061306,20.6,1.6,1.5,300.2,87.5,1004.7
1991061312,26.4,0,2,358.9,57.5,1002.4
1991061318,25.5,0,1.8,336.7,49,1003.3
1991061400,19.4,0,0.6,302,80,1006.2
1991061406,22.8,0,0.7,319.1,75,1006.5
1991061412,28.4,0,3.3,148.6,51,1005.7
1991061418,23.8,0,1.4,108.4,61,1005.8
1991061500,19.7,0,0.3,346.2,80.5,1005.5
1991061506,20.6,0,2.1,91.3,84,1004.9
1991061512,22.4,0,2.8,72.4,66.5,1003.2
1991061518,18.5,0,1.7,31.8,83,1002.4
1991061600,16.3,0,1.1,3.4,92,1003.9
1991061606,19.2,0,2,0.5,81.5,1005.9
1991061612,23.6,0,2.7,180.6,62,1005
1991061618,19.8,0,1.6,170.3,75.5,1004.5
1991061700,17.5,0,0.3,358.4,89.5,1003.8
1991061706,20.9,0,0.9,286.2,86,1002.9
1991061712,27,0,3,118.5,58.5,1001.7
1991061718,21.6,0,0.8,48.5,81.5,1002.1
1991061800,20.3,0,0.3,14.6,89.5,1004.4
1991061806,22.4,0,0.9,31.8,79,1004.4
1991061812,27,0,2.7,119.6,42.5,1003.8
1991061818,22.9,0,1.2,49.4,54,1003.8
1991061900,20.1,0,0.6,330.5,79.5,1004.2
1991061906,20.5,0,0.6,342.7,84.5,1004.7
1991061912,22.6,0,2.3,21.7,75.5,1005
1991061918,21.1,0,0.7,82.8,92,1003.8
1991062000,19.4,0,0.2,310.4,93,1003.2
1991062006,20.8,0,0.5,329.1,83.5,1003.2
1991062012,26.5,0,2.6,166.8,48.5,1002.7
1991062018,21.8,0,1.3,70.5,74.5,1003.2
1991062100,18.8,0,0.2,353.6,90.5,1004.4
1991062106,22.5,0,0.9,234.7,83,1004.7
1991062112,28.2,0,3.7,156.7,50.5,1003.2
1991062118,22.2,0,1.6,86.9,82,1003
1991062200,19.2,0,0.3,6.6,93,1003.7
1991062206,23.2,0,0.9,17.5,81,1003
1991062212,28.6,0,3.4,93.9,43,1001.3
1991062218,23.8,0,1.5,53.3,61,1001
1991062300,19,0,1,4.4,90,1001.5
1991062306,20.2,0,1.1,12.8,89.5,1002
1991062312,23.8,0,2.9,66.6,71.5,1001.8
1991062318,21.2,0,1.6,40.7,76,1002.2
1991062400,19.3,0,1.8,18.2,89,1003.4
1991062406,21.5,0,2,44.7,83.5,1005
1991062412,24.2,0,4.6,86.6,65.5,1005.8
1991062418,21.4,0,1.5,49.1,69.5,1008.2
1991062500,18.8,0,0.3,353.4,88.5,1010.3
1991062506,20.5,0,1,56.1,86,1011.5
1991062512,24.2,0,3.4,86.7,64.5,1012.1
1991062518,22,0,1.4,59.8,73,1011.1
1991062600,20.2,7.7,0.9,14.9,90.5,1012.3
1991062606,21.1,10.6,0.8,0,95,1011.4
1991062612,27.3,0,3.7,234.2,66.5,1011.2
1991062618,25.8,0,1.9,232.8,70.5,1009.9
1991062700,23.2,0,0.6,10.2,86.5,1010.8
1991062706,24,0,1.4,76.3,86.5,1010.9
1991062712,28.8,0,3.3,232.7,66,1008.4
1991062718,26.6,0,4,270,65,1007.4
1991062800,23.5,0,1.1,231.6,76.5,1007.9
1991062806,26.1,0,2,217.2,79.5,1008.3
1991062812,29.5,0,3.8,230,66.5,1006.7
1991062818,26.5,0,2.2,201.6,76.5,1006.2
1991062900,24.7,3,2.7,225.1,87.5,1006
1991062906,25,0,2.8,215,91,1005
1991062912,26.3,0.4,2.6,220.4,86,1002.4
1991062918,24.6,0,1.6,189.4,86,1001.8
1991063000,22.7,0,1,14.5,93,1002.7
1991063006,24.2,0,0.4,321.3,90.5,1003.8
1991063012,27.8,0,2.5,133.7,67.5,1003.3
1991063018,23.8,0,1.3,118.7,88,1002.6
1991070100,21.9,0.9,0.7,25,93,1002.4
1991070106,22.5,2,0.6,41.3,94,1000.5
1991070112,24.9,1.2,1.3,139.2,90,1000.4
1991070118,24.1,0.1,1,28,91,1002.3
1991070200,21.5,0,1.3,70,92.5,1004.8
1991070206,21.6,0,1.9,76.6,90.5,1006.4
1991070212,22.1,0.4,2,76.8,87,1004.8
1991070218,21.4,0.1,1.5,50,92,1005.7
1991070300,20.4,0,0.4,346.9,93,1006.5
1991070306,22.2,0,0.8,99.4,87.5,1007.9
1991070312,24.3,0,2.6,150,75,1007.5
1991070318,22.4,0,1.9,156.7,81.5,1007.5
1991070400,21.1,1.3,0.8,76.3,91,1005.9
1991070406,20.8,5.4,1.6,55.3,93.5,1002.8
1991070412,22.2,2.1,1.6,19.4,90.5,1000.8
1991070418,21.2,14.5,0.8,12.6,92.5,1000.6
1991070500,19.8,0.5,0.6,333.7,94.5,1001.6
1991070506,22.2,0,0.7,32.7,88,1002.7
1991070512,26.7,0,2.7,166.8,68,1003.2
1991070518,23.2,0,1.5,155.4,78,1003.7
1991070600,20.5,0,0.2,350,92.5,1004.6
1991070606,23.8,0,0.9,272.1,86.5,1005.5
1991070612,29.2,0,3.3,148.8,62,1005.7
1991070618,24.3,0,1.5,100,79.5,1006.2
1991070700,21.8,0,1.2,115.8,91.5,1005.8
1991070706,21.2,69.1,1.9,79.8,93.5,1002.4
1991070712,23.3,20.8,2.8,254.5,93,995
1991070718,23.9,0.7,2.5,269.5,79,993.3
1991070800,21.2,0,1.6,173.4,89,1002.1
1991070806,22.2,0,0.9,359.3,85.5,1006.6
1991070812,24.3,0.8,2.5,173.2,75,1007.2
1991070818,21.2,2.7,1.2,153.9,90.5,1006.6
1991070900,20.7,0.5,0.3,357,94,1005.7
1991070906,21.9,0,0.7,123.1,94,1005.9
1991070912,25.5,18.6,2.1,82.2,83,1005.3
1991070918,22.6,3.7,1,185.9,92.5,1005.8
1991071000,23.8,0,2.2,195.5,92.5,1003.9
1991071006,23.1,14.3,1.7,110.2,93.5,1004.8
1991071012,24.4,1.1,1.7,148.8,94,1005.8
1991071018,24.2,0,1.5,135.9,89.5,1005.2
1991071100,22.5,0,0.9,1.9,93.5,1007.4
1991071106,23.1,1,1,341.2,94,1008.2
1991071112,26,0,1.3,292.2,79.5,1007.3
1991071118,22.9,29,2.1,30.8,87.5,1007.4
1991071200,20,39.4,0.5,346.9,94,1004.8
1991071206,21,4.6,1.2,47.6,94,1002.9
1991071212,22.3,0.4,1.9,66.6,88,1005.2
1991071218,20.9,1,0.6,11.6,92.5,1007.3
1991071300,20.3,0,0.1,350,93.5,1009
1991071306,21.9,0,0.8,28.4,87.5,1010.6
1991071312,25.8,0,2.3,115.4,69.5,1010.5
1991071318,21.9,0,1.2,143.7,86,1011.4
1991071400,20.3,0,0.2,4.1,93.5,1011.8
1991071406,22.6,0,1,293.2,88.5,1011.8
1991071412,26.4,0,3,130.4,73,1010.7
1991071418,23.4,0,0.8,61,86,1009.9
1991071500,22.6,0.5,0.4,21.9,90.5,1010.6
1991071506,23.4,0.8,0.4,41.3,91.5,1009.5
1991071512,24.9,2.1,2.4,185.8,88,1007.9
1991071518,23.6,19.6,1.9,123.3,94,1005.7
1991071600,23.2,15.1,0.6,64.3,94,1004
1991071606,24.9,0,1.5,299.1,90,1004.8
1991071612,29.7,0,1.6,338.1,62,1004.9
1991071618,26.8,0,0.6,345.8,76,1005.2
1991071700,24.2,0,0.1,10,91,1005.6
1991071706,25.6,0.1,0.6,342.1,87,1006.1
1991071712,28.6,0.5,2.3,125,75.5,1005.9
1991071718,24.2,0,2.2,59.8,85.5,1006.8
1991071800,22.5,0,0.6,37.2,90.5,1008.7
1991071806,21.7,1.5,1.9,66.6,92.5,1010.6
1991071812,21.9,0.6,2,90,91,1011.4
1991071818,21.1,0.2,1,81.9,92,1012
1991071900,20.6,0.1,0.5,10,94,1012.3
1991071906,21.5,0,0.4,340,94,1012.1
1991071912,26.1,0,1.8,129.8,84.5,1011.6
1991071918,27.6,0,2.5,243.4,78.5,1010
1991072000,26.9,0,2.5,225.2,83.5,1009.3
1991072006,27.8,0,2,282.3,82,1010.8
1991072012,32.5,0,2.7,250,58.5,1009.3
1991072018,23.5,40.3,1,358,91,1010.8
1991072100,25.1,0,1.5,65.6,88.5,1009.2
1991072106,27.9,0,1.8,224.1,79.5,1008.5
1991072112,28,0.7,1.5,75.1,79,1008.1
1991072118,25.9,0.1,0.5,40.1,91.5,1007.4
1991072200,25.4,0,1.4,90.3,89.5,1006.6
1991072206,28.1,0,2.4,243.7,79.5,1005.9
1991072212,32.2,0,3.6,250,60,1004.3
1991072218,28.7,0,2.5,243.4,69.5,1004.8
1991072300,27.5,0,2.1,250,76,1005
1991072306,29.2,0,3.1,240,70,1005.7
1991072312,32.9,0,3.8,250,60,1005.7
1991072318,29.4,0,2.6,223.4,75.5,1005.5
1991072400,27.5,0,2.9,253.3,82,1006.8
1991072406,28.5,0,3.6,270,74,1007.4
1991072412,31.6,0,2.8,253,63.5,1007.2
1991072418,28.9,0,2.7,250,75,1005.4
1991072500,27.3,0,1.9,260,73.5,1005.7
1991072506,27.4,0,2.7,241.3,82,1005.2
1991072512,30,0,4.1,236.6,67.5,1002.4
1991072518,28.7,1,4.5,233.3,75.5,998.1
1991072600,26.7,3,3.4,253.1,82,996.2
1991072606,27.6,0,2.3,322.8,68,1000.2
1991072612,31.8,0,3.5,173.4,50,1001.3
1991072618,25.9,0,1.6,66.1,71,1000.8
1991072700,24.4,0,1,307.2,83,1002
1991072706,26.3,0,0.8,254.6,82,1002.6
1991072712,30.9,0,2.4,142.3,66.5,1002.7
1991072718,27.1,0,1.1,41.3,76.5,1003.1
1991072800,25,0,0.9,41.3,89.5,1004.2
1991072806,26.1,0.3,0.6,65.9,92.5,1005.3
1991072812,28.6,0.9,2.9,104.7,75,1005.2
1991072818,26.4,0,3.2,56.6,84.5,1003.8
1991072900,25.6,0,3,66.7,85.5,1001.4
1991072906,25.3,16.6,5.3,83.6,86,997.2
1991072912,24.8,20.4,7.2,90,93.5,989.3
1991072918,24.4,25.2,6,335.5,94,982
1991073000,26.5,0,2.9,259.8,80.5,992.3
1991073006,26.6,0.2,1.9,225.7,81,997.2
1991073012,28.9,0,4.3,225.1,80,998.2
1991073018,26.5,2,1.7,207.1,88.5,1001
1991073100,25.7,9.5,0.7,239.7,93,1002.6
1991073106,25.2,34.3,1.3,51.6,93,1003.7
1991073112,28.8,0.3,2.8,226.3,81.5,1004.9
1991073118,25.9,17.4,1.6,80.4,89,1006.4
1991080100,24.3,6.6,1.4,314.8,91.5,1007.4
1991080106,25.2,6,1.3,6.9,92,1006.8
1991080112,30.4,0,2.7,250,69,1007.7
1991080118,28,0,2.4,222.4,76,1007.9
1991080200,25.9,0,1.4,197.7,90,1008.4
1991080206,28,0,3.3,226.8,81.5,1007.2
1991080212,31.2,0,4.6,230,65,1005.7
1991080218,27.1,0,2,154.6,81.5,1005.8
1991080300,22.6,0.8,0.9,66.7,91.5,1007.8
1991080306,22.5,0.3,1,62.6,92.5,1009
1991080312,23.4,0,2,73.2,83,1008.9
1991080318,22.2,0,1.2,22,88,1008.9
1991080400,21,0,0.3,28.1,92.5,1008.8
1991080406,22.1,0,0.9,108.1,88.5,1008.3
1991080412,22.8,1.3,2.4,101.2,80.5,1007.5
1991080418,21.5,0.1,1,26.6,86,1006.5
1991080500,20.4,0.1,0.9,343.4,91,1006.2
1991080506,21.6,0.3,1.2,43.7,90.5,1006.2
1991080512,24.4,0,3.3,79.7,72.5,1005.5
1991080518,21.6,0,1.8,29.3,83,1006.8
1991080600,20.5,0,0.6,11.2,89,1007
1991080606,22.2,0,2,29.6,83.5,1007.3
1991080612,24.9,0,3.4,70,65,1007
1991080618,21.7,0,1.7,55.3,76,1007.5
1991080700,19.1,0,0.8,18.8,88,1007.7
1991080706,21.1,0,0.9,285.8,86,1007.8
1991080712,26.4,0,2.8,170,56.5,1007.7
1991080718,22.8,0,1.4,107.6,69,1006
1991080800,21,0,0.2,3.3,82,1006.8
1991080806,22.3,0,1.4,280.8,80.5,1006.4
1991080812,23.8,0,3,93.4,71.5,1006.9
1991080818,21.9,0,1.2,46.9,81,1006.5
1991080900,21,1.8,0.6,44.3,90.5,1007.3
1991080906,21.3,6.5,1.6,74.1,91,1007.1
1991080912,20.5,36.4,1.5,56.1,94,1005.8
1991080918,20.4,12.9,0.8,18.9,95,1005.6
1991081000,20.5,3.5,1,313.4,95,1006.4
1991081006,21.3,3.7,0.9,316.9,95,1005.7
1991081012,22.7,0.3,1.4,18.2,91,1005.8
1991081018,21.7,1.1,1.4,346.6,91,1005.8
1991081100,21.3,0,1.1,339.1,93.5,1006.3
1991081106,21.9,0,1.5,16.5,92.5,1006.7
1991081112,23.1,0,2.3,40.1,85,1007.7
1991081118,22.5,0,0.8,1.3,83,1008.8
1991081200,21.4,0,0.6,3.3,87,1009.7
1991081206,22.5,0,1,5,86.5,1010.5
1991081212,25,0,1.7,50.3,77,1010
1991081218,22.6,0,1,17,88.5,1010.2
1991081300,20.6,0,0.2,346.4,92.5,1011.4
1991081306,22.1,0,1.3,305,93.5,1012.9
1991081312,27.1,0,2.5,83.9,69.5,1013
1991081318,23.1,0,2.6,56.4,82,1013.6
1991081400,20.3,0,1,356.7,91.5,1015
1991081406,22.4,0,2,26.8,84.5,1016.4
1991081412,25.6,0,3.8,90,66,1015
1991081418,23.2,0,1.4,35,76,1015
1991081500,20.8,0,0.8,11.7,89,1014.5
1991081506,21.9,0,1.1,12.3,88,1014.7
1991081512,25.9,0,3.9,86.7,66.5,1013.8
1991081518,22.9,0,1.9,58.5,80.5,1013.6
1991081600,20.5,0,1,353.6,88,1013.5
1991081606,22.6,0,1,46.1,86.5,1013.6
1991081612,26.5,0,4.1,110,64.5,1012.1
1991081618,22.5,0,2.2,53.5,80.5,1011.7
1991081700,20.5,0,1.2,317.1,91.5,1012.1
1991081706,22.3,0,1.6,25,88.5,1012.6
1991081712,26.5,0,3.4,93.3,65.5,1011.6
1991081718,22.8,0,1.4,46.8,76.5,1011.3
1991081800,21.1,0,1.1,309.8,90,1011
1991081806,23,0,0.9,49.5,91,1011.3
1991081812,27.3,0,2.9,80,66.5,1010.8
1991081818,23.9,0,1.7,59.8,81,1010.5
1991081900,21.4,0,0.4,0,90.5,1010.4
1991081906,23.9,0,1.3,54.9,84,1009.5
1991081912,29.1,0,2.9,83.4,62.5,1007.8
1991081918,25,0,1.7,32.8,78,1007.6
1991082000,23.1,0,1.8,13.4,89.5,1006.8
1991082006,26.3,0,3.6,28.5,79,1006.1
1991082012,29.3,0,5,50,60,1004.8
1991082018,24.9,0,3.9,45.1,69.5,1004.2
1991082100,23.7,0,3.8,20,80.5,1003.1
1991082106,24.9,0,4.1,40.1,81.5,1002.5
1991082112,23.8,3.5,4,50,84.5,1002.9
1991082118,23.4,0.1,4,50,91,1002.3
1991082200,23.5,15.5,3.7,50,94,1001.4
1991082206,23.7,7.6,4,60,94,1001.2
1991082212,23.9,18.4,5.6,70,91.5,1000
1991082218,23.2,64.8,7.9,50,91,999
1991082300,22.4,85,8.3,50,92.5,995.8
1991082306,22.7,135.7,7.7,56.6,93,994
1991082312,23.6,158,7.7,73.3,93.5,993.5
1991082318,24,35.8,6.1,90,94,996.5
1991082400,23.9,25.2,3.7,90,94,999.3
1991082406,24.9,0,2.4,113.2,94,1001.7
1991082412,28.2,0,3.4,138.4,73.5,1003.8
1991082418,25.3,0,0.7,47.4,82,1005.7
1991082500,23.4,0,0.3,348.7,91,1007.9
1991082506,23.9,0,1.2,16.5,90,1009.4
1991082512,27.1,0,1.7,102.9,74,1009.6
1991082518,24.2,0,1.4,58.3,81,1009.9
1991082600,22.8,0,1,14.7,90,1011.5
1991082606,23.7,0,3.3,21.6,81,1013.7
1991082612,25.3,0,5.6,40.1,59,1013.8
1991082618,21.3,0,4.4,20,72.5,1015.4
1991082700,20.6,0,4.1,50,77,1016.3
1991082706,21.6,0,4.9,40.1,66.5,1017.2
1991082712,23.7,0,6,50,51.5,1017.1
1991082718,21.4,0,4.1,45.1,67.5,1016.2
1991082800,20.5,0,2.3,23.2,71.5,1015.6
1991082806,22,0,3,23.2,74.5,1014.4
1991082812,24.6,0,3.8,50,59.5,1012.8
1991082818,22,0,2,0,76,1010.9
1991082900,20.9,12.9,0.9,332.1,90,1009.2
1991082906,21.2,10.6,1.1,332.1,94.5,1007.4
1991082912,22.2,43.8,1.7,342.4,94,1003.7
1991082918,22.3,0.2,0.8,346.4,93.5,1003.1
1991083000,21.7,0,0.2,350,94,1004.2
1991083006,23.9,0,1.1,49.8,93.5,1004.6
1991083012,25.8,0,3.1,76.8,80,1004.5
1991083018,23.4,0,1.4,47,88.5,1005
1991083100,22.5,0,0,0,92.5,1005.9
1991083106,23.6,0,0.5,20.8,93,1007.3
1991083112,27.5,0,1.7,54.1,69.5,1007.6
1991083118,24.5,0,0.9,70,80.5,1009.8
1991090100,20.5,0,1.3,278.7,91.5,1011.8
1991090106,23.2,0,1.2,313.9,87.5,1013.7
1991090112,29.6,0,2.4,148.8,54,1012.7
1991090118,24.8,0,1,236.2,77,1013.6
1991090200,20.4,0,0.5,292.8,92.5,1014.2
1991090206,22,0,0.4,278.4,89.5,1013.4
1991090212,27.8,0,2.9,93.3,65,1011.9
1991090218,23.9,0,1.1,23.3,82.5,1012.2
1991090300,21.8,0,0.4,311.9,93.5,1011.8
1991090306,23.5,0,0.9,253.4,89,1011.8
1991090312,29,0,2.6,180,68,1010.4
1991090318,25.9,0,1,264.1,77,1011.4
1991090400,23.7,0,0.6,311.2,89,1013.3
1991090406,24.5,0,0.8,343.9,89.5,1014.5
1991090412,29.3,0,3.3,152.5,75.5,1013.8
1991090418,26.5,3.6,1.9,204.3,86,1014.2
1991090500,25.5,0,1.6,206.6,94,1013.8
1991090506,27.3,0,2.5,196.7,88.5,1013.3
1991090512,28.6,11.3,3.1,254.9,68.5,1012.5
1991090518,24.2,0.1,0.2,332.1,92,1012.8
1991090600,23.6,0,0.6,335.4,94,1011.8
1991090606,25.3,0.4,1.9,225.1,89.5,1010.6
1991090612,27.9,0.7,1.1,329.2,75,1010
1991090618,24.5,0.1,0.4,357,91,1009.9
1991090700,22.2,0,0.9,328.3,91,1010.6
1991090706,23,0,1,323.1,81.5,1010.5
1991090712,27.2,0,4.1,63.4,56.5,1009.7
1991090718,24.1,0,2.4,19.7,77.5,1009.9
1991090800,22.8,0,1.4,356.7,85.5,1009.5
1991090806,23.4,0,2.3,3.3,87.5,1009.4
1991090812,25.8,0,2.5,6.6,80.5,1009.5
1991090818,23.8,0,1,343.2,82.5,1010.1
1991090900,20.7,0,1.8,340,93,1010.8
1991090906,22.7,0,2.1,4.5,85,1012
1991090912,26.3,0,3.4,50,55,1012.2
1991090918,22.1,0,0.9,338.2,77,1014
1991091000,19,0,0.2,308.8,93,1015.2
1991091006,21.2,0,0.7,22.6,90.5,1015.8
1991091012,27.1,0,2.8,86.7,50.5,1014
1991091018,22.7,0,1.2,0,76.5,1014
1991091100,19.9,0,0.6,277.8,92,1013.1
1991091106,21.4,0,0.5,304.7,90,1011.8
1991091112,26.9,8.7,1.6,309.1,63,1010.4
1991091118,22.7,0.1,0.4,350,92.5,1010.5
1991091200,20,0,0.6,322.3,92.5,1011.4
1991091206,21.1,0,0.8,335.3,86,1012.7
1991091212,25.4,0,1.4,49.8,67.5,1012.2
1991091218,22.7,0,0.9,19.7,83.5,1013.6
1991091300,20.8,0,0.6,0,92,1014
1991091306,22.1,0,2.3,4.4,88.5,1014.4
1991091312,25.1,0,3.2,48.4,70,1014.1
1991091318,23.2,0.3,3.8,40.1,81.5,1013.8
1991091400,21.7,12.1,4.2,53.3,92.5,1012
1991091406,20.5,20.7,5.2,29.9,93.5,1008.8
1991091412,21.4,0.5,3.7,356.7,77,1013.5
1991091418,19.7,0,2.1,340,85.5,1018.4
1991091500,19,0.7,1.4,2.9,88,1019.9
1991091506,21,0,2.8,23.7,80,1021.5
1991091512,23.6,0,3.5,51.8,52.5,1021.7
1991091518,19.6,0,2.6,0.9,62.5,1023.1
1991091600,17.9,0,0.8,353.4,80.5,1022.7
1991091606,20.7,0,2.2,26.2,76.5,1023.2
1991091612,23.9,0,3.8,60,53.5,1022.1
1991091618,20.4,0,1.5,7.9,70.5,1021.6
1991091700,17.2,0,0.1,334.8,86,1020.5
1991091706,19.4,0,1.4,15.5,85,1019.3
1991091712,23.9,0,4,63.2,50.5,1017.3
1991091718,20.2,0,1.2,14.7,71,1015
1991091800,19.2,0,0.9,321.4,84,1012.2
1991091806,20.9,0,1.5,6.6,84,1010.2
1991091812,22.4,0.3,2.1,31.8,82,1007.3
1991091818,21.4,0,2.4,10,85.5,1004.8
1991091900,20.2,0,1.9,340,87.5,1002.8
1991091906,21.5,0,1.9,353.5,83.5,1001.1
1991091912,26.8,0,1.9,90,51.5,999.5
1991091918,22.2,0,1.6,247.9,76.5,1001.1
1991092000,17.1,0,1,311.3,78,1003
1991092006,16.8,0,0.5,281.4,79.5,1005.4
1991092012,25,0,3.6,231.8,48.5,1005.5
1991092018,21,0,2.2,267.2,56,1007
1991092100,15.5,0,1,273.2,76,1010.6
1991092106,17.4,0,1.1,282.1,80.5,1013.5
1991092112,23.7,0,2,57.3,48.5,1013.3
1991092118,20,0,0.7,5.7,70.5,1016.5
1991092200,16,0,0.6,323.1,92.5,1018.8
1991092206,18.6,0,1.5,11.7,89,1019.8
1991092212,22.6,0,2.5,40.4,66,1019.2
1991092218,19.5,0,1.2,340.7,76.5,1019.5
1991092300,16.2,0,0.3,324.9,93,1019.7
1991092306,18.1,0,0.6,0,90.5,1019
1991092312,21.9,0,1.6,37.1,63.5,1018.5
1991092318,19.6,0,1.1,344.5,77.5,1017.5
1991092400,16.3,0,0.6,303,93,1017
1991092406,18.1,0,1.1,305,89.5,1016.9
1991092412,24.2,0,1.6,117.7,57.5,1016.2
1991092418,20.5,0,0.7,94.3,73,1016.3
1991092500,17.3,0,0.2,0,92.5,1017.8
1991092506,18.2,0,0.5,343.7,94.5,1018.7
1991092512,21.8,2.7,1.8,66.7,72.5,1018.8
1991092518,18.4,2.6,0.7,311.2,92.5,1019.8
1991092600,18.1,1.2,0.9,275,97,1018.9
1991092606,19.6,0,1.6,0,96.5,1018
1991092612,23,0,2.6,70,74.5,1015.3
1991092618,21.5,1.4,1,7.3,88.5,1013.4
1991092700,20.7,0.9,0.6,311.9,95.5,1010
1991092706,21.6,24.3,1.1,56.1,96,1006.2
1991092712,20.2,51.2,5.1,21.6,94,999
1991092718,18.2,19.7,5.1,331.9,91,991.4
1991092800,17.1,0,1.5,329.6,82.5,1004.8
1991092806,18.6,0,2.5,336.6,80,1011.6
1991092812,24.6,0,2.7,308.4,35.5,1013.5
1991092818,17.6,0,0.7,336.3,56,1016.2
1991092900,13.2,0,0.4,335.9,81.5,1018.7
1991092906,15.7,0,0.1,4.8,83.5,1019.8
1991092912,23.5,0,2.1,109.3,55.5,1018.9
1991092918,19.1,0,0.6,28,71.5,1019.2
1991093000,16.4,0,0.2,348.7,89,1019.5
1991093006,16.9,0,0.3,338.3,91,1019.2
1991093012,19.6,4.3,0.7,85.4,85.5,1018.2
1991093018,18.2,1.2,1.6,17.7,92,1017.3
1991100100,18.4,0,2.4,0,90.5,1015.8
1991100106,19,0,2.1,343.3,85,1015.8
1991100112,23.1,0,2.5,43.3,66.5,1015.4
1991100118,19.2,0,0.8,331.8,85,1016.5
1991100200,15.8,0,0.2,348.7,95,1017.3
1991100206,17.5,0,0.4,281.4,93.5,1017.4
1991100212,26.4,0,0.7,241.7,44,1015
1991100218,20.3,0,0.5,323.9,64,1014.5
1991100300,15.9,0,0.6,325,84.5,1013.8
1991100306,18.2,0,0.7,343.5,84,1014.2
1991100312,25.2,0,2.4,130.4,42,1011.7
1991100318,20.6,0,0.6,305,72.5,1012.2
1991100400,17.6,0,0.2,335.9,91.5,1011.3
1991100406,18,0,0.5,327.8,92.5,1010.5
1991100412,23.1,0,3.4,336.6,52,1010.7
1991100418,17.4,0,1.4,353.6,48.5,1014.1
1991100500,13.6,0,0.8,325,70.5,1016.9
1991100506,16.4,0,0.8,317.9,71,1018.3
1991100512,22.2,0,1.8,97.2,46.5,1017
1991100518,17.4,0,0.4,52.7,72.5,1016.9
1991100600,14.2,0,0.6,306.8,90,1017.7
1991100606,15,0,0.5,284.1,73.5,1018
1991100612,20.9,0,1.4,25,48.5,1016.2
1991100618,16.2,0,0.4,322,62.5,1015.7
1991100700,11.2,0,0.2,335.9,89,1015.3
1991100706,13.9,0,1.4,7.7,83.5,1014.6
1991100712,20.8,0,3.2,35,43,1014.8
1991100718,15.8,0,2.1,346.4,68.5,1016.5
1991100800,14.1,0,2.4,343.3,79.5,1017.3
1991100806,17.5,0,3.1,5.7,72,1017.9
1991100812,21.4,0,4.5,45.1,55,1017.5
1991100818,18.1,0,2.5,16.7,69.5,1018.7
1991100900,17.1,0,3,10,68.5,1019.1
1991100906,18.1,0,3.6,24.9,67,1018.1
1991100912,20.8,0,4.1,24.9,55,1017.4
1991100918,17.6,0,3.5,356.6,70.5,1015.7
1991101000,17.3,0,2.9,16.7,73,1014.7
1991101006,19,0,4,28.5,62.5,1015.1
1991101012,21.4,0,4.6,24.9,54,1014.3
1991101018,17.5,0,3,356.6,66.5,1013.9
1991101100,16.4,0,2.7,350,72,1013
1991101106,18.1,0,3.2,3.4,71,1013.1
1991101112,20.6,0,4.5,20,59,1012.2
1991101118,18.1,0,3.4,6.6,66.5,1011.7
1991101200,16.4,0,2.6,346.6,73,1010.2
1991101206,18.6,0,3.7,18.2,68,1010.2
1991101212,20.7,0,4,18.2,53.5,1009.5
1991101218,17.4,0,3.3,353.2,64,1009.8
1991101300,14.9,0,2.1,349.8,73,1010.2
1991101306,17,0,2.1,346.6,71,1012.1
1991101312,23.3,0,2.9,14.7,48,1011.5
1991101318,17.7,0,0.8,332.7,78,1012.2
1991101400,13.6,0,0.1,338.1,94.5,1012.5
1991101406,15.8,0,2.6,340,75,1012.8
1991101412,20,0,4.2,350.5,27,1012.6
1991101418,13.4,0,1.6,350,70,1017.8
1991101500,9.8,0,0.8,328.8,78.5,1020.6
1991101506,11.5,0,0.8,275.5,75.5,1021.6
1991101512,18.4,0,2.3,146.6,42.5,1020.5
1991101518,14.7,0,1.2,280.3,58,1020.5
1991101600,11.9,0,0.1,0,80.5,1019.7
1991101606,13.5,0,0.5,289.3,80.5,1019.6
1991101612,20.2,0,2.7,192.4,49,1015.3
1991101618,17.2,0.1,1.8,256.6,69,1013.8
1991101700,15.8,0.2,0.9,206.3,86,1011.7
1991101706,17.1,0,3.9,308.2,62,1012.3
1991101712,21.9,0,3.6,305,26.5,1012.7
1991101718,15.2,0,3.1,323.3,34,1014.3
1991101800,12.6,0,1.8,357.7,50,1016
1991101806,13.2,0,0.4,293.5,68,1016.5
1991101812,21.6,0,3.4,250,38,1014.2
1991101818,17.9,0,2.5,218.2,62.5,1012.5
1991101900,13.6,0,2.7,333.4,54.5,1014.5
1991101906,12.7,0,4.1,323.3,51.5,1016.8
1991101912,17.3,0,3.3,313.4,37.5,1016.6
1991101918,12.9,0,2.3,326.6,47,1018.2
1991102000,8.7,0,4,326.6,55.5,1020.2
1991102006,11.3,0,4.8,330,49.5,1021.4
1991102012,17.5,0,3.6,333.4,35.5,1020.8
1991102018,10.7,0,0.9,340,43,1022
1991102100,5.6,0,0.5,310.6,74,1023.9
1991102106,8.3,0,0.5,310.4,83,1025.6
1991102112,18.5,0,1.6,318.4,39,1023.8
1991102118,13.2,0,0.6,305.5,66.5,1024.3
1991102200,8.5,0,0.5,316.2,89.5,1025.4
1991102206,9.9,0,0.3,342,88,1025.8
1991102212,19.5,0,2.1,343.4,41.5,1024.7
1991102218,12.5,0,2,353.4,38,1025.1
1991102300,7.7,0,0.5,3.3,51.5,1025.8
1991102306,9.4,0,0.7,344.8,50.5,1026.5
1991102312,18.3,0,1.1,46.6,32,1024.2
1991102318,12.6,0,0,0,59,1024.2
1991102400,9.3,0,0,0,79.5,1024
1991102406,9.7,0,0.1,0,85,1022.8
1991102412,18,0,2.4,95,59.5,1019.1
1991102418,15.1,0,0.3,358,73.5,1017.3
1991102500,11.6,0,0.2,348.7,90,1016.7
1991102506,12.2,0,1,260,91.5,1016.5
1991102512,22.9,0,2.7,256.8,42,1015.9
1991102518,18.5,0,0.9,306.4,77,1017.7
1991102600,11.7,0,0.5,308.4,93,1019.8
1991102606,12.9,0,0.3,23.9,90,1020.5
1991102612,21.8,0,2.6,131.4,56.5,1018.5
1991102618,17,0,0.7,235.9,84,1017.9
1991102700,12.5,0,0.4,335.9,95,1016.8
1991102706,14.6,0,3.8,336.7,65.5,1017
1991102712,19.2,0,3.6,326.6,32,1016.5
1991102718,13.4,0,2.9,336.7,38,1017.8
1991102800,10.1,0,4.3,326.6,56.5,1018.5
1991102806,10.6,0,3.6,340,60.5,1019.8
1991102812,17.6,0,3,322.1,33.5,1018.2
1991102818,11.6,0,0.9,296.6,55,1018.7
1991102900,8.5,0,1.4,320.8,71,1017.8
1991102906,10.9,0,1.2,338.7,69.5,1019
1991102912,19.7,0,1.9,179.9,35,1016.8
1991102918,13.8,0,0.2,348.7,67,1015.8
1991103000,9.9,0,0.2,338.1,76.5,1015.6
1991103006,10.6,0,0.6,284.4,76,1016
1991103012,20.5,0,1.5,330.5,39,1014
1991103018,13.8,0,0.7,302,66.5,1015.5
1991103100,12.3,2.2,1.6,315.3,89.5,1017.2
1991103106,14.5,0.3,3.3,60,79,1018.5
1991103112,16.2,0,3.3,76.8,60,1018.2
1991103118,12.1,0,0.5,352.1,73,1018.3
1991110100,8.2,0,0.1,0,91.5,1018.7
1991110106,9.9,0,0.5,15.7,92,1019.2
1991110112,16.7,0,3.3,70,52.5,1018.7
1991110118,11.8,0,0.6,343.6,72,1019.6
1991110200,7.8,0,0.2,348.6,92,1019.7
1991110206,9.1,0,0.2,353.7,96.5,1019.7
1991110212,19.2,0,2.1,235,38,1016.7
1991110218,13.5,0,1.2,267,65.5,1017.6
1991110300,7.9,0,0.2,342.8,90,1017.7
1991110306,9.2,0,0.4,332.3,88.5,1018.2
1991110312,19.5,0,3.5,246.7,45.5,1015
1991110318,15.2,0,2.3,332.8,45,1016.3
1991110400,7.2,0,2.3,3.9,42,1022.1
1991110406,5.8,0,1.6,10.2,41.5,1026.2
1991110412,13.8,0,2.4,51.5,20.5,1027.3
1991110418,8,0,0.7,288,43.5,1029.4
1991110500,3.4,0,0.3,308.4,56,1031.8
1991110506,5.7,0,0.4,321.2,63.5,1033.4
1991110512,15.1,0,3.5,80,39,1032.6
1991110518,9.9,0,0.7,345.7,64.5,1033.6
1991110600,6,0,0.6,296.6,83,1032.7
1991110606,8,0,0.3,0.8,87,1032
1991110612,17.4,0,1.9,130.4,55.5,1029.1
1991110618,11.6,0,0.5,323.3,79,1027.4
1991110700,7.4,0,0.5,318.7,95,1025.2
1991110706,9.1,0,0.2,319,96,1022.8
1991110712,18.7,0,3.4,233.3,57.5,1018.8
1991110718,17.5,0,2,228.4,70.5,1015.5
1991110800,17.5,0,2.4,283.1,77.5,1013.2
1991110806,14.5,0,3.1,343.3,71.5,1014.2
1991110812,17.4,0,3.8,340,33,1015
1991110818,10.9,0,2,13.1,36,1018.5
1991110900,5.6,0,0.5,2.3,57,1021
1991110906,6.9,0,1.5,26.3,50,1022.5
1991110912,15.2,0,2.6,19.7,22,1020.5
1991110918,11.1,0,1.3,350,28.5,1021.2
1991111000,7.9,0,0.7,334.2,41,1021
1991111006,7.4,0,0.9,4.1,58.5,1021.3
1991111012,14.3,0,2.9,328.8,40,1019.8
1991111018,7.9,0,2.6,353.2,40,1021.7
1991111100,4.1,0,1.4,336.6,50.5,1023.6
1991111106,5.1,0,3.1,325,62,1024.1
1991111112,9.6,0,4.4,323.3,37,1023.2
1991111118,4.8,0,0.9,331.9,43,1023
1991111200,2.8,0,1.5,307.8,64.5,1023.4
1991111206,6.1,0,1.8,322.3,62.5,1023.8
1991111212,13,0,4.1,301.6,43,1022.3
1991111218,7.5,0,0.7,307.2,60.5,1023.1
1991111300,3,0,0.1,348.7,87.5,1024.2
1991111306,4.7,0,0.2,350.3,89,1024.7
1991111312,16.4,0,2.1,275,29.5,1023.4
1991111318,9.7,0,0.1,340.3,50.5,1023.8
1991111400,6.3,0,1.9,333.1,68.5,1025.4
1991111406,7.2,0,3.5,340,39,1027.3
1991111412,12.3,0,3.7,314.5,26.5,1025.9
1991111418,6.8,0,1.1,302.6,37,1026.9
1991111500,4.1,0,1.3,32.6,51.5,1027.8
1991111506,4.9,0,0.8,301.9,69.5,1028.8
1991111512,13.7,0,1.6,34.2,28,1027.1
1991111518,6.5,0,0.3,344.3,42.5,1028.5
1991111600,1.2,0,0.6,273.7,63.5,1028.8
1991111606,3.4,0,1,256.2,63.5,1028.9
1991111612,14.8,0,3.7,241.9,30.5,1025.7
1991111618,8.1,0,0.7,333.7,40.5,1025.6
1991111700,2.7,0,0.4,322,68,1025.8
1991111706,4.3,0,0,0,79.5,1025.5
1991111712,15.7,0,2.2,280.2,45,1022.5
1991111718,10.9,0,0.2,350,59,1022.1
1991111800,6,0,0.3,333.4,83.5,1021.8
1991111806,6.4,0,2.4,349.8,76,1021.7
1991111812,13.7,0,3.5,325,34.5,1020.2
1991111818,7.7,0,0.9,308.7,54,1020.9
1991111900,3,0,0.3,328.2,81.5,1020.2
1991111906,6.4,2.2,1.1,350.3,94,1017.6
1991111912,15.3,1,5.7,273.3,35,1014.7
1991111918,10.9,0,2.4,301.6,32.5,1017.2
1991112000,7.5,0,3.1,314.5,44.5,1020.3
1991112006,6.5,0,3.9,335.6,42.5,1023.9
1991112012,11.7,0,3.8,329.8,22,1025.6
1991112018,6.5,0,1.7,331.9,32,1027.3
1991112100,1.2,0,0.8,327.8,56.5,1028.1
1991112106,3.3,0,0.3,322,70,1028.6
1991112112,14.8,0,1.5,232.3,32,1026.4
1991112118,7.9,0,0.5,338.1,45,1026.8
1991112200,3.2,0,0.5,304.7,74.5,1027.2
1991112206,4.2,0,0.2,333.4,81,1026.9
1991112212,14.6,0,1.4,35,57,1025.1
1991112218,12.6,0.2,0.5,334.3,56.5,1024.8
1991112300,10,0.4,0.2,30.7,89.5,1023.7
1991112306,10.6,0.6,0.1,3.3,92,1022.2
1991112312,12.4,6.3,0.6,3.3,97,1020
1991112318,11.4,0,4.2,326.6,71.5,1021.7
1991112400,7.2,0,2.5,336.6,50,1025.4
1991112406,5.1,0,3.4,336.6,48.5,1028.7
1991112412,9.3,0,2.7,6.8,39.5,1029.3
1991112418,4.9,0,1.5,350,44,1033.8
1991112500,1.4,0,0.4,340,55.5,1036.2
1991112506,3,0,0.4,339.5,68,1037.6
1991112512,11,0,2.1,76.8,47.5,1035.9
1991112518,7.2,0,0.3,358,65.5,1036.1
1991112600,5.5,0,0.1,0,80,1034.8
1991112606,6.8,0,0.5,287.6,74.5,1033.3
1991112612,15.3,0,1.2,315,32.5,1030.8
1991112618,8.8,0,0.7,325,57,1029.6
1991112700,4.2,0,0.4,322,67.5,1028.3
1991112706,6.9,0,0.7,310.6,67.5,1026.5
1991112712,15.1,0,1,115.6,43,1022.9
1991112718,10.3,0,0.2,24.1,62,1021.5
1991112800,7.4,0,0.4,332.3,78.5,1019.4
1991112806,9.1,0,0.3,350.7,75.5,1018
1991112812,10.2,1.5,0.8,16.5,80,1015.7
1991112818,6.8,0.2,0.7,337.2,79.5,1016.8
1991112900,4.7,0,0.5,307.8,84,1018.2
1991112906,4.9,0,0.8,270.2,88,1019.8
1991112912,13.8,0,1.1,166,58,1017.5
1991112918,9.9,0,0.3,19.5,83.5,1017.8
1991113000,5.5,0,0.1,0,92,1017.9
1991113006,4.9,0,0.8,261.7,88.5,1018.1
1991113012,16.3,0,1.5,7.9,35,1016.1
1991113018,10.9,0,1.8,3.4,50,1016.6
1991120100,4.9,0,0.9,285.8,74.5,1017.9
1991120106,6,0,1.2,257.4,68.5,1019.6
1991120112,14.3,0,2.5,50.2,50,1019
1991120118,9.1,0,1.5,337.9,67.5,1021
1991120200,9.3,0,1.7,340.3,82.5,1021.7
1991120206,9.3,0,0.4,20.4,87,1022.3
1991120212,14.3,0,1.9,122.9,56,1021
1991120218,9.8,0,0.4,251.8,73.5,1020.9
1991120300,6.5,0,0.2,350,91.5,1020.2
1991120306,6.1,0,0.6,245.4,92,1020.5
1991120312,13.7,0,3.3,333.4,36.5,1020.2
1991120318,7,0,1.2,353.4,18.5,1022.9
1991120400,2.7,0,1,18.6,35.5,1023.9
1991120406,2.7,0,0.5,10,47,1024.9
1991120412,12.9,0,1.4,97.9,20,1024.4
1991120418,6.3,0,0.6,260,33.5,1025.7
1991120500,0.6,0,0.2,335.9,58.5,1026.5
1991120506,1.9,0,0.2,339.4,68.5,1027.2
1991120512,15.1,0,1.5,137.1,33.5,1025.4
1991120518,7.9,0,0.3,12.1,56.5,1025.8
1991120600,2.5,0,0.3,318.7,73,1026.5
1991120606,1.6,0,0.2,333.4,76.5,1026.2
1991120612,14.6,0,0.9,135.2,36,1024.8
1991120618,9.4,0,0.2,10,57.5,1025.8
1991120700,4.3,0,0.3,314.6,83,1026.2
1991120706,5.8,0,0.6,80,91.5,1026.9
1991120712,16.1,0,1.8,101.5,47,1024.4
1991120718,11,0,0.3,358,76.5,1022
1991120800,7,0,0.2,350,90.5,1020.1
1991120806,9.2,0,2.5,357,82.5,1020.8
1991120812,9.9,0,3.3,340,60,1022.2
1991120818,5.3,0,2.6,350.2,64.5,1024.6
1991120900,3.2,0,4.6,315.1,58,1026
1991120906,2.5,0,4.9,320,48.5,1029.1
1991120912,7.1,0,3.6,329.8,30.5,1029.8
1991120918,3,0,2.4,0.9,36.5,1032
1991121000,-0.2,0,0.9,337.1,48.5,1032.6
1991121006,0.4,0,1.1,267.2,56,1031.6
1991121012,9.1,0,1.3,167.2,43,1028.3
1991121018,7.5,0.8,0.6,350.6,68.5,1024.7
1991121100,4.7,1.7,0.6,70,96,1018.5
1991121106,8.5,0,2.6,346.1,82.5,1017
1991121112,7.3,0,5.3,320,45.5,1019.9
1991121118,1.8,0,3.6,313.4,42,1024.6
1991121200,-2.2,0,3.5,320,48,1027.6
1991121206,-3.2,0,4.1,320,42,1030.1
1991121212,0,0,4.6,323.3,25,1030.6
1991121218,-2.6,0,3.5,340,23.5,1031.2
1991121300,-3,0,3.7,353.4,33,1030.8
1991121306,-1.1,0,1.3,336.1,49.5,1031.7
1991121312,8.3,0,2,274.4,38.5,1029.9
1991121318,3.3,0,1.1,331.9,51,1029.9
1991121400,-0.8,0,0.2,322,77.5,1030.4
1991121406,0.2,0,0.3,341.6,84.5,1031.3
1991121412,10.6,0,2,180.3,47,1030.3
1991121418,4.8,0,0.2,334.8,69,1030.4
1991121500,0.6,0,0.1,348.7,86,1031.1
1991121506,1.3,0,0.2,341.6,91.5,1031.6
1991121512,13.1,0,1.6,103.8,47,1029.7
1991121518,6.9,0,0.1,0,65,1031.1
1991121600,2.2,0,0.4,322,90,1030.2
1991121606,2.2,0,0.1,348.7,91,1029.3
1991121612,14.8,0,1.4,145.4,53,1027.3
1991121618,11.2,0,0.1,350,77.5,1026.3
1991121700,9.6,0,0.2,350,84,1023.5
1991121706,9.9,0.6,0.3,359.2,91,1019.6
1991121712,14.4,0.4,1.2,25.9,88.5,1015
1991121718,12.5,0,2.8,329.5,74,1014.9
1991121800,8,0,2.5,0,78.5,1018.3
1991121806,7,0,2.3,353.4,84,1020.2
1991121812,9.8,0,2.3,16.9,67.5,1020.2
1991121818,7.1,0,0.6,10,76.5,1021.6
1991121900,4.8,0,0.3,320.4,90.5,1021.9
1991121906,5.9,0,0.7,5.4,91,1022
1991121912,8.4,0,2.7,4.5,59.5,1022.4
1991121918,6.2,0.6,2.6,350,81,1026.3
1991122000,5.9,4.5,1.1,329.7,97,1027.8
1991122006,6.3,3.1,0.1,342,97,1029.1
1991122012,9.4,1.4,0.4,8.3,93.5,1027.4
1991122018,8.5,0,0.1,0,92,1026.1
1991122100,6.8,0,0.3,0,96,1025.3
1991122106,6.6,0,1.5,348.3,82,1025
1991122112,7.1,0,1.7,13.4,64,1024.4
1991122118,7.4,0,1.3,343.4,64,1025.3
1991122200,7.9,0,2.5,343.4,79,1025.9
1991122206,8,3.8,3.1,356.7,95.5,1026.8
1991122212,9.8,1,2.7,353.4,89,1026.1
1991122218,9.7,0,1.3,320.3,80.5,1025.8
1991122300,8.8,0,0.3,11.9,86,1024
1991122306,8.9,2.7,0.5,326.4,93,1023.2
1991122312,12.8,0,0.5,344.3,84.5,1021.8
1991122318,10.1,0,0.5,314.9,86.5,1022.3
1991122400,6.7,0,0.4,313.3,93.5,1022.7
1991122406,7.5,0,0.9,305.6,88.5,1023.5
1991122412,9,1.4,0.5,332,85,1023.3
1991122418,7.9,8.2,0.9,305,96,1024
1991122500,8.4,16.9,1.9,354.5,96.5,1021.8
1991122506,8.9,20.2,2.8,56.6,92,1020.6
1991122512,8.9,4.8,3.2,53.3,91,1018.2
1991122518,8.3,2.1,2.5,43.4,89.5,1018.7
1991122600,7,4,1.9,40.1,92.5,1018.8
1991122606,5.7,5.5,2.3,349.8,93,1020.4
1991122612,6.2,3,2,13.4,92,1020.2
1991122618,6,4.8,1.5,14.9,92.5,1020.6
1991122700,7,8,2.9,57.2,93.5,1017
1991122706,8.2,13.3,2.6,47.8,93.5,1012.5
1991122712,6.2,9,4.5,336.7,90.5,1009.3
1991122718,4.6,0.1,3.3,323.3,68,1009.2
1991122800,2.7,0,3,318.4,60,1007.8
1991122806,-0.6,0.6,3.3,320.7,71.5,1007.8
1991122812,1,0.1,6.4,315.1,45.5,1008.3
1991122818,-1.9,0,3.3,326.6,47,1012.7
1991122900,-4,0,1.7,11.2,49.5,1015.8
1991122906,-4,0,4.1,343.3,48.5,1020
1991122912,1.6,0,5.1,325,25.5,1020.8
1991122918,-2.1,0,3.9,333.4,33,1023.5
1991123000,-4.7,0,0.9,11.2,52,1026
1991123006,-3.7,0,2.3,358,62,1027.5
1991123012,4.9,0,2.4,25.5,29.5,1027.2
1991123018,0.2,0,1.1,3.3,33.5,1027.9
1991123100,-3.3,0,0.3,350.2,48,1028.2
1991123106,-1.6,0,0.4,357.9,64,1027.2
1991123112,4.9,0,1.7,332.1,47.5,1025.3
1991123118,3.5,0,1.4,340,51.5,1025.2
1992010100,2.6,0,0.7,10,59,1024.8
1992010106,3.2,0,0.5,300.7,63,1024.1
1992010112,9.1,0,1,87.6,49.5,1022.5
1992010118,6.6,0,0.8,353.5,60,1022.5
1992010200,4.2,0,0.3,6,75.5,1022.7
1992010206,5.4,0,2.2,353.2,59,1023.6
1992010212,9.6,0,4,333.2,37.5,1023
1992010218,4.9,0,2.1,340,50,1024.3
1992010300,1.9,0,3.9,340,60.5,1025.9
1992010306,1.9,0,3.3,346.6,53,1026.9
1992010312,7.3,0,3.3,343.4,28.5,1025.8
1992010318,3,0,2.8,353.9,35.5,1026.6
1992010400,-0.4,0,1.6,15.5,54,1027.9
1992010406,-0.6,0,1.3,17.3,59,1028.9
1992010412,7.3,0,2.4,356.6,28,1028
1992010418,2.3,0,1.2,322.3,34,1028.5
1992010500,0.3,0,0.9,22.4,53,1028.6
1992010506,0.7,0,0.6,349.7,60.5,1027.7
1992010512,6,0,0.7,11.6,47.5,1026.7
1992010518,5,0,0.2,350,53.5,1026.7
1992010600,5.6,4.4,0.9,357.1,95,1024.8
1992010606,7.2,7.6,1.7,6.9,93.5,1022.4
1992010612,9.2,1.5,2.2,350,86,1020.5
1992010618,8.2,1.3,0.7,320.2,92,1021.9
1992010700,5.4,0.1,0.4,350,96,1020.9
1992010706,6.7,0,2.2,325,87.5,1021.5
1992010712,9.1,0,2.8,328.8,47.5,1021.8
1992010718,3.5,0,3.1,328.5,50.5,1027.2
1992010800,1.1,0,1.7,353.4,63,1028.9
1992010806,1.2,0,0.6,348,71.5,1028.8
1992010812,5.8,0,0.3,30.6,58.5,1026.4
1992010818,5.3,0,0.5,317.6,57.5,1024.6
1992010900,4.7,0,0.5,314.9,65,1021.7
1992010906,5,0,1.8,353.4,64.5,1019.8
1992010912,8.4,0,4.7,330,40.5,1018.8
1992010918,4.1,0,3.4,333.4,45.5,1021.2
1992011000,2.1,0.2,2.3,346.4,61.5,1024.3
1992011006,1.8,4.7,2.1,340,90.5,1028.1
1992011012,6.8,0,2.6,350,56.5,1029.8
1992011018,3,0,0.5,321.6,66,1031.1
1992011100,-1,0,0.6,285.2,86.5,1030.6
1992011106,0.1,0,1.8,291.5,77.5,1029.2
1992011112,9.4,0,0.6,74,35,1026.4
1992011118,4.3,0,0.5,298.7,37.5,1025.3
1992011200,0.1,0,0.3,327.8,58.5,1023.9
1992011206,1.1,0,0.5,308.1,61.5,1023.9
1992011212,10.2,0,3.2,350,30.5,1022.7
1992011218,5.3,0,1.7,336.8,49,1022.8
1992011300,2.5,0,0.3,348.6,74,1021.5
1992011306,3.6,0,0.4,302.3,80,1019.7
1992011312,8.3,0,2.3,324.2,51,1016.3
1992011318,4.5,0,3.5,343.3,59,1017.3
1992011400,1.7,0.5,3,346.6,76.5,1019.8
1992011406,1.9,2,3.3,353.4,85.5,1024.1
1992011412,4.8,0,3.2,16.5,68,1026.1
1992011418,1.7,0,1.8,346.1,76.5,1027.4
1992011500,-0.7,0,1.2,289.7,90.5,1027.9
1992011506,-0.3,0,0.6,315,91,1027.7
1992011512,8.3,0,1.6,205,51.5,1024.2
1992011518,3.3,0,0.5,314.4,56,1023.8
1992011600,-0.7,0,0.6,330.6,78.5,1023
1992011606,0.5,0,1.2,296.4,71.5,1021.5
1992011612,7.4,0,3.3,253.4,42.5,1017.8
1992011618,4.2,0,1.4,291.3,54.5,1017
1992011700,1.9,0,2.6,333.4,63,1017.9
1992011706,0.8,0,3.6,330,55,1019.5
1992011712,3.6,0,4.8,294.9,35,1018.7
1992011718,-0.9,0,3.7,333.4,45,1020.5
1992011800,-3.4,0,4.6,320,53,1021.9
1992011806,-3.1,0,2.6,322.7,51,1023.5
1992011812,2.4,0,4.9,326.6,27,1022.8
1992011818,-0.3,0,3.9,323.3,26,1024.8
1992011900,-3.6,0,1.9,25.5,46,1027.4
1992011906,-3.6,0,2.5,4.1,49,1029.2
1992011912,3.5,0,1.6,22,24,1028.9
1992011918,-0.6,0,0.6,7.1,32.5,1030.7
1992012000,-4.3,0,0.8,313.4,58,1032
1992012006,-3.7,0,1.2,248.7,61.5,1032.8
1992012012,7.4,0,1,92.4,31,1030.1
1992012018,3.1,0,0.6,313.3,45,1029.1
1992012100,-0.3,0,0.4,324.9,58,1028.1
1992012106,1.4,0,0.8,301.9,56,1026.8
1992012112,9.4,0,1.5,74.3,25.5,1023.8
1992012118,4.1,0,0.9,350.2,29.5,1023
1992012200,-0.5,0,0.2,305,67.5,1022.2
1992012206,0.5,0,0.4,336.1,79,1021.6
1992012212,7.6,0,3.8,311.5,40,1019.6
1992012218,2.7,0,3.4,326.6,37,1020.5
1992012300,-0.4,0,3.5,313.4,46.5,1020.8
1992012306,-0.3,0,4.2,333.4,55.5,1021.6
1992012312,4.3,0,5,315.1,35.5,1021
1992012318,0.8,0,1.5,315.3,44,1022.6
1992012400,-3.6,0,0.6,318.7,73,1022.5
1992012406,-2.9,0,1.2,322.3,83.5,1022.7
1992012412,6.9,0,2.1,234.9,40.5,1021.3
1992012418,2.2,0,0.3,322,57.5,1022.3
1992012500,-2.2,0,0.5,285.9,78.5,1023.1
1992012506,-1.5,0,0.4,334.8,87.5,1022.5
1992012512,10.6,0,2.1,27.6,46.5,1019.9
1992012518,5.7,0,0.6,7.1,58,1021.8
1992012600,1.4,0,0.6,301.1,73,1022.5
1992012606,0.9,0,0.7,266.9,83,1022
1992012612,10.5,0,2,73.8,40,1019.1
1992012618,5.6,0,1.7,346.6,29,1019.2
1992012700,0.5,0,0.5,348.7,45,1019.9
1992012706,2.8,0,0.4,316.2,59,1020.9
1992012712,11.6,0,3.3,305,33,1021
1992012718,6.3,0,1.1,324.2,32.5,1021.7
1992012800,0.4,0,0.2,333.4,59,1023.1
1992012806,0.1,0,0.2,332.1,72,1023.6
1992012812,11.7,0,2.3,212.2,36,1021.1
1992012818,10.5,0,2.5,190.4,63.5,1019.3
1992012900,11.6,0,4,270,67.5,1018.3
1992012906,9.4,0,2.2,10,73.5,1020
1992012912,11.2,0,1.4,13.1,52.5,1020.5
1992012918,8.8,0,1.1,7.4,54.5,1020.7
1992013000,5.8,0,1.3,305,82,1020.2
1992013006,5.6,0,0.6,338.2,90.5,1019
1992013012,11.1,0,1.7,5.7,52,1016.3
1992013018,6.2,0,3,353.6,33,1017.1
1992013100,1.6,0,1.3,3.8,48,1016.7
1992013106,1,0,2.8,3.3,74.5,1015
1992013112,2.2,6.2,3.2,346.6,97,1011.6
1992013118,1.4,11.8,3.2,13.4,95,1011
1992020100,-0.2,2,3.6,10,90,1015.4
1992020106,-0.3,1.6,2.4,0,83.5,1021.6
1992020112,3.9,0,2.1,3.3,52.5,1024.3
1992020118,0.4,0,0.6,6.6,60,1027.4
1992020200,-3.5,0,0.6,333.4,85.5,1028.8
1992020206,-2.5,0,0.9,76.9,84.5,1028.6
1992020212,7.7,0,2.8,253.3,50.5,1026.1
1992020218,6.2,0,0.8,270.6,63.5,1023.5
1992020300,4.2,3,0.4,5,93.5,1021.4
1992020306,4.1,6,0.2,11.3,97,1016.8
1992020312,6,7.3,0.5,19.7,96.5,1012.2
1992020318,4.5,5,1.9,12.8,92.5,1011.7
1992020400,2.2,0,3.6,346.6,78,1013.7
1992020406,1.5,0,2.7,11.9,57.5,1016.5
1992020412,6.9,0,2.6,16.1,34,1016.8
1992020418,2.3,0,1,352.3,41.5,1018.8
1992020500,1.5,0,0.7,353.5,57,1020.3
1992020506,2.6,0,0.8,346.9,60,1021.1
1992020512,6.3,0,2.2,10,58.5,1020.8
1992020518,4.4,0,0.7,353.7,62.5,1022.2
1992020600,0.6,0,0.7,311.1,53.5,1023.1
1992020606,0.4,0,0.7,0,53.5,1022.5
1992020612,8.1,0,3,334.6,25,1020.2
1992020618,3.2,0,1.1,300.3,32,1020.6
1992020700,-0.2,0,2.9,310.1,50,1022.6
1992020706,-1.4,0,1.8,321.5,53.5,1025.1
1992020712,3.9,0,4,315.1,33.5,1024.2
1992020718,0.7,0,1.2,320,34,1024.1
1992020800,-0.9,0,2.7,323.3,53,1024
1992020806,-1.6,0,3.7,326.6,52.5,1024.8
1992020812,3.2,0,4.2,296.6,30,1023.3
1992020818,-0.2,0,2,343.1,33,1024.9
1992020900,-3.2,0,2,3.4,45.5,1025.1
1992020906,-2.3,0,1.4,333.2,61,1025.6
1992020912,6.5,0,2.3,321.8,31.5,1022.3
1992020918,2.3,0,1.3,300,38.5,1021.6
1992021000,-0.4,0,1.8,307.7,57.5,1021.8
1992021006,1.8,0,3.4,318.4,52,1021.1
1992021012,8.4,0,3.6,310.4,35,1020.2
1992021018,4,0,1.5,350.2,41,1021.3
1992021100,-0.8,0,0.7,323.1,44.5,1023
1992021106,0.1,0,0.5,311.9,54,1023.7
1992021112,9.1,0,2.3,116.2,45,1021.1
1992021118,5,0,1.1,291.5,63,1019.7
1992021200,-0.3,0,0.7,297.3,88.5,1019.5
1992021206,0.8,0,0.8,325.7,65.5,1019
1992021212,9.8,0,2.6,323.3,26,1016.8
1992021218,5,0,0.9,0.9,43,1016.7
1992021300,0.3,0,0.5,279.4,70.5,1016.5
1992021306,3.6,0,0.8,334.7,70.5,1016.1
1992021312,9.5,0,3.5,336.7,41,1014.5
1992021318,3,0,2.1,339.6,35.5,1017
1992021400,-0.5,0,3.3,336.7,47,1019.3
1992021406,0.8,0,2.8,332.3,50,1020.4
1992021412,8.3,0,3,232.8,38,1019.5
1992021418,4.1,0,1.4,278.1,37.5,1018.3
1992021500,0.3,0,0.1,0,58.5,1018.1
1992021506,2.2,0,0.8,352.5,69.5,1016.3
1992021512,12,0,3.8,250,45.5,1010.5
1992021518,7.1,0,1.8,350.2,55.5,1009.4
1992021600,2.2,0,3.2,320,45.5,1011.3
1992021606,-0.3,0,3.5,316.8,50,1016.2
1992021612,4.6,0,3.5,321.5,25,1018.5
1992021618,0.9,0,1.6,10.2,25,1019.9
1992021700,-3.1,0,2,3.3,39.5,1021.7
1992021706,-2.2,0,0.7,266,48.5,1022
1992021712,7,0,1.6,284.3,30.5,1019.3
1992021718,3.3,0,1.2,342.9,31,1018.8
1992021800,-0.2,0,1,25.5,43.5,1020
1992021806,0.8,0,1,299.5,60,1020.2
1992021812,10.5,0,3.1,270,37.5,1018.1
1992021818,6.2,0,3.5,329.9,46.5,1017.9
1992021900,1.1,0,3.9,340,45.5,1021.3
1992021906,-0.3,0,1.8,2.8,44.5,1023.2
1992021912,6.8,0,3.6,336.6,21.5,1021
1992021918,2.1,0,2.8,330,24,1021
1992022000,-2.5,0,2.8,350,41.5,1022.3
1992022006,-2,0,2.5,0.9,47,1022.7
1992022012,5.4,0,3.2,346,30,1022
1992022018,1.5,0,2.2,346.6,29,1022.7
1992022100,-1.1,0,1.9,329.6,40,1024.3
1992022106,-0.8,0,2.2,307.7,53,1024.1
1992022112,5.4,0,4.7,328.5,37.5,1022.7
1992022118,1.4,0,3.3,323.3,40,1023.8
1992022200,-0.6,0,4.3,305,49.5,1025.9
1992022206,0.3,0,2.4,350,57.5,1026.8
1992022212,6.8,0,1.5,211.6,40.5,1025.6
1992022218,3.6,0,0.8,331.9,41,1025.4
1992022300,-1.1,0,0.3,325,66.5,1025.3
1992022306,2.7,0,1.6,314.2,69.5,1022.2
1992022312,8.6,0,4.5,263.4,57,1018.8
1992022318,4.1,0,2.4,323.2,57,1016.2
1992022400,1,0,2.3,336.6,49,1016.3
1992022406,1.2,0,4.4,333.4,58,1018.4
1992022412,7.3,0,4.6,326.6,32,1017
1992022418,4.1,0,1,343.1,43,1017.5
1992022500,1.7,0,1.9,335,58,1019.5
1992022506,2.2,0,1.7,324.2,67,1022.2
1992022512,9.9,0,2.5,359.3,36,1022.3
1992022518,4.6,0,0.9,350,52.5,1024
1992022600,-0.8,0,0.4,325,77,1024.1
1992022606,0.5,0,0.5,308.1,84,1024
1992022612,15,0,3.3,201.9,28,1020.2
1992022618,10.3,0,1.6,252.5,35.5,1018.9
1992022700,5.3,0,0.3,12.1,67.5,1019.8
1992022706,6.4,0,0.2,0,72.5,1019.4
1992022712,19.4,0,2.8,226.3,34,1018.6
1992022718,13.7,0,1.5,179.3,56.5,1018.8
1992022800,11.5,0,0.1,4.8,81,1018.5
1992022806,11.4,0,0.1,348.7,89.5,1019
1992022812,17.1,0.1,2.3,223.7,77,1018.1
1992022818,16.4,0,2.4,278.1,78.5,1018.5
1992022900,16.8,0,2.3,223.4,89,1017.3
1992022906,17.1,1,1.8,243,95,1015.2
1992022912,18.4,2.1,1.2,240,91,1013
1992022918,13.7,0,1.4,67.2,89.5,1015.2
1992030100,10.6,0,1.5,73.3,95.5,1015.8
1992030106,9.6,0.1,1.6,37.1,93,1017.3
1992030112,8.6,0,2.7,24.9,78.5,1020.3
1992030118,7.9,0,2,40.1,68,1022.2
1992030200,7.8,0,2.6,50,64,1023.5
1992030206,7.3,0,4,63.4,65,1024
1992030212,7,0,3.5,53.3,63,1024.1
1992030218,6.3,0,3.5,53.3,61.5,1023.9
1992030300,5.6,0,3.2,56.6,59.5,1024.7
1992030306,5.3,0,2.8,53.3,59.5,1026.3
1992030312,6,0,2.3,43.4,57.5,1026.8
1992030318,5.3,0,2.1,40.1,55.5,1028.1
1992030400,5.1,0,2.4,60,53.5,1028.7
1992030406,5.3,0,2.3,60,53,1027.5
1992030412,7.3,0,3.7,70,52.5,1025.8
1992030418,6.6,0,1.8,48.4,58.5,1023.6
1992030500,5.5,0.8,2.2,13.4,82.5,1019.9
1992030506,5.8,6.2,2.9,31.8,91.5,1016.8
1992030512,4.9,11.9,3,21.6,90.5,1014.2
1992030518,3.2,4.3,2.9,3.3,91,1015.3
1992030600,2.5,0.5,2.7,0,91,1016.8
1992030606,3.1,0,3.3,3.3,81.5,1018.8
1992030612,6.3,0,3.5,29.9,55.5,1021
1992030618,2.5,0,2.2,0,60,1023.9
1992030700,-0.5,0,1.4,350,64.5,1026.3
1992030706,0.8,0,0.9,292.1,72,1027.8
1992030712,10.4,0,3.2,216.6,40.5,1025.7
1992030718,6.1,0,1.1,318.1,40,1025.1
1992030800,1.6,0,0.3,341,75,1026.2
1992030806,2.4,0,0.8,314.9,75,1027.2
1992030812,12.4,0,2.5,159.1,34.5,1024
1992030818,7.4,0,1,287.4,46.5,1022.7
1992030900,1.7,0,0.3,332.1,84.5,1023.1
1992030906,3.5,0,0.4,336.6,79,1022
1992030912,14.7,0,2.4,150,34.5,1019.2
1992030918,9.3,0,0.2,4.8,61.5,1018.6
1992031000,3.6,0,0.6,285.6,82.5,1019.5
1992031006,5.5,0,0.6,7.9,69.5,1020.6
1992031012,13.7,0,1.9,88.9,35.5,1018.8
1992031018,10.1,0,1.2,39.3,62,1019.6
1992031100,5.2,0,0.8,14.7,61.5,1022.2
1992031106,5.5,0,0.8,267.4,64,1024.2
1992031112,15.4,0,2.6,160,29,1022.9
1992031118,10,0,0.8,74.3,57,1023.1
1992031200,4.2,0,0.4,322,80,1023.2
1992031206,5.8,0,0.1,0,86,1023.2
1992031212,18.9,0,3.7,288.2,25,1020.6
1992031218,13.5,0,2.1,35,35.5,1022
1992031300,6.5,0,0.3,342.8,90,1024.8
1992031306,6.4,0,0.3,310.4,93.5,1024.8
1992031312,16.7,0,2.9,141.5,43.5,1022.2
1992031318,12.7,0,0.9,58.2,78.5,1021.3
1992031400,7.8,0,0.2,348.7,87.5,1022
1992031406,7.8,0,0.5,329.3,79.5,1021.2
1992031412,17.2,0,2.1,155,37,1018.1
1992031418,13.9,0,1.1,360,64,1016.5
1992031500,11.1,0,0.8,37.2,83.5,1016.1
1992031506,9.8,2,0.9,356.7,96,1015.2
1992031512,12.9,1,2.3,50.3,73,1013
1992031518,11,0,1.7,43.4,68,1015.3
1992031600,8.8,0,1.5,29.9,74,1017.6
1992031606,6.9,1.6,2.1,26.6,90.5,1020.1
1992031612,6.5,0,3.3,50,76,1021.2
1992031618,5.4,0,2.9,42.3,66,1024.5
1992031700,3.9,2.7,1.4,10,92,1026.2
1992031706,5.5,0,2.7,63.4,65.5,1026.7
1992031712,7,0,3.5,66.7,57,1025.2
1992031718,4.1,2.6,2.1,19.7,76.5,1024.8
1992031800,3.7,4.6,1.4,327.6,96,1021.8
1992031806,5.3,8.2,1.8,352.4,96.5,1018.2
1992031812,8.6,2.4,2.6,18.2,90,1020.1
1992031818,7,0,1.2,353.4,84,1023.1
1992031900,5.8,0,0.3,338.1,92.5,1025.1
1992031906,6.4,0,0.1,340.3,94.5,1025.7
1992031912,13.8,0,1.9,270,49.5,1025
1992031918,10.6,0,0.9,53.1,73.5,1026.3
1992032000,6.2,0,0.9,299.5,80.5,1027.1
1992032006,7.9,0,2,10.1,67.5,1027.4
1992032012,11,0,3.3,53.3,68,1024.3
1992032018,8.4,13.2,2.6,43.8,89,1021.7
1992032100,7.2,8.1,2.8,60,91.5,1018.4
1992032106,6.6,8.7,2.5,0,93.5,1020.2
1992032112,10.3,0.1,1.7,31.4,66,1022.1
1992032118,7.5,0,2.3,26.6,80,1025.4
1992032200,4.6,0,0.7,358,89.5,1028.9
1992032206,6.3,0,0.6,28.1,90.5,1030.9
1992032212,11.9,0,2.9,123.8,56,1029
1992032218,9.8,0,2.3,111.6,64.5,1028.1
1992032300,8.7,0,2.2,83.5,68.5,1026.2
1992032306,7.3,9.2,3,76.8,94,1022.4
1992032312,8,7.7,2.6,37.8,93.5,1018.8
1992032318,8.1,0,2.3,0,89.5,1018.8
1992032400,8.2,0,1.5,357.7,91.5,1019.4
1992032406,8.4,0.2,1.2,353.4,91,1019.1
1992032412,10.1,0,1.2,27.4,81,1017.2
1992032418,9.2,0,0.7,340,86.5,1018
1992032500,8.2,0,0.3,346.9,91.5,1017.8
1992032506,9.5,0,1.2,17.8,84,1018.2
1992032512,15.1,0,2.5,13.5,35.5,1017.9
1992032518,11.8,0,1.3,47.6,63.5,1018.5
1992032600,9.6,0,0.3,341,81.5,1019.1
1992032606,10.5,0,1.2,31.4,76,1020.8
1992032612,12.6,0,2.7,38.2,60,1021.5
1992032618,10.4,0,1.8,36.2,60.5,1021.3
1992032700,9.1,0,2.1,18.2,71,1022.3
1992032706,10.7,0,3.3,43.8,74.5,1023.4
1992032712,13.4,0,5.1,66.7,54,1023.2
1992032718,10.1,0,2.2,40.1,60.5,1024.1
1992032800,9.1,0,1,14.7,73,1024.2
1992032806,10.6,0,2.8,56.6,74,1022.6
1992032812,12.1,0,3.9,53.3,64,1022
1992032818,10.9,0,2.2,28.5,70,1020.6
1992032900,9.3,0,1.5,3.4,82.5,1018.3
1992032906,11.4,0,1.3,7.9,79,1016.9
1992032912,15.8,0,3.1,73.4,59.5,1014.4
1992032918,11.8,0,0.9,23.2,73,1014.4
1992033000,7.2,0,0.5,335.5,92.5,1016.1
1992033006,9,0,0.6,285.2,88,1018.7
1992033012,16.1,0,4,100,54,1019.2
1992033018,11.5,0,1.6,76.9,73.5,1020.2
1992033100,7.1,0,0.9,326.4,93,1021.2
1992033106,8.8,0,0.6,263,93,1021
1992033112,17.2,0,2.4,238.7,52.5,1017.9
1992033118,13.9,0,0.8,260,57.5,1015.8
1992040100,11.2,6.9,0.3,346.9,89.5,1013.8
1992040106,10.6,0.3,2.4,0,94,1012
1992040112,16.9,0,1.4,117.1,63.5,1009.5
1992040118,13.5,0,1.1,349.3,84.5,1009.5
1992040200,11.4,0,2.4,338,69.5,1011.8
1992040206,12.7,0,1.4,23.2,62.5,1014.2
1992040212,18.1,0,4.2,73.3,43,1015.1
1992040218,12.9,0,0.8,22,74.5,1016.5
1992040300,7.9,0,0.5,322,90.5,1017.2
1992040306,10.1,0,0.8,75.6,89,1017.5
1992040312,17.6,0,2.4,111.6,63.5,1017.4
1992040318,13.5,0,1,84.7,79,1016.9
1992040400,10.7,0,0.5,304.7,94,1015.5
1992040406,10.7,2.7,0.2,358,96.5,1013.7
1992040412,13.9,2.7,0.5,45,96,1011.4
1992040418,12.3,0.1,0.7,8,86.5,1010.6
1992040500,8,0,0.5,318.4,95,1010.9
1992040506,11,0,1.8,4.7,78,1012.6
1992040512,19.2,0,2.8,173.4,56.5,1014.1
1992040518,14.4,0,1.2,141.1,83.5,1016
1992040600,10.7,0,0.2,338.1,94.5,1018.3
1992040606,12.4,0,1.1,26.1,93.5,1019.7
1992040612,13.6,0,4.1,70,70,1019.7
1992040618,10.2,0,2.5,35,74.5,1022
1992040700,9.7,0,2.4,20,82.5,1024.2
1992040706,10.8,0,2.8,24.9,81.5,1026.1
1992040712,11.9,0,3.6,53.3,76.5,1026.5
1992040718,11.5,0,2.4,60,83,1027.2
1992040800,10.3,0,0.6,355.9,78.5,1027.3
1992040806,11.8,0,0.7,297.7,83,1026.3
1992040812,18.4,0,3.6,162.7,64,1022.8
1992040818,18.9,0,2.1,259.6,52.5,1020.3
1992040900,15.9,0,0.7,40.7,77,1019.1
1992040906,14.3,13,1.7,50,95.5,1018.5
1992040912,13.7,5.5,2.3,60,90,1017
1992040918,12.1,18.1,1.9,40.1,94,1013.3
1992041000,12.7,28.5,2.5,18.2,95,1007.2
1992041006,12.4,18.3,4,3.4,95,1001.7
1992041012,10.4,1.5,3.5,0,82.5,1002.9
1992041018,8.5,0.1,2.4,353.4,89.5,1005.8
1992041100,7.9,0.1,0.3,346.9,85,1008.9
1992041106,9,0,1,0.4,82,1010.3
1992041112,11.5,0,1.8,131.6,62.5,1009.3
1992041118,10.9,0.3,2,244.4,75,1007.3
1992041200,6.8,0,4.3,313.4,63,1006.8
1992041206,6.6,0,4,280,32.5,1008.3
1992041212,11,0,5.8,312.3,32,1007.4
1992041218,8.4,0,1.4,15.6,42.5,1011.5
1992041300,3.7,0,0.9,295.5,79,1014.8
1992041306,7.1,0,0.9,34.2,73,1016.1
1992041312,12.8,0,3.1,145.3,49,1016.1
1992041318,10.1,0,1.5,217.2,65.5,1017.2
1992041400,6.9,0,0.5,296.6,86.5,1018
1992041406,9.2,0,0.4,324.8,86,1016.5
1992041412,16.5,0,2.8,154.9,51.5,1014.2
1992041418,13.8,0,1.7,355,52.5,1013.8
1992041500,8.9,0,0.5,318.1,82,1014.2
1992041506,9.6,3.7,2.6,290.8,90,1010.3
1992041512,13.1,0,4.5,296.2,49.5,1009.7
1992041518,9.6,0,4.3,291.6,35.5,1010.8
1992041600,5.5,0,2.1,340,59,1014.1
1992041606,8.1,0,2,3.1,63,1016
1992041612,13.6,0,2,336.1,41.5,1015.4
1992041618,10.4,0,0.8,7.7,56,1014.8
1992041700,4.7,0,0.5,335.5,85.5,1015.3
1992041706,8.3,0,0.8,199.3,80.5,1014.8
1992041712,17.8,0,6.5,240,30,1012.1
1992041718,15.3,0,5.2,240,50,1009.7
1992041800,15.8,0,4.1,235.3,74,1007.6
1992041806,18.4,0,6.3,250,71.5,1005.8
1992041812,19,0,4.7,231.8,75,1004.6
1992041818,15.1,0.8,1.1,11.7,92,1006.3
1992041900,10.4,0,3.3,356.6,63.5,1009.3
1992041906,11.7,0,0.8,317.2,55,1011.6
1992041912,20.7,0,3.6,148.9,22,1010.5
1992041918,16.3,0,1.5,284,28,1010
1992042000,10.4,0,1.3,342.7,58.5,1013.4
1992042006,15.2,0,1.8,32.4,37.5,1014.2
1992042012,20.5,0,3.5,96.8,34.5,1014.2
1992042018,16.8,0,1.5,70,51,1012.9
1992042100,13.1,0,0.7,320.4,38,1013
1992042106,16.5,0,3.3,223.8,45.5,1011
1992042112,22,0,6.3,243.4,54.5,1008
1992042118,18.8,24.2,2.8,197.7,85,1004.5
1992042200,15.1,14.7,1.6,17.2,95.5,1001.2
1992042206,16.2,0,4.9,340,57.5,1002.7
1992042212,21.8,0,6.4,323.3,19.5,1005.3
1992042218,16.8,0,2.2,27.6,21,1008
1992042300,9.9,0,0.5,331,53,1012.5
1992042306,12.5,0,1,256.6,66,1014.3
1992042312,24.8,0,4.8,253.4,14.5,1012.7
1992042318,19.1,0,2.5,236.1,25,1013.2
1992042400,15.4,0,2,253.1,34,1013.1
1992042406,18.5,0,4.1,235.3,69.5,1011.5
1992042412,23.3,0,4.7,315,44.5,1010
1992042418,17.9,0,4.6,343,26,1013.1
1992042500,12.5,0,2.5,344.1,25,1017.1
1992042506,13.9,0,1.2,4.2,40.5,1020.2
1992042512,19.8,0,3.4,169.8,30,1019.3
1992042518,14.5,0,1.8,219.7,54.5,1017.8
1992042600,10.3,0,0.8,291.5,75,1017
1992042606,14.4,0,1.3,313.2,71,1016.6
1992042612,24.4,0,3.2,85.4,28.5,1013.6
1992042618,18.5,0,1.2,3.4,52,1011.5
1992042700,12,0,0.6,321.7,66.5,1011.2
1992042706,16,0,1.4,257.4,63.5,1010.4
1992042712,23.8,0,1.5,115,46,1007.7
1992042718,17.9,0,1,25,59,1006.5
1992042800,12.4,0,0.1,0,71,1007.5
1992042806,16.5,0,1.1,338.7,67.5,1007.6
1992042812,26.8,0,2.6,144.5,31.5,1005.2
1992042818,21.8,0,2.5,333.2,43.5,1006.3
1992042900,15.6,0,2.2,40.1,78,1012.1
1992042906,15.8,0,2.5,58.8,72.5,1015.2
1992042912,18.1,0,3.8,76.8,50,1013.3
1992042918,14.3,0.7,2.4,56.4,64,1008.4
1992043000,10.8,7.9,2.9,7.9,94.5,1003.4
1992043006,10.8,1.8,2.1,356.6,95.5,1003.1
1992043012,12.9,0,2,13.4,78.5,1005.7
1992043018,11.3,0.8,0.8,3.4,85,1008.2
1992050100,8.8,0,0.9,325,93,1010.6
1992050106,11.6,0,0.8,71.4,90,1011.9
1992050112,17.3,0,3,169.5,61.5,1011.8
1992050118,14.9,0,1.7,271.3,56.5,1009.8
1992050200,11.2,0,2.6,308.2,71,1010.5
1992050206,14,0,4.2,336.6,56,1011.8
1992050212,20.3,0,5,0.5,26.5,1012.6
1992050218,13.7,0,1.6,25,66,1014.5
1992050300,9,0,0.8,307.7,90,1014.7
1992050306,13,0,0.8,295.7,70.5,1016
1992050312,24.1,0,2.2,315,35.5,1013.8
1992050318,23.9,0,2.5,17.7,25.5,1013.1
1992050400,19.8,0,3.2,6.3,32.5,1016
1992050406,20.2,0,2.2,26.2,42.5,1019.8
1992050412,22.6,0,5,70,35.5,1020.9
1992050418,16.7,0,1.7,119.3,44.5,1021.7
1992050500,12,0,1.4,316.3,78,1022.3
1992050506,16.2,0,1.8,170.8,69.5,1022.1
1992050512,21.5,0,3.7,103.9,27,1021.4
1992050518,16.4,0,1.6,46.8,46,1021.8
1992050600,14.5,0,1.6,50,67,1022.2
1992050606,15.9,0,3.1,60,67.5,1021.4
1992050612,16.1,0,3.5,70,67.5,1019.8
1992050618,14.6,0.6,1,45.3,81.5,1017.2
1992050700,13.9,2.7,0.7,317.2,96.5,1013.8
1992050706,16.6,10.8,3.4,196.7,96.5,1009
1992050712,19.6,15.7,3,206.6,92.5,1004.8
1992050718,19.9,11,3.1,220.1,95,1001.7
1992050800,20.5,2.9,3.2,230,87.5,1000.2
1992050806,15.4,8.1,2.7,66.6,92.5,1003.2
1992050812,15.2,0.1,1.5,80,92,1005.6
1992050818,14.9,0,0.9,327.3,89,1007
1992050900,12.9,0,2.1,290.2,95.5,1008.3
1992050906,17.1,0,3,336.6,68.5,1011
1992050912,19.8,0,4.6,40.7,37,1012.7
1992050918,13.6,0,2.3,38.2,55.5,1018.2
1992051000,11.2,0,1.3,1,66,1020.6
1992051006,14.2,0,2.8,43.8,65,1022.7
1992051012,17.5,0,4.8,63.4,35.5,1024
1992051018,13.4,0,2.2,48.4,57.5,1025.6
1992051100,10.8,0,1.3,4.5,68.5,1026.6
1992051106,13.7,0,3.7,73,67.5,1027.8
1992051112,16.8,0,5.1,66.7,48,1027.3
1992051118,12.6,0,2.1,7.5,62,1025.6
1992051200,8.1,0,0.8,300,87,1025.1
1992051206,12,0,0.8,104,81.5,1024.6
1992051212,20.3,0,2.8,110,66,1021.7
1992051218,17.1,0,1.1,60.1,83,1020.5
1992051300,14.4,0,0.4,341,93.5,1018.8
1992051306,15.6,1.5,0.7,293.2,92.5,1016.7
1992051312,19.1,1.6,2.3,211.8,94.5,1014.4
1992051318,19,0,2,287.7,88,1012.8
1992051400,14,0,2.1,41.9,86,1015.2
1992051406,16,0,1.8,43.5,71,1018.1
1992051412,19.4,0,5,70,57,1018.9
1992051418,15.8,0,2.3,60,71.5,1020
1992051500,14.2,0,1.8,38.2,79,1018.2
1992051506,14.6,0,1.6,51.8,79.5,1016.1
1992051512,15.4,0,2.4,45.1,80,1014.6
1992051518,14.3,0,1.4,23.2,84.5,1012.9
1992051600,11.2,0,0.9,316.9,93.5,1012.5
1992051606,14.3,0,0.8,279.8,88.5,1012.6
1992051612,21.3,0,2.5,128.4,64,1010
1992051618,18.6,0,1.2,55.4,71,1009.8
1992051700,14.7,0,0.4,353.6,83.5,1010.5
1992051706,16.2,0,0.8,355.4,83.5,1010.8
1992051712,21.1,0,2.4,190.1,58,1009.5
1992051718,18.5,0,1.2,282.3,65.5,1007.9
1992051800,14,0,0.8,332.5,89.5,1007.9
1992051806,16.9,0,1.9,350,81,1007.1
1992051812,22.2,0,3.9,83.6,44,1007
1992051818,17.2,0,1.3,12.9,59.5,1008.9
1992051900,12.4,0,0.2,353.6,81.5,1010.4
1992051906,16.9,0,1.1,322.3,78,1010.2
1992051912,25.5,0,2.8,115,36.5,1008.2
1992051918,21.3,0,1.9,257.2,58,1006.8
1992052000,16.1,0,0.9,0,73,1007.1
1992052006,21.1,0,1.6,23.5,53,1006
1992052012,28.6,0,5,321.8,28.5,1004.3
1992052018,23,0,1.6,316.8,37,1004.4
1992052100,19,0,2,356.8,46,1005.3
1992052106,19.7,0,1.6,0,55.5,1005.9
1992052112,29.3,0,4.8,270,31,1004.3
1992052118,23.3,0,2.2,287.7,51.5,1003.9
1992052200,17.2,0,0.6,353.7,74,1004.1
1992052206,20.5,0,0.9,41.1,65.5,1005.3
1992052212,27.6,0,2,52.9,33,1004
1992052218,17.7,0,2.2,22.4,79,1006.7
1992052300,15,0.5,1.2,1.4,90.5,1008
1992052306,15.5,5.5,1.3,219.5,91.5,1007.3
1992052312,21.9,0.1,3.8,236.6,49,1004
1992052318,18.7,0,1.9,312.3,55,1002.7
1992052400,12.4,0,0.6,321.5,84.5,1004.8
1992052406,15.8,0,1.5,56.2,76,1005.8
1992052412,17.5,0,4.5,73.1,53,1006.9
1992052418,12.9,0.9,1.6,12.4,83.5,1009.7
1992052500,10.6,0,0.8,333.2,91.5,1011
1992052506,13.3,0,1,280.1,79,1010.8
1992052512,16.9,0.4,2.9,184.4,58,1008.5
1992052518,12.8,7.9,1.8,309.7,92.5,1007.3
1992052600,9.9,0,1,346.6,95.5,1006.5
1992052606,14.1,0,1.9,340,81.5,1007.2
1992052612,19.1,1.1,2.7,69,52.5,1007
1992052618,13.3,4.2,1.8,23.1,89,1008.8
1992052700,9.9,0,0.2,343.4,94,1011
1992052706,12.1,0.4,0.8,354.2,91,1012.5
1992052712,15.7,5.7,2,171.7,67.5,1012.5
1992052718,13.2,0,0.9,5,81.5,1013.1
1992052800,10,0,0.6,26.6,95.5,1013
1992052806,13.9,0,0.6,320.4,89.5,1012.4
1992052812,23.6,0,2.3,142.3,50.5,1009.5
1992052818,20.4,0,0.9,351.9,65.5,1007.9
1992052900,17.3,0,0.4,327.8,80.5,1006.8
1992052906,17.6,0,0.6,260.3,86.5,1005.4
1992052912,21,4.6,2,42.6,61.5,1005.3
1992052918,17.3,0,0.7,25,89.5,1005.2
1992053000,13.9,0,0.4,300.6,95.5,1006.8
1992053006,17,0,1.1,37.2,90,1007.8
1992053012,22.4,0,3.6,55,52.5,1007.8
1992053018,17.2,0,2,40.4,75.5,1008.5
1992053100,13.6,0,0.6,331.1,89,1009.9
1992053106,16.3,0,1,239.3,85.5,1010.6
1992053112,22,0,2.9,163.3,63,1010.3
1992053118,18.4,0,1.5,174.3,74,1011.2
1992060100,15.9,0,0.5,261.4,90.5,1012.1
1992060106,18.6,0,1,75,90.5,1012.4
1992060112,24.4,0,3.2,143.3,57.5,1012.3
1992060118,20.8,0,1.4,103.9,66.5,1011.8
1992060200,17.1,0,0.1,3.3,92,1012.7
1992060206,21.1,0,0.7,319.8,82.5,1013.3
1992060212,28.4,0,3.1,135,48.5,1011.9
1992060218,22.1,0,1.5,63.5,70.5,1011
1992060300,18.4,0,0.1,3.3,86.5,1011.7
1992060306,22,0,1.2,257.9,78,1011.5
1992060312,28.9,0,3.2,260,36.5,1009.8
1992060318,23.6,0,2.2,272.4,45.5,1009.2
1992060400,20.1,0,1,278,67,1009.8
1992060406,20.9,0,1.6,262.6,80,1009.7
1992060412,24,0,3.5,226.8,64.5,1007.7
1992060418,21.8,7.3,2.5,212,83,1006.1
1992060500,20.2,0,1.6,231.8,93.5,1005.3
1992060506,22.6,0,1.4,76.5,86,1006.1
1992060512,26.3,0,3.1,103.4,68,1006.7
1992060518,22.3,0,1.3,40.7,84,1006.5
1992060600,19.7,0,0.4,344.8,93,1007.4
1992060606,20.8,0,1,135.2,90,1007.2
1992060612,25.2,0,3.8,246.7,65,1005.4
1992060618,22.2,0,1.8,215,78.5,1004.8
1992060700,21.2,0.5,2.1,228.5,80,1002.6
1992060706,19.8,0,3.1,204.9,82.5,1000.8
1992060712,23.4,0.1,3,241.7,82,997.8
1992060718,20,0,3.2,333.4,52,999.4
1992060800,14.3,0,1.9,339.6,47.5,1004.8
1992060806,15.8,0,1.7,292.2,47,1007.8
1992060812,23.8,0,2.9,158,33.5,1007.2
1992060818,20.5,0,2.3,240.7,49,1006.2
1992060900,17,0,1.3,297.9,69,1006.1
1992060906,20.9,0,1.9,183.7,63,1006.9
1992060912,26.6,0,5.8,240,38,1007.4
1992060918,22.5,0,3.6,243.4,55,1008
1992061000,20.4,0,2.4,231.5,79.5,1009.4
1992061006,22.9,0,4.2,213.8,80.5,1008.6
1992061012,26.4,0,5.8,233.3,52,1005.4
1992061018,22.6,0,3.2,236.6,74.5,1004.8
1992061100,16.6,0,1.8,346.6,65,1005.7
1992061106,18.7,0,1.8,316.1,62.5,1007.6
1992061112,24.3,0,3,143.1,47.5,1006.8
1992061118,21.1,0,1.9,325.6,65,1006.3
1992061200,17.5,0,2.5,340,69.5,1007.7
1992061206,20.2,0,2.6,350.4,66.5,1009
1992061212,24.8,0,3,140.8,47,1008.8
1992061218,21.2,0,1.4,200,57.5,1009.2
1992061300,17.7,0,0.3,342.8,82.5,1010.2
1992061306,18.4,0.1,1,332.8,86.5,1011
1992061312,22.9,0,1.7,183.4,63.5,1010.7
1992061318,21.8,0,0.8,233.6,68.5,1009.6
1992061400,19.5,0,0.8,311.3,75,1010.5
1992061406,21.2,0,0.8,280.5,79.5,1010.8
1992061412,25.9,0,2,205,52,1009.8
1992061418,20.8,0,1.8,80.2,72,1009.4
1992061500,17.1,0,0.6,44.2,92.5,1009.8
1992061506,19.5,0,0.6,253.1,86.5,1009.1
1992061512,25.3,0,4,93.4,48.5,1007.9
1992061518,20.6,0,2.1,58.1,63.5,1008.1
1992061600,16.1,0,0.4,344.4,86,1010.2
1992061606,19.3,0,1,218.1,79,1010.8
1992061612,25.4,0,2.8,166.8,43.5,1010.6
1992061618,20.6,0,1.1,166.9,60.5,1009.8
1992061700,15.2,0,0.6,293.3,88.5,1010.1
1992061706,19,0,1.5,84.9,76,1009.8
1992061712,24.9,0,3.9,66.7,60.5,1008.5
1992061718,19.9,0,2,34.5,74,1009
1992061800,17,0,0.3,357.3,84.5,1010
1992061806,19.5,0,1,28.7,83.5,1010.4
1992061812,22.4,0,4.1,70,66,1011
1992061818,18.2,0,1.7,10,79,1013.1
1992061900,15.9,0.9,0.9,333.2,91,1014.9
1992061906,17.3,0,0.5,5.3,89.5,1016
1992061912,20.8,0.1,3.6,70,67.5,1015.8
1992061918,18,2.8,2.3,56.6,85.5,1016.1
1992062000,15.6,0,1.2,346.5,95,1017.1
1992062006,18.2,0,1.8,34.2,81.5,1017
1992062012,22.8,0,2.5,76.8,56.5,1016
1992062018,19.6,0,1.7,107.3,65.5,1014.3
1992062100,15.1,0,0.5,300,91.5,1014.2
1992062106,18.4,0,1.2,245.9,86.5,1013.5
1992062112,24.4,0,3,153.4,61.5,1011.2
1992062118,20.3,0,1.5,182.1,76,1010.5
1992062200,17.3,0,0.6,345.5,90,1009.5
1992062206,20,0,1.8,84.9,83.5,1008.4
1992062212,23.4,0,4.7,93.3,58,1008.2
1992062218,19.9,0,4.2,86.7,77,1008.4
1992062300,18.6,1.8,3,56.6,82,1006.8
1992062306,17.3,13.7,3.5,51.8,96,1005.4
1992062312,17.9,1.9,3.8,21.6,91.5,1004.8
1992062318,18.2,0,2.6,13.4,78.5,1005.3
1992062400,17.3,0,2.2,3.4,87,1007.5
1992062406,19.8,0,2.2,47.4,75,1010.5
1992062412,22.7,0,3.6,80,60.5,1010.4
1992062418,18.9,0,1.5,55.4,74,1010.9
1992062500,14.3,0,0.4,311.9,94.5,1011.7
1992062506,17.9,0,0.6,50.4,88,1012.2
1992062512,24.8,0,3.3,173.2,57.5,1010.9
1992062518,20.2,0,1,218.4,70.5,1011
1992062600,17.2,0,0.2,338.1,89,1011.4
1992062606,19.8,0,0.4,16.1,74.5,1011.3
1992062612,25.4,0,2.9,111.6,45,1010.9
1992062618,21,0,1.1,45,63,1011.2
1992062700,15.9,0,0.4,311.9,90,1011.5
1992062706,18.9,0,0.9,182.5,80.5,1011.8
1992062712,26,0,3.3,119.3,44,1011.2
1992062718,21.3,0,1.4,137,65.5,1011
1992062800,16.8,0,0.4,288.7,92,1011.3
1992062806,19.8,0,0.8,278.2,86,1011.7
1992062812,25.5,0,3.4,146.6,55.5,1010.7
1992062818,21.8,0,1.2,143.8,70.5,1010
1992062900,18.4,0,0.5,305.5,87,1009.7
1992062906,21.3,0,0.8,61.1,81.5,1009.3
1992062912,26.2,0,3,159.6,64,1007.9
1992062918,22.9,0,1.5,191.2,83,1007
1992063000,20.1,0,0.5,269.7,94.5,1006.1
1992063006,21,0,1.3,281.4,92.5,1005.4
1992063012,25.4,0,2.9,180,60,1003.8
1992063018,23.1,0,0.9,174.9,62.5,1002.9
1992070100,19.1,0,0.3,305,85,1003.4
1992070106,22.4,0,0.5,330.6,81,1003.5
1992070112,29.1,0,4.1,230,40,1002.2
1992070118,24,0,2.9,248.9,65,1002
1992070200,20.1,0,0.2,10,87.5,1002.9
1992070206,23,0,1.3,299.5,83.5,1004.4
1992070212,29.8,0,3.7,191.2,56.5,1002
1992070218,25.7,0,2.4,237.3,66,1002.5
1992070300,21.8,0,0.8,353.9,88,1004.4
1992070306,24.9,0,1.2,266.6,81.5,1003.8
1992070312,29.5,0,2.9,201.1,56.5,1001.2
1992070318,25.9,0,1.6,307.8,70.5,1001.2
1992070400,22.1,0,1.1,329.7,88,1002.3
1992070406,24.8,0,0.8,350,84,1002.7
1992070412,30.1,0,3.3,158.7,57,1002.4
1992070418,25.2,0,2,338.8,72,1002.1
1992070500,22.1,0,0.9,336.6,89,1003.2
1992070506,24.3,0,2,26.8,83,1003.8
1992070512,27.7,0,3,95.7,64,1003
1992070518,23.4,0,0.2,21.9,77,1003.4
1992070600,19.6,0,0.4,10,91,1004.8
1992070606,22.4,0,1.7,46.2,83.5,1005.2
1992070612,27.2,0,3.5,114.9,59,1004.2
1992070618,22.9,0,1.2,75.6,75.5,1003.8
1992070700,18.7,0,0.4,340,94,1004.6
1992070706,21.5,0,1,217.3,88.5,1004.3
1992070712,28.9,0,3.6,163.3,49,1003
1992070718,25,0,1.1,88.4,68.5,1002.8
1992070800,21.8,0,0.2,26.6,90,1003.8
1992070806,26.1,0,1,314.7,75,1004.8
1992070812,35,0,1.5,305,35,1004.1
1992070818,27.4,0,1.3,35,62,1006.3
1992070900,21.9,0,0.7,4.5,76,1009.2
1992070906,23.7,0,1.2,220.5,78,1010.6
1992070912,27,0,2.7,153.4,70.5,1010.3
1992070918,25.1,0,0.4,35,82.5,1010.9
1992071000,23.8,23.6,0.3,7.7,92,1011.7
1992071006,24.6,0.9,1.2,256.5,93.5,1012
1992071012,26.3,0.9,2.4,244.9,86.5,1011.2
1992071018,24.2,1.6,1.1,158.9,90,1011.1
1992071100,22.7,0,0.5,70.8,94.5,1012.1
1992071106,25,0,1,336.1,85,1013.5
1992071112,30.2,0,3.4,253.4,44.5,1013.1
1992071118,26.7,0,1.6,331.3,67,1014.2
1992071200,23.7,0.4,0.6,312.4,85.5,1016.2
1992071206,22.9,2.4,0.9,66.1,91.5,1017.6
1992071212,22.8,13.7,1.5,116.6,90.5,1017.4
1992071218,21.9,5.4,0.7,52.1,94,1015.7
1992071300,21.7,0,0.6,350.6,95,1014.8
1992071306,21.9,2,0.8,289.3,95,1014.1
1992071312,26.6,0,2.5,161.2,79.5,1012.6
1992071318,23.8,0,1.3,344.8,87.5,1012.4
1992071400,22.4,0.2,0.5,25.7,93,1012.7
1992071406,22.9,0.2,1.6,76.3,89.5,1012.5
1992071412,25.4,0,2.3,83.2,77.5,1012.2
1992071418,23.1,0.1,1.5,77.4,84,1012.2
1992071500,21.6,0,0.5,12.6,93,1012.5
1992071506,22.8,0,0.4,28.2,91.5,1012.5
1992071512,27.2,0,2.2,173.2,64,1011
1992071518,23.6,0.2,1.4,129.1,81,1010.8
1992071600,21.8,0.5,0.3,18.9,92.5,1010.9
1992071606,22.2,0,0.6,17.9,95.5,1010
1992071612,23.3,1.2,2,149.8,89,1009.1
1992071618,21.7,5.4,1.1,73.4,95,1007.4
1992071700,21.3,18.8,0.3,353.6,96,1004.9
1992071706,21.9,23.2,0.5,357.7,96.5,1002.5
1992071712,25,0.8,3.2,235.3,90.5,1000.2
1992071718,26,0,3.3,240,85,998.4
1992071800,24,0,1.8,325.5,90,999
1992071806,26.4,0,1.4,305,75.5,1001.4
1992071812,32.1,0,2.8,284.7,52,1001.1
1992071818,28.1,0,1.5,297.3,71,1002.6
1992071900,23.8,0,0.6,320.2,91,1005.4
1992071906,26.3,0,1,336.9,84,1007.8
1992071912,32,0,2.7,102.3,61,1007.7
1992071918,28.2,0,1.2,112.4,74.5,1008.1
1992072000,25.6,1.9,0.6,250.1,84.5,1009.7
1992072006,26.9,0.1,1.9,215,83.5,1011.2
1992072012,31.7,0,3.7,250,61,1011.6
1992072018,27.9,0,2.9,225.1,79.5,1011.2
1992072100,27,0,3.2,253.4,83,1012
1992072106,28.9,0,3.8,270,75,1011.7
1992072112,32.1,0,5,270,59,1010.8
1992072118,28.7,0,3.2,239.8,72,1010.8
1992072200,26.1,0,1.9,243.4,89.5,1011.2
1992072206,29.3,0,3.5,253.4,73,1011.8
1992072212,32.4,0,4.8,256.6,57,1010.3
1992072218,29,0,3.6,263.2,72,1009.8
1992072300,26.5,0,2.1,217.5,83,1011
1992072306,29.1,0,2.2,190,77.5,1012.1
1992072312,33.1,0,2.8,136.8,60.5,1011.8
1992072318,29.4,0,0.9,43.2,73.5,1011
1992072400,25.9,0,0.2,353.6,89,1012
1992072406,27.8,0,0.6,325.6,84.5,1012.8
1992072412,33.8,0,2.8,149.6,56.5,1011.2
1992072418,27.3,0,1.4,74.4,76.5,1010.6
1992072500,25.8,0,0.9,346.8,89.5,1010.5
1992072506,28,0,1.1,285,74,1011.1
1992072512,34.4,0,2.4,133.3,50.5,1010.2
1992072518,30.2,0,1.9,307.1,68.5,1010.1
1992072600,25.8,0,1,322.3,89.5,1011.2
1992072606,28.3,0,0.9,303.2,78,1011
1992072612,34.2,0,3.5,188.9,47,1009.2
1992072618,29.4,0,2.7,273.8,68.5,1008.5
1992072700,25.7,0,1.5,322.3,73,1009.1
1992072706,27.6,0,1.1,339.3,72.5,1009.3
1992072712,34.3,0,3.2,256.8,50,1008
1992072718,30.4,0,1.9,286.2,69,1008
1992072800,26.3,0,0.6,335.5,88.5,1008.7
1992072806,28.2,0,1.7,316.3,86,1009.6
1992072812,33.3,0,1.8,96.8,59,1008.5
1992072818,30.7,0,0.8,352.8,72,1008.2
1992072900,26.8,0,0.5,335.5,86.5,1008.6
1992072906,28.9,0,1,319.8,84,1008.4
1992072912,35.4,0,3.3,230.5,48.5,1007
1992072918,29.9,0,2.7,252.8,55,1006.3
1992073000,26.2,0,1.5,243.4,77.5,1006.3
1992073006,28.7,0,3.1,253.4,74,1005
1992073012,32.7,0,4.5,260,57.5,1004
1992073018,29.4,0,3.8,263.4,71.5,1003.5
1992073100,28.2,0,2.8,256.6,82,1004.8
1992073106,29.7,0,2.9,253.3,81.5,1005.2
1992073112,34.7,0,3.3,281.2,56,1004.5
1992073118,29,0,1.9,80,69.5,1005.8
1992080100,24.6,0,1.3,13.4,86,1009.2
1992080106,25.5,0,2,41.6,80.5,1010.7
1992080112,28.5,0,4.4,103.4,63.5,1011
1992080118,24.4,0,2.6,72.7,79.5,1011.3
1992080200,23,0,1,35,87,1012.7
1992080206,24.3,0,2,66.7,82.5,1013.4
1992080212,27.8,0,4.3,93.4,59.5,1012.8
1992080218,23.8,0,2.5,57.2,74,1013.5
1992080300,22.3,0,2,58.8,86,1014.2
1992080306,24.7,0,3.8,80,78,1015.2
1992080312,26.6,0,5.4,90,56,1014.8
1992080318,23.2,0,4.2,70,68.5,1014.8
1992080400,21.7,0,2.9,51.8,75.5,1014.2
1992080406,23.5,0,5.8,66.7,70,1013.5
1992080412,25.8,0,5.5,59.8,56,1012.1
1992080418,22.9,0,4.7,53.3,70.5,1010.3
1992080500,21,16.7,2.6,38.2,96.5,1008.7
1992080506,23,11.1,3,130.2,95.5,1008.2
1992080512,23,5.6,3.8,163.4,95,1008.3
1992080518,23,0.5,2.5,235,93,1008
1992080600,22.8,0,1.4,250,90.5,1009.4
1992080606,24,0,2.4,263.2,85,1010.3
1992080612,28.7,0,3.1,266.6,58,1009.5
1992080618,26.5,0,2.4,253.4,70.5,1009.3
1992080700,24.8,0,0.8,291.6,86,1009.2
1992080706,26.2,0,1.4,251.8,82,1008.6
1992080712,29.8,0,3.7,209.9,71.5,1007.4
1992080718,27.4,0,1.3,245.7,84,1006.8
1992080800,25.2,1.2,1.1,63.5,90.5,1006.5
1992080806,23.7,5.9,3.5,56.6,93,1004.8
1992080812,24.3,0,4.4,29.9,86,1001.6
1992080818,23.5,1.5,1.5,346.6,89,1004.8
1992080900,22.1,0,0.7,51.6,93,1008.2
1992080906,23,0,1.9,70,92.5,1010.8
1992080912,25.4,0,2.3,111.6,73,1011.9
1992080918,23.4,0,0.8,35,84,1013
1992081000,22.4,0,0.1,0,89.5,1013.7
1992081006,23.8,0,0.4,9.4,88.5,1014.2
1992081012,28,0,2.2,163.3,73,1013.5
1992081018,25.4,0,1.7,170,80,1012.7
1992081100,24,0,0.8,272.9,89,1012.9
1992081106,24.1,0,0.5,19.5,94,1012.7
1992081112,28.3,0,2.3,160,71,1011.5
1992081118,26,0,1,254.8,85,1010.3
1992081200,24.1,0,0.3,340,93,1009.3
1992081206,23.2,50.6,1.6,89.2,95,1007.6
1992081212,22.4,21.3,1.3,10.3,94,1003.9
1992081218,22.3,0.1,0.9,8.5,94,1002.4
1992081300,21.2,0,0.3,346.9,94,1002.9
1992081306,22.7,0,0.8,47.6,91.5,1003.1
1992081312,27.1,0,3.8,90,65.5,1002.7
1992081318,24.5,0,1.3,50.7,83,1002.8
1992081400,23,0.3,0.6,21.6,91,1002.8
1992081406,23.1,0,1,16.7,92.5,1002.5
1992081412,23.4,5,0.8,359.5,89.5,1003.5
1992081418,22.4,24.7,2.5,106.7,93.5,1004.3
1992081500,21.9,29.9,1.9,53.4,94.5,1003.5
1992081506,21.8,4.2,0.9,349.8,94.5,1003.6
1992081512,23.2,0,0.3,345.1,93.5,1004.7
1992081518,23,0,0.8,15.5,92.5,1006.9
1992081600,22.6,0,0.2,350.2,93.5,1009.2
1992081606,23,0,0.4,22.6,93.5,1010.4
1992081612,25.4,0,1.8,70,84.5,1010.8
1992081618,23.9,0,1.5,38.1,84.5,1011.7
1992081700,22.9,0,1.5,24.9,87.5,1012.3
1992081706,23.2,0,2.4,46.8,88,1012.3
1992081712,25.5,0,3.3,53.3,76.5,1011
1992081718,23.3,0,2.5,43.4,81,1010.5
1992081800,22.4,0,3.4,45.1,89,1009.3
1992081806,22.3,23.3,3.1,53.3,93,1007.8
1992081812,23,20,3.4,51.5,93,1005.8
1992081818,23.3,5.2,4.3,56.6,92,1002.8
1992081900,23,42.6,4.8,58.8,92.5,999.8
1992081906,22.6,10.9,3.8,11.2,93.5,998.8
1992081912,24.1,0.1,4.6,20,87.5,999
1992081918,23.1,0,3.2,20,87.5,1000.2
1992082000,23,0,2.5,20,91,1001.5
1992082006,23.6,0,2.9,24.9,87,1002.8
1992082012,25.7,0,3.4,40.1,76,1003.1
1992082018,23.6,0.3,2.1,10,88,1004.7
1992082100,22.4,0,2.2,11.2,88.5,1006.1
1992082106,23.3,0.1,2,18.2,88.5,1006.3
1992082112,24.9,0.1,2.5,35,88,1006.5
1992082118,22.9,0,0.8,20.9,89,1008
1992082200,22.1,0,0.8,343.1,93,1008.8
1992082206,24.2,0,1.1,58.2,85.5,1009.3
1992082212,28.5,0,2.6,145,69.5,1008.7
1992082218,24.8,0,1.2,250,81.5,1009
1992082300,21.8,0,0.8,329.8,95,1009.4
1992082306,23,0,0.3,342,93.5,1009.7
1992082312,28.5,0,2.9,173.1,80,1008.9
1992082318,26.4,0,1.4,247.9,88.5,1009.1
1992082400,23.9,0,0.2,335.2,95,1010.4
1992082406,24.6,0,0.6,35,93.5,1011.3
1992082412,29.1,0,1.6,132.6,71.5,1010.9
1992082418,26.5,0,1.8,106.3,86.5,1010.8
1992082500,25.7,0,0.8,207.7,93.5,1010.6
1992082506,24.2,11,2.1,33,95.5,1010.3
1992082512,21.5,13.2,1.3,350.2,96.5,1012.9
1992082518,21,0.7,1.2,315.1,96,1013.7
1992082600,21.2,0,0.5,323.6,96.5,1013.4
1992082606,21.6,7.6,1,326.9,97,1013.9
1992082612,23.4,3.9,0.8,328.3,96.5,1014.3
1992082618,23.7,0.8,0,0,96.5,1014.6
1992082700,23.6,0,0.1,350,97,1014.5
1992082706,25,0,0.5,16.1,96.5,1013.3
1992082712,29.6,0,2.8,253.4,75.5,1012.7
1992082718,27,0,1,176.3,86.5,1013.8
1992082800,23.7,0,0.4,335.5,94,1014.8
1992082806,25.4,0,1.1,39.8,91.5,1015.2
1992082812,29.6,0,2.8,149.8,69,1015.8
1992082818,26.6,0,1.9,79.7,78,1016
1992082900,23.5,0,0.7,328.3,92.5,1016.4
1992082906,25.3,0,1.2,28,89.5,1016.2
1992082912,30.1,0,3.6,86.6,70.5,1015.5
1992082918,26.6,0,2,30.7,84.5,1015.5
1992083000,24.4,0,0.9,8.4,91,1016.5
1992083006,26.5,0,1.9,47.8,87.5,1016.1
1992083012,30.2,0,3.1,90,66.5,1014.8
1992083018,26.2,0,1.9,22.9,86,1014.8
1992083100,24.4,0,1,329.8,93.5,1015
1992083106,24.9,0,0.8,353.6,94,1014.7
1992083112,28.4,0,2.4,93.3,82,1014.2
1992083118,26.5,0,1.1,63.4,87,1014.1
1992090100,25.3,0,0.5,43.2,94.5,1014.1
1992090106,26,0.4,1.9,135.1,91,1013.7
1992090112,27.9,0,2.6,156.6,76,1012.2
1992090118,27,0,1.9,211.8,87,1011.2
1992090200,26.8,0,3.2,215,87.5,1009.3
1992090206,27.4,0,3.7,228.4,87.5,1007.2
1992090212,28.7,0,3.8,240,81.5,1006.3
1992090218,27.4,0,1.7,225.1,90,1006.8
1992090300,26.3,0,1.6,221.6,93.5,1006.3
1992090306,27.8,0,2.7,236.6,84.5,1005.5
1992090312,31.8,0,4.1,253.4,65,1004.3
1992090318,28.2,0,2.2,218.4,78,1004.4
1992090400,26.4,0,2.2,292.4,81,1004.1
1992090406,27.1,0,1.3,27.1,86.5,1005
1992090412,32.4,0,2.5,45,57,1005.1
1992090418,27.6,0,0.9,7,76.5,1006.8
1992090500,23.1,0,0.3,338.1,91,1008.8
1992090506,24.6,0,0.8,336.4,90.5,1009.6
1992090512,28.9,0,4.2,110,66.5,1009.6
1992090518,24.9,0,1.2,43.7,83,1011.4
1992090600,22.2,0,0.4,346.2,92,1012.4
1992090606,23.9,0,1.3,47.7,85.5,1013.2
1992090612,28.1,0,3.1,114.9,58.5,1011.9
1992090618,24.3,0,1.5,55.3,79.5,1012.1
1992090700,21.1,0,0.2,346.9,94,1012.1
1992090706,23.4,0,0.5,319.8,90.5,1011.6
1992090712,29,0,2.4,163.3,61.5,1010.2
1992090718,25.6,0,1.5,272.1,82,1009.8
1992090800,24.1,0,0.4,335.5,91,1009.2
1992090806,25.8,0,1.1,256.1,84,1008.9
1992090812,27.5,0,1.9,298,79,1007.8
1992090818,25,0.5,1.2,35,85,1009
1992090900,21,3.2,1.3,24.3,66,1010
1992090906,17,23.1,0.8,332.1,96,1011.8
1992090912,18.5,15.3,1,356.9,96,1011.1
1992090918,18.5,5.4,1,29.2,96,1010.8
1992091000,18.6,0,2.1,353.4,95,1010.6
1992091006,21.2,0,2,31.4,87.5,1011
1992091012,24.6,0,4.4,76.6,58.5,1010.5
1992091018,20.5,0,2.1,26.2,73,1011
1992091100,17.4,0,1.4,353.1,88,1010.8
1992091106,20.2,0,1.1,49.3,82.5,1010.8
1992091112,25.5,0,2,86.9,54.5,1009.3
1992091118,21.5,0,0.6,17.9,69,1009.4
1992091200,17,0,0.4,342.7,94,1009.4
1992091206,18.5,0,0.2,340.3,90.5,1010.2
1992091212,26.2,0,1.5,201.3,51,1008.4
1992091218,22.7,0,0.8,359.9,63.5,1008.8
1992091300,20.4,1.1,1,335.5,89,1008.5
1992091306,18.8,12.4,1.3,74.5,94.5,1008.4
1992091312,19.9,11.4,0.6,1.7,96.5,1005.7
1992091318,21.3,3.9,1.9,92.6,97,1004.1
1992091400,21.2,0,0.4,3.1,97,1004.4
1992091406,22,0,1.7,31.8,96.5,1006.5
1992091412,25.9,0,1.7,60,75.5,1006.6
1992091418,23.3,0,0.8,112.3,88.5,1008.5
1992091500,20,0,0.5,343.4,94.5,1010.2
1992091506,21.2,0,0.9,303.4,88.5,1011.3
1992091512,27.2,0,2.8,96.8,45,1010.3
1992091518,22.3,0,1,342.1,72.5,1010.8
1992091600,19.4,0,0.3,342.8,92,1010.7
1992091606,21.6,0,1,331.4,79.5,1010.8
1992091612,29,0,2.9,343.4,45.5,1009.9
1992091618,23.5,0,1.2,348,66,1010.5
1992091700,18.7,0,2,25.5,71,1012.2
1992091706,19.6,0,1.3,21.1,63.5,1014.4
1992091712,26.2,0,2.1,80.2,53,1013.6
1992091718,22.2,0,1.6,7.2,72,1014.2
1992091800,20,0,0.5,343.3,92.5,1014.9
1992091806,21,0,0.7,354,90.5,1015.5
1992091812,24.5,0,1.6,22.4,77,1015.2
1992091818,21.5,0.1,0.9,3.3,86.5,1016.2
1992091900,17.9,0,0.6,350.2,96,1017.2
1992091906,19.3,0,1,309.1,89,1019.2
1992091912,25.4,0,2.6,63.5,45.5,1019.8
1992091918,21.4,0,1.7,14.6,76,1021.3
1992092000,19.7,0,0.5,346.2,88,1022.5
1992092006,20.9,0,2.5,51.5,88,1023.3
1992092012,22.5,0,2.9,93.9,62.5,1023.1
1992092018,20.4,0,1.3,70,70.5,1023.3
1992092100,19.2,0,0.9,332.1,76.5,1023.2
1992092106,20.1,0,1.5,68.7,77.5,1023.3
1992092112,21.7,0,3.6,93.9,62,1022.9
1992092118,19.3,0,1.1,56.1,62.5,1023.5
1992092200,17.1,0,1.5,50.3,69.5,1023.3
1992092206,19,0,2.5,69.6,69,1022.6
1992092212,23.3,0,4,93.3,52,1021.3
1992092218,20.5,0,1,357.8,68,1020.8
1992092300,19.2,0,0.5,325.7,87,1019.8
1992092306,20.3,0.3,0.5,331,90.5,1019.8
1992092312,21.9,0.1,0.7,350.2,95,1018.3
1992092318,21.1,2.5,0.3,346.9,97,1017.4
1992092400,20.9,1.3,0.2,334.8,97,1015.2
1992092406,22.5,11,3.7,155.2,97,1012.4
1992092412,23.5,36.1,6.3,163.3,98,1006.2
1992092418,24.1,20.2,4,211.8,97,998.8
1992092500,24,0.2,2.8,269.5,92,996.2
1992092506,21.5,1.4,2.1,40.4,93.5,1002
1992092512,22.6,0,2.2,59.8,73,1007.2
1992092518,19.5,0,1.2,19.8,85.5,1010.9
1992092600,16.7,0,1.2,48,92.5,1013.8
1992092606,17.4,0,3.3,29.9,81.5,1017.2
1992092612,20.3,0,3.9,80.2,59,1019.7
1992092618,15.9,0,1.7,26.2,70,1021.8
1992092700,12,0,0.4,332,87,1023.7
1992092706,14.5,0,1.6,7.7,75.5,1024.9
1992092712,20.7,0,4.4,66.6,46,1024.2
1992092718,16.1,0,1.6,20.8,60,1024.4
1992092800,12.4,0,0.6,285.6,86.5,1024.4
1992092806,14,0,0.7,337.7,89,1023.6
1992092812,19.8,0,3.2,90,58.5,1021.1
1992092818,18.5,0,1,45,69,1018.5
1992092900,15.9,13.9,0.9,338.6,94.5,1015
1992092906,15.6,4.2,1.1,306.4,97,1011.2
1992092912,22.1,0,2.5,310.4,76,1008.3
1992092918,17.8,0,0.8,328.1,73.5,1011.2
1992093000,13.5,0,0.6,356.1,93.5,1014.7
1992093006,15.8,0,1.4,348.8,83.5,1016.8
1992093012,23.7,0,2.4,80,38,1016.2
1992093018,18.4,0,0.7,347.8,62,1017.4
1992100100,12.9,0,0.3,330.5,90,1018.8
1992100106,15.3,0,0.5,295,89.5,1020.1
1992100112,24.3,0,2,128.4,48,1019.3
1992100118,18.6,0,0.8,8,77.5,1020.2
1992100200,14.4,0,0.1,8.6,95,1020.8
1992100206,16.4,0,0.6,247.7,93.5,1021.3
1992100212,24.7,0,2.3,170.2,56,1019
1992100218,19.9,0,0.8,248.7,78,1018.2
1992100300,15.5,0,0.2,342.8,94,1017.7
1992100306,16.9,0,0.5,333.2,93,1017.2
1992100312,23.5,0,1,27.7,62,1014.8
1992100318,20.7,0,0.4,25.7,75.5,1015.7
1992100400,18.7,0,0.3,2.8,90.5,1015.5
1992100406,18.2,1.6,0.9,17.2,94.5,1016.1
1992100412,17.3,4,2.1,26.6,94,1016.5
1992100418,15.2,1.2,2.3,29.9,96,1018.9
1992100500,14.8,0,2.5,10,84.5,1019.6
1992100506,15.1,0,2.7,35,66,1020.8
1992100512,16.2,0.3,2.7,31.8,79,1021.3
1992100518,14.1,0,2.2,18.2,83,1022.6
1992100600,12.1,0,2.3,0,84.5,1023.8
1992100606,14.2,0,2.1,357.4,68,1025.1
1992100612,19,0,3.7,83.5,44,1024.6
1992100618,15.3,0,1.9,38.2,58,1024.2
1992100700,14,0,1,353.5,68.5,1023.1
1992100706,15.3,0,0.6,315,78,1023.2
1992100712,20.4,0,1.4,119.5,56,1021.6
1992100718,16.5,0,0.6,331.3,74.5,1021.6
1992100800,14,0,0.2,353.6,90,1021.5
1992100806,16.3,0,0.8,8,90.5,1021.2
1992100812,21.2,0,1.8,62.6,53,1019.8
1992100818,16.8,0,1.4,13.6,74,1019.2
1992100900,12.8,0,1.9,18.2,87,1019.7
1992100906,14.4,0,1.7,35,78.5,1020.5
1992100912,21.1,0,2.6,35,47.5,1020
1992100918,16.2,0,1.5,29.5,71.5,1020.8
1992101000,12.1,0,1.2,326.4,94,1022
1992101006,13.4,0,0.9,285,89,1023.3
1992101012,20.7,0,2.5,110.1,37,1022.2
1992101018,15.4,0,1.2,320,57.5,1021.8
1992101100,10.8,0,0.6,317.6,83,1021.6
1992101106,13.8,0,0.3,314.9,82.5,1021.7
1992101112,22,0,1.6,187,42.5,1019.6
1992101118,16.7,0,0.4,346.9,69,1020.4
1992101200,12.1,0,0.1,346.9,92.5,1020.8
1992101206,13.9,0,0.5,337.3,89,1021.5
1992101212,22.5,0,2.4,58.5,38.5,1020.2
1992101218,17.2,0,2.1,21.6,71.5,1021
1992101300,14.7,0,1.2,352.4,93,1022.3
1992101306,16.8,0,2.6,16.2,86.5,1022.7
1992101312,20.2,0,3.8,53.3,59.5,1022
1992101318,15.9,0,1.9,5,72.5,1021.9
1992101400,14.5,0,2.2,3.3,85,1020.5
1992101406,15.9,0,2.7,11.2,81.5,1019.2
1992101412,20.5,0,3.6,48.4,67,1017
1992101418,17.1,0,2.9,21.6,86,1016.1
1992101500,16.1,0.2,1.9,0,95,1015.8
1992101506,16.5,0,1.9,7.9,91,1015.9
1992101512,19.7,0,2.4,60,68,1015.7
1992101518,16.6,0,1.8,2,77.5,1015.3
1992101600,14.7,0,0.6,316.2,87.5,1015.3
1992101606,15.7,0,0.6,47.2,92,1015.3
1992101612,20.6,0,3.2,86.7,60.5,1014.6
1992101618,17.5,0,1.2,32.9,80,1015.4
1992101700,15.4,0,0.6,353.4,88,1015.5
1992101706,16.9,0,2.3,34.2,88.5,1017
1992101712,20.4,0,3.6,86.7,50,1016.5
1992101718,16,0,1.1,342.7,65.5,1016.3
1992101800,14.5,0.4,1.3,342.8,78.5,1016.7
1992101806,15.9,0,1.5,23.2,88,1018.6
1992101812,19.4,1.7,2.3,28.8,59,1017.6
1992101818,14.6,0.1,1.1,345.9,94.5,1019.9
1992101900,13.5,0,0.6,15.7,93,1020.3
1992101906,15.1,0,1.6,1.1,84.5,1020.9
1992101912,19.4,0,3.1,63.4,55,1020.1
1992101918,15.3,0,2.4,29.9,54,1021
1992102000,13.3,0,2.8,10,65.5,1020.5
1992102006,14.6,0,3.8,3.3,64,1020.9
1992102012,17.3,0,4.3,40.1,62,1020.8
1992102018,14.2,0,3.1,16.7,64,1022
1992102100,12.4,0,2.3,0,66.5,1022.3
1992102106,14.5,0,3,0,63,1023.2
1992102112,17.5,0,2.9,37.2,56.5,1023.4
1992102118,13.3,0,1.6,7.6,66,1023.5
1992102200,13,0,0.3,332.3,75.5,1023
1992102206,14.4,0,0.9,325,78.5,1023.6
1992102212,20,0,2.4,90,56,1021.2
1992102218,15.4,0,0.7,347.4,83.5,1021
1992102300,13.1,0,1,307.7,96.5,1020.5
1992102306,14.6,0,0.4,350,95,1019
1992102312,16.8,7.4,1,260.8,86.5,1017.3
1992102318,14.8,7.8,0.6,286.4,98,1015.6
1992102400,13,0.1,0.6,357,97,1014.5
1992102406,12.9,0,1.7,355,84,1015.1
1992102412,17.8,0,2.5,321.4,38,1013.2
1992102418,12.4,0,1.8,321.5,53,1013.5
1992102500,9.1,0,1.8,350.2,64,1015.2
1992102506,11.1,0,3.7,329.8,55.5,1015.7
1992102512,17.3,0,4.1,350.2,38,1015.2
1992102518,11.5,0,3.2,6.5,53.5,1018.6
1992102600,8.8,0,2.6,18.9,69,1022.3
1992102606,10.7,0,2.4,17.9,60.5,1025.2
1992102612,17.4,0,2.4,73.2,30,1024.5
1992102618,11.4,0,0.7,348,66,1026.2
1992102700,6.6,0,1,325,88,1028.2
1992102706,9,0,0.6,335.5,79,1029
1992102712,19.1,0,1.6,184.1,44,1028
1992102718,13.5,0,0.7,359.4,75.5,1027.6
1992102800,9.2,0,0.1,0,94,1026.7
1992102806,10.6,0,0.2,332,91,1025.8
1992102812,19.8,0,2.2,185.1,45.5,1022.8
1992102818,14.2,0,1.2,299.2,71,1020.8
1992102900,9.1,0,0.3,329.2,92,1019.5
1992102906,9.9,0,0.5,314.9,90.5,1018.2
1992102912,19.7,0,1.8,249.8,35,1014.1
1992102918,15.1,0,2.4,254.4,57.5,1012.5
1992103000,13.1,0,1.8,313.3,81.5,1011.2
1992103006,14.2,0,3.4,304.5,63,1011.1
1992103012,18,0,4.2,318.4,35.5,1011.3
1992103018,12.1,0,3.3,340,44.5,1014.8
1992103100,8.6,0,1.8,343.4,63.5,1016.5
1992103106,11.7,0,2.9,307.6,61,1017.2
1992103112,18.5,0,2.7,292.8,39,1015.8
1992103118,12.8,0,0.3,348.2,64.5,1017.4
1992110100,10.2,0,0.8,357.1,73.5,1019.5
1992110106,10.8,0,2.7,21.6,63.5,1022.3
1992110112,14.5,0,3.2,56.6,53,1024.6
1992110118,9.2,0,1.1,357.7,80.5,1027.7
1992110200,5.7,0,0.4,333.1,93,1028.9
1992110206,7.5,0,0.2,350,92.5,1028.9
1992110212,17.1,0,2.8,191.5,39,1025.8
1992110218,11,0,1.1,304.5,57.5,1024.9
1992110300,6.2,0,0.4,317.6,90,1022.8
1992110306,10.3,0,0.5,311.7,90,1021
1992110312,16.6,0,3.6,270,53.5,1018.4
1992110318,13.1,0,1.4,343.3,66.5,1018.5
1992110400,8.8,0,0.9,287.6,93.5,1020.8
1992110406,9.8,0,0.7,287.4,90,1022.8
1992110412,18.3,0,2.5,167.2,51.5,1021.8
1992110418,12.6,0,0.4,324.5,80,1022.4
1992110500,8.9,0,0.4,340,95.5,1023
1992110506,10,0,0.5,335.5,95,1023.6
1992110512,14.1,0.8,0.2,0.8,90,1022.8
1992110518,13.8,2.5,0.2,26.6,97.5,1022.3
1992110600,11.9,0.1,0.5,15.2,98,1021.7
1992110606,11.8,0,1.5,7.6,80,1022.8
1992110612,18.3,0,3.1,59.8,33.5,1021.1
1992110618,13,0,2.2,17.3,69.5,1022.3
1992110700,13,0,2.9,29.9,80,1022.2
1992110706,15.2,0,4,56.6,68,1022.6
1992110712,14.9,0,4.1,60,63.5,1022
1992110718,13.3,0,2.9,45.1,68,1023.9
1992110800,12.1,0,2.7,6.6,84,1024.1
1992110806,12.8,0,2.8,23.2,83.5,1025.2
1992110812,16.3,0,3.2,83.4,60,1023.8
1992110818,13.4,0,0.7,25,70.5,1023.2
1992110900,11.7,0,0.4,342.8,85.5,1021.3
1992110906,10.7,4.7,1.9,326.9,95.5,1018.6
1992110912,11.5,0,3.2,328.5,62,1018.5
1992110918,7.8,0,1.7,343.3,64.5,1020.7
1992111000,4.9,0,2,295.5,71.5,1021.4
1992111006,6,0,2.6,252.9,69.5,1020.8
1992111012,10.6,0,4.3,326.4,42.5,1020
1992111018,6.7,0,2.1,331.7,55.5,1021.6
1992111100,5.5,0,2.2,355.6,65.5,1024.6
1992111106,7.9,0,3,353.4,58.5,1026.1
1992111112,15.2,0,1.8,0,31,1025.9
1992111118,9.1,0,0.7,331.2,50,1026.5
1992111200,4.7,0,1.4,293.7,79,1026.2
1992111206,6.7,0,1.3,292.2,85.5,1026.2
1992111212,14.9,0,1.7,50.5,45.5,1025.6
1992111218,11.8,0,0.5,340.8,57.5,1025.9
1992111300,9.6,0,0.5,335.6,75,1026
1992111306,10.5,0,0.8,295,79.5,1026.1
1992111312,17.5,0,2,166.3,47,1023.7
1992111318,12.3,0,0.5,337.1,73,1024.3
1992111400,7.6,0,0.2,330.5,93,1025.5
1992111406,8.2,0,0.2,320.7,92.5,1026.9
1992111412,18.5,0,2.8,198,42.5,1025.2
1992111418,12.2,0,1.1,310,58,1024.8
1992111500,6.4,0,0.2,346.9,89.5,1024.2
1992111506,7.6,0,0.4,327.8,94.5,1023.2
1992111512,18.3,0,1.8,250.5,37,1019.9
1992111518,12.6,0,2.1,0,50.5,1020.5
1992111600,5.4,0,2.3,20.9,46.5,1024.4
1992111606,4.8,0,3,6.6,58.5,1028.4
1992111612,10.8,0,2.6,13.6,37.5,1027.4
1992111618,5.4,0,0.4,332,47.5,1027.6
1992111700,1.7,0,0.5,356.7,77,1028.3
1992111706,4,0,0.7,327.6,69,1028.9
1992111712,13.6,0,1.5,191.9,34,1026.6
1992111718,7.3,0,0.7,326.9,62,1027.2
1992111800,2.8,0,0.5,307.7,86.5,1027.8
1992111806,4.3,0,0.5,350.3,85,1029.1
1992111812,15.5,0,3,108.5,56.5,1027.4
1992111818,10.7,0,0.5,357.7,81.5,1027.4
1992111900,7.5,0,0.3,333.4,94.5,1026
1992111906,8.6,0,0.2,339.4,96.5,1023.7
1992111912,20.5,1,3.4,218.7,73,1017.2
1992111918,17.2,44.5,2,244.9,88.5,1011.7
1992112000,14.5,0,2.5,333.2,88.5,1008.8
1992112006,8.6,0,3.9,356.7,59.5,1010.1
1992112012,8.4,0,4.1,356.7,45,1011
1992112018,3.8,0,2.9,356.7,52.5,1012.7
1992112100,1.6,0,2.9,3.3,72,1015
1992112106,2.9,0,2.4,3.3,74.5,1017.7
1992112112,10.4,0,1.8,17.3,32,1017.2
1992112118,4.9,0,1,345.9,43,1018.2
1992112200,0.5,0,0.6,308.1,79,1019.3
1992112206,2.3,0,1,287.3,85,1020.8
1992112212,12.4,0,3.4,276.8,40.5,1018.7
1992112218,8,0,0.6,299.2,65,1017.8
1992112300,5.6,0,0.4,301.5,84,1018.3
1992112306,6.1,0,0.3,344.8,86,1021.2
1992112312,14.7,0,2,10,31.5,1022.5
1992112318,8.1,0,0.5,340,58,1024.2
1992112400,4.1,0,1,285,77,1025.2
1992112406,4.4,0,0.6,283.4,84,1025.1
1992112412,14.2,0,2.2,232.9,34.5,1021.7
1992112418,9.4,0,0.6,324.9,40,1020.4
1992112500,5.6,0,0.1,0,71,1019.9
1992112506,6.8,0,0.4,329.3,88.5,1018.4
1992112512,15.4,0,3.2,325.8,33,1014.9
1992112518,7.5,0,3.9,353.4,33,1017.3
1992112600,1.9,0,3.2,346.6,48,1020.7
1992112606,-0.6,0,4.4,340,45,1024.8
1992112612,2.5,0,4.5,340,30.5,1027.2
1992112618,-1.4,0,3.4,0,33.5,1030
1992112700,-4.4,0,2,10.3,44,1032.4
1992112706,-2.9,0,1.4,348.4,44,1033.9
1992112712,7.4,0,1.7,44.5,36,1032.7
1992112718,3.1,0,0.7,315.6,39,1033.9
1992112800,1.4,0,0.7,319.8,49,1032.9
1992112806,2.7,0,0.8,313.5,48.5,1032.2
1992112812,13.1,0,0.5,164.6,43.5,1028.7
1992112818,7.6,0,0.5,307.2,66,1027.9
1992112900,2.9,0,1.2,290.2,81,1028.2
1992112906,4.1,0,0.8,311.9,65.5,1028.1
1992112912,15.5,0,2.5,7.9,35,1026.1
1992112918,9.3,0,1.3,340.7,55,1026.9
1992113000,4,0,0.7,292.6,81.5,1027.2
1992113006,5.6,0,0.4,359.2,89.5,1027.7
1992113012,15.3,0,3.5,93.4,55.5,1025.6
1992113018,11.3,0,0.6,352.2,73,1025.4
1992120100,7.7,0,0.3,333.2,91.5,1024
1992120106,9.6,0,1.2,22,88,1023.2
1992120112,16.6,0,1.8,357.6,39.5,1020.9
1992120118,10.3,0,1.8,20.2,47,1021.9
1992120200,5.7,0,0.3,298.4,64,1024.4
1992120206,6.4,0,0.7,356.7,79,1026.8
1992120212,12.2,0,2.8,72.7,68,1027.8
1992120218,9.2,0,0.8,12.7,77,1029.6
1992120300,4.9,0,0.2,341,94,1030.1
1992120306,5.2,0,0.4,285.3,95.5,1030.1
1992120312,14.4,0,2.8,330.5,40,1028.2
1992120318,7.4,0,2.3,359.5,34.5,1030.9
1992120400,3,0,0.9,318.2,54,1033.6
1992120406,3.9,0,0.6,7.1,76.5,1035.7
1992120412,10.2,0.2,1.3,56.6,80.5,1035.2
1992120418,10.7,0,2,101.7,72.5,1036
1992120500,10.4,0,1,76.5,62.5,1036.1
1992120506,11.5,0,2.2,100.2,69.5,1035.3
1992120512,14.2,0,2.5,108.2,55.5,1033.5
1992120518,12.9,0,2.5,103.4,71,1032.2
1992120600,10.8,0,0.7,344.2,80.5,1030.5
1992120606,9.9,0,0.3,18.4,91,1029.2
1992120612,13.1,4,0.4,313.3,97,1026.6
1992120618,13.7,1.2,0.6,78.2,97.5,1023.8
1992120700,15.1,20.8,2.1,228.3,98.5,1020.1
1992120706,14,0.1,0.6,336.6,98,1016.6
1992120712,16.2,0.4,0.7,67.6,94.5,1013.5
1992120718,14.4,2.3,2.3,322.3,91.5,1011.5
1992120800,10.9,0,3.5,343.3,71.5,1013.3
1992120806,11.1,0,2.9,326.6,59,1016.8
1992120812,13.7,0,3.8,346.6,32.5,1018.2
1992120818,7.8,0,1,318.7,45.5,1020.9
1992120900,3.4,0,0.6,318.1,69.5,1021
1992120906,4,0,0.8,344.9,76,1021.8
1992120912,10,0,1,80.5,42.5,1019.4
1992120918,9.3,0,0.1,0,49,1018.2
1992121000,8.5,0,0.4,332.1,68,1015.9
1992121006,7.7,0,0.4,353.3,83.5,1013.7
1992121012,12.5,0,5.4,287.7,48,1009.5
1992121018,6.3,0.3,4.2,340,55.5,1010.2
1992121100,0.6,0,1.5,333.4,46,1015.4
1992121106,0.2,0,3.1,353.9,41.5,1019
1992121112,5.2,0,3.5,333.4,33,1020.4
1992121118,1.8,0,2.6,346.5,41.5,1022
1992121200,-0.8,0,0.8,345.1,49.5,1021.8
1992121206,-1.1,0,0.7,316.9,72,1022
1992121212,6.6,0,1.5,275,48.5,1019.9
1992121218,5.3,0,0.9,284.7,54,1018
1992121300,4.4,0,0.5,342.8,80.5,1013.5
1992121306,9.8,0,5,305,59.5,1010.9
1992121312,9,0,6.1,328.5,31.5,1013.2
1992121318,2.7,0,4.4,336.6,31.5,1018.2
1992121400,-1.2,0,3.3,356.7,36,1023.8
1992121406,-2.5,0,5.2,340,30.5,1026
1992121412,1.6,0,4.8,343.3,24.5,1025.6
1992121418,-0.7,0,3.2,340,33,1026.7
1992121500,-2.9,0,2.6,4.1,40.5,1027.4
1992121506,-1.8,0,2.8,36.4,47.5,1027.8
1992121512,4.9,0,2.5,353.6,20.5,1025.1
1992121518,0.9,0,3.1,4.4,24,1025.6
1992121600,-0.4,0,2,3.4,45.5,1025.2
1992121606,-0.6,0,1.1,301.9,70.5,1024.8
1992121612,7.6,0,2.6,284.7,45,1023.4
1992121618,4.4,0,0.6,8,51,1023.9
1992121700,2.4,0,1.5,350,63.5,1024.6
1992121706,2.8,0,3.3,356.6,52,1025.1
1992121712,7.8,0,4.5,346.6,29.5,1024.6
1992121718,3.2,0,1.2,357,47.5,1026.3
1992121800,1.2,0,1.7,337.1,72.5,1027.4
1992121806,2,0,1.2,39.2,67,1029.3
1992121812,7.9,0,0.9,44.3,31,1029.3
1992121818,2.8,0,1.1,339.6,41.5,1030
1992121900,-0.3,0,0.4,327.3,59.5,1028.8
1992121906,0.3,0,0.3,346.9,69,1027.9
1992121912,12,0,3,275.1,46.5,1024.1
1992121918,9.4,0,0.8,355.3,55,1023.7
1992122000,6.7,0,0.2,356.7,70.5,1022.3
1992122006,6.4,9.9,0.4,7.4,97,1021.8
1992122012,9,2.6,0.2,0,97.5,1019.8
1992122018,9.1,1.2,0.5,328.3,98,1020
1992122100,9,0.5,0.7,339.1,98,1019.7
1992122106,9.8,0.3,1.4,321.7,97.5,1017.2
1992122112,12.8,0,4.5,311.9,51.5,1015.2
1992122118,5.1,0,2.8,18.9,44,1019.2
1992122200,1.7,0,1.8,18.2,44.5,1022.6
1992122206,1.5,0,2.7,26.6,48.5,1024.7
1992122212,4.5,0,2.4,0,33.5,1025.2
1992122218,2.8,0,2.3,7.7,36.5,1024.1
1992122300,1.4,0,2.4,353.4,45,1021.8
1992122306,-0.6,0,4.3,343.4,52,1022.2
1992122312,1.9,0,4.1,310.1,35.5,1020.8
1992122318,-0.6,0,0.5,25.8,43,1019.5
1992122400,-1.2,0.5,1.3,0,74,1020.7
1992122406,-2.6,0,2.2,350.2,41.5,1024.2
1992122412,2.3,0,4.1,350,30,1024.8
1992122418,-1.1,0,1.8,5.1,29,1028.8
1992122500,-4,0,0.9,291.7,43,1031.1
1992122506,-3.8,0,0.7,340,50.5,1032.1
1992122512,5.5,0,1.3,145.1,24,1030.3
1992122518,0.5,0,0.5,327.8,32.5,1029.2
1992122600,-2.2,0,0.6,328.1,53.5,1029.8
1992122606,0.1,0,1.3,337.4,44.5,1029.8
1992122612,10.7,0,1.1,3.1,23.5,1026.9
1992122618,5.9,0,0.7,355.9,39.5,1026.2
1992122700,3,0,1,298.7,62.5,1024.4
1992122706,4.1,0,0.9,7.6,68,1020.8
1992122712,6.1,3,0.4,355.9,91,1017.2
1992122718,6.1,5.1,0.6,339.1,97,1013.8
1992122800,6.4,0,0.5,0.3,98,1012
1992122806,6.9,0.9,0.6,330.5,99,1012
1992122812,8.1,1.1,1.1,15.5,98,1012
1992122818,7.2,0,2.5,0,86,1016.3
1992122900,4.9,0,1.9,18.9,83,1019.8
1992122906,4.2,0,1.2,26.2,76.5,1021.7
1992122912,9.7,0,3.2,356.6,28,1021.8
1992122918,4.4,0,3,353.4,32.5,1024.2
1992123000,1.2,0,1.9,354.1,42,1025.3
1992123006,2.2,0,0.9,42.4,45.5,1026.1
1992123012,9.3,0,2.5,332.6,37,1024.4
1992123018,3.9,0,0.7,0.4,53.5,1025.7
1992123100,2.6,0,2.8,353.4,62,1027
1992123106,2,0,1.6,5.7,67.5,1029.3
1992123112,8.4,0,1.3,51.1,36.5,1028.2
1992123118,2.5,0,0.9,3.4,37,1029.1
1993010100,-1.8,0,1.4,303.8,56,1028.6
1993010106,-0.9,0,1.1,307.4,52.5,1028
1993010112,10.7,0,0.8,315,22.5,1025.1
1993010118,4.8,0,0.6,316.8,37,1024.3
1993010200,1.4,0,0.3,317.6,62.5,1024.1
1993010206,3.8,0,2.2,10.4,54.5,1024.8
1993010212,12.3,0,2.3,267.9,36,1023.5
1993010218,6.1,0,0.3,343.4,56,1023.2
1993010300,1.6,0,0.1,346.9,79,1022.8
1993010306,3.7,0,0.5,260,85.5,1023.1
1993010312,10.7,0,2.2,343.4,49,1021.6
1993010318,6.1,0,2.2,0.9,30,1023.8
1993010400,0.8,0,2,16,37.5,1025.6
1993010406,1.3,0,1.4,354.4,51,1027.4
1993010412,6.9,0,2.7,10,59,1026.9
1993010418,2.8,0,1.3,350.2,80.5,1028.1
1993010500,0.1,0,2,26.6,59.5,1028.9
1993010506,0.2,0,2.2,357,45.5,1030.8
1993010512,8.2,0,2.3,63.2,28.5,1031.2
1993010518,3.7,0,1.5,358,57.5,1032.3
1993010600,1.3,0,0.3,0,75,1031.2
1993010606,2.7,1.3,0.6,268.1,88,1028.7
1993010612,5,4,0.8,9.5,94,1024.9
1993010618,5.3,0.4,0.2,10,97,1023.8
1993010700,5.6,0.6,0.5,316.2,97,1022.5
1993010706,5.9,3,1,324.2,96.5,1021.2
1993010712,6.4,16.9,2.3,353.4,95.5,1019.6
1993010718,3.2,8.2,1.7,43.3,94.5,1024.4
1993010800,1.4,0,1.2,38.1,86.5,1028.1
1993010806,1.6,0,0.2,350,77,1029.7
1993010812,7.9,0,0.9,0,58.5,1029.4
1993010818,4.8,0,0.9,344.3,80,1029.2
1993010900,5.1,1.5,0.4,349.7,96,1026.8
1993010906,6,0.2,0.3,341,98,1024.6
1993010912,8.3,0.4,0.6,332.5,95.5,1022
1993010918,6.8,0.4,1.4,43.4,94.5,1021
1993011000,5,0.2,1.1,46.8,84.5,1020.2
1993011006,4.7,0,0.7,0.4,74,1019.5
1993011012,7.2,0.1,1.4,48.4,66,1018.3
1993011018,4.6,0,1.6,26.6,58.5,1018.9
1993011100,1.4,0,1.8,21.6,61.5,1019.7
1993011106,1.6,0,1.4,31.8,58,1020.4
1993011112,5.5,0,2.1,31.8,53,1020.2
1993011118,3.2,0,1.3,21.6,59.5,1022.9
1993011200,-0.3,0,1.5,26.2,53.5,1024.4
1993011206,-0.9,0,1.8,35,48.5,1026.5
1993011212,5.6,0,2,55.3,27.5,1025.9
1993011218,2.5,0,1,43.2,30,1026.9
1993011300,0.4,0,0.9,13.4,38,1026.9
1993011306,1.3,0,0.2,348.4,42,1026.8
1993011312,4.1,0,1.2,352.6,38,1024.5
1993011318,1.2,3.2,0.4,8.7,94,1024.5
1993011400,1.4,2.1,0.3,324.9,96,1022
1993011406,2,2.7,1,10,97,1020.3
1993011412,2.4,2.4,1.9,50,93,1018.3
1993011418,2,0.7,0.9,4.4,90,1019
1993011500,1.9,0,0.9,15.5,86,1018.7
1993011506,1.1,0.6,2,30.2,87,1018
1993011512,2.3,0.7,3.1,35,87,1016.4
1993011518,1,0,2.2,31.8,78,1016.5
1993011600,-2.4,0,2.9,11.2,70,1016.8
1993011606,-3.6,0,2.5,5,60.5,1017.3
1993011612,1.4,0,5.2,343.3,47,1017
1993011618,-1.4,0,1.5,49.1,57,1020.7
1993011700,-4.1,0,0.6,14.7,65.5,1023.2
1993011706,-3.2,0,1.2,10.2,70.5,1023.8
1993011712,3.3,0,2.4,26.2,43,1022.1
1993011718,-0.6,0,1,26.2,53.5,1023
1993011800,-3.2,0,0.4,341,77.5,1022.9
1993011806,-2.8,0,1.7,353.7,65.5,1023.4
1993011812,1.5,0,3.9,325.3,37,1022.5
1993011818,-3,0,2.4,5,46,1023.2
1993011900,-5.9,0,2.9,0,56,1023.8
1993011906,-5.1,0,3.3,7.9,54,1024.4
1993011912,1.2,0,3.3,0,30,1023.5
1993011918,-2.4,0,1.9,7.7,37,1023.5
1993012000,-5.8,0,2,48.4,53.5,1023.8
1993012006,-4.5,0,3.2,7.2,59,1023.9
1993012012,1.6,0,4.1,350,32.5,1023
1993012018,-2.6,0,2.2,47.4,40,1025.3
1993012100,-6,0,0.5,23.7,49,1027.8
1993012106,-5.6,0,0.8,358,52.5,1029
1993012112,3.4,0,2.2,60,30,1028.2
1993012118,-1.4,0,1.6,343.6,35,1028.3
1993012200,-4.7,0,0.9,315,46,1029.1
1993012206,-4.4,0,1.3,350,59.5,1028.9
1993012212,4.9,0,2.2,55.3,30.5,1026.9
1993012218,0.6,0,0.6,15.5,33.5,1026.6
1993012300,-1.7,0,0.7,340.8,54.5,1025.4
1993012306,-0.6,0,1.2,14.7,60.5,1024.9
1993012312,6.2,0,2,51.8,43,1023.8
1993012318,3.7,0,1.4,0,49.5,1024.2
1993012400,3.3,0,2.5,0,68.5,1024
1993012406,4.6,0,2.7,3.3,76,1023.8
1993012412,9.1,0,3,48.4,52.5,1023
1993012418,6.3,0.4,2.7,6.6,72.5,1023
1993012500,5.2,1.5,1.9,17.9,95,1021.9
1993012506,5.3,0.4,1.6,0.4,94.5,1021.3
1993012512,8.2,0,2,32.9,73,1020.9
1993012518,4.1,0,0.9,340,85,1021.2
1993012600,0.8,0,0.7,319.8,95.5,1021.5
1993012606,1.8,0,1.8,13.6,84,1021.2
1993012612,8.2,0,3.6,356.6,25.5,1018.7
1993012618,3,0,0.6,353.6,45,1018.9
1993012700,1.1,0,1.8,15.7,67,1018.6
1993012706,0.1,0,2.1,353.5,51,1019.5
1993012712,2.2,0,3.8,331.9,39.5,1017.2
1993012718,-1.9,0,3.7,356.7,28.5,1017.2
1993012800,-5.2,0,4.2,0,46,1019.5
1993012806,-4.9,0,4,350,46,1021.3
1993012812,1.1,0,5,336.6,28.5,1022.1
1993012818,-1.7,0,3.7,340,26.5,1023.5
1993012900,-4.4,0,1.3,4.7,34.5,1024.3
1993012906,-2,0,3.4,340,42.5,1023.9
1993012912,4.8,0,2.9,356.7,28,1021.8
1993012918,0.7,0,1.7,346.9,42.5,1021.7
1993013000,-0.4,0,1.6,340,61,1020.9
1993013006,1,0,1.6,0,60.5,1021.2
1993013012,7.9,0,2.7,0,32,1021.2
1993013018,2.3,0,0.6,348.6,35.5,1022.5
1993013100,-2.5,0,0.4,341,64,1023
1993013106,-1.3,0,0.3,308.1,80,1022.4
1993013112,10.1,0,3,288.5,37.5,1019
1993013118,5.2,0.5,3.2,311.5,56.5,1018.6
1993020100,-0.9,0,3.1,356.6,43,1022.3
1993020106,-1.2,0,3.9,353.4,48.5,1025.2
1993020112,5,0,4.2,336.6,30,1024.6
1993020118,2.3,0,2,0,27,1024.9
1993020200,-0.8,0,3.5,3.3,38,1026.4
1993020206,-1.4,0,2.2,16.5,44,1031.1
1993020212,5.2,0,2.4,52.7,32.5,1031.4
1993020218,0.7,0,0.9,346,53.5,1031.1
1993020300,-2.3,0,0.2,353.6,75.5,1029.9
1993020306,0.4,0,2.1,340,64,1028
1993020312,9.9,0,2.6,326.9,19.5,1024.8
1993020318,5.1,0,0.7,331.3,25,1023
1993020400,1.9,0,1.9,3.3,53.5,1022.9
1993020406,4.4,0,2.6,350.4,66.5,1024.1
1993020412,11.2,0,2.4,84.8,37,1023
1993020418,5.6,0,1.2,264.8,60,1022.6
1993020500,-0.3,0,0.5,342.8,85,1021.2
1993020506,0.9,0,0.3,359.1,89,1018.9
1993020512,15,0,4.6,236.4,27.5,1014.7
1993020518,11.5,0,2.7,235.7,57.5,1013
1993020600,12.3,0,2.6,246.7,83.5,1011.9
1993020606,14,0,3.5,253.3,80,1009.8
1993020612,19.3,0,5.8,240,56,1005.5
1993020618,15.5,0,2.5,268,67,1004
1993020700,12.4,0,1.3,314.2,74,1003.2
1993020706,7.9,0,4.3,3.4,59.5,1005.2
1993020712,7.5,0,5.6,350,30.5,1008.9
1993020718,2.1,0,3.7,346.6,28,1014.3
1993020800,-2.4,0,4.4,336.7,42.5,1019.4
1993020806,-2.4,0,2.9,4.3,54.5,1023.3
1993020812,3.7,0,2.6,86.1,30,1023.5
1993020818,2,0,0.8,19.6,44.5,1022.5
1993020900,0.4,0,1,35.5,41.5,1021.6
1993020906,0.2,0,3.8,357,48.5,1020.9
1993020912,5.6,0,4.7,343.4,33.5,1020.9
1993020918,2.1,0,2.1,7.7,40,1022.9
1993021000,-1,0,1.2,7.9,57,1024.6
1993021006,0.3,0,2,6.6,56,1025.6
1993021012,8.3,0,2.6,3.2,33.5,1023.1
1993021018,3.7,0,0.9,325,46,1021.2
1993021100,0.6,0,0.4,297.3,60,1020.9
1993021106,2,0,0.8,288.2,69,1019.2
1993021112,9.3,0,3.2,305,52,1016.8
1993021118,4.8,0,1.6,3.4,41,1017.9
1993021200,0.4,0,1.9,43.8,36.5,1020.7
1993021206,1,0,1.5,347.8,43.5,1023
1993021212,10.3,0,3.3,286.7,20,1021.5
1993021218,6.3,0,2.5,22.4,32,1021.7
1993021300,0.9,0,1.2,331.5,64.5,1024.2
1993021306,1.4,0,0.8,280.5,75.5,1024.1
1993021312,13.2,0,3.2,246.5,29,1020.8
1993021318,9.1,0,1.7,354.9,41,1020.5
1993021400,3,0,1.8,6.6,59.5,1025.3
1993021406,2.3,0,0.9,334.3,65,1028.4
1993021412,9.8,0,2.4,144.9,44.5,1027.9
1993021418,5,0,2,293.1,60.5,1026.6
1993021500,0.5,0,0.4,333.2,81.5,1026
1993021506,2.9,0,0.8,333.3,75.5,1025.1
1993021512,14.6,0,1.6,154.3,28,1022.6
1993021518,10.4,0,0.7,329.8,40.5,1021.4
1993021600,6.7,0.3,1.1,335.6,59.5,1020.8
1993021606,6.8,0,1.1,1.5,78.5,1018.1
1993021612,10.3,7.5,2.2,116.6,95.5,1012.1
1993021618,11.5,27,1.8,49.5,98,1004.7
1993021700,9.6,1.2,2,29.6,93,1004.6
1993021706,8.4,0.2,1.8,26.1,94.5,1010.2
1993021712,11.2,0,3.1,3.4,58.5,1014.8
1993021718,6.6,0,2.9,16.2,63,1018.3
1993021800,3.9,0,1.1,7,77,1021.7
1993021806,3.6,0,1.6,5,74,1024.2
1993021812,10.9,0,2.5,162,39.5,1023.8
1993021818,6.5,0,0.7,335.9,62.5,1023.4
1993021900,2.8,0,1,51,53.5,1025.3
1993021906,3.7,0,1.8,5.7,64,1028.1
1993021912,8.9,0,4.1,93.3,50,1027.8
1993021918,5.1,0,1.2,26.8,61,1028.8
1993022000,1.1,0,1,335.2,86.5,1028.9
1993022006,3.2,0,0.7,0,90,1028.5
1993022012,9.1,0,2.8,134.5,51.5,1025.6
1993022018,7.6,0.4,2.3,100.2,73,1020.8
1993022100,6.9,12.2,0.2,21.9,94.5,1014.2
1993022106,7.9,15.4,1.6,330.8,97,1006.5
1993022112,8,11.2,1.9,350,97.5,1002
1993022118,7.1,0.3,1.2,12.9,91,1005.4
1993022200,6.1,0,3.3,343.3,83,1007.6
1993022206,6.5,0,3.3,327.2,68,1008.5
1993022212,7.1,0,5,332.1,43,1006.5
1993022218,0.3,0,3.4,340,40,1011
1993022300,-2.3,0,4,320,43,1013.6
1993022306,-2.5,0,5.6,320,36.5,1016
1993022312,1.8,0,5.7,340,25,1017.2
1993022318,-1.4,0,4.1,340,28,1020.1
1993022400,-4.4,0,4.2,340,42,1022.5
1993022406,-3.9,0,3.4,350,43.5,1024.2
1993022412,2.2,0,3.6,18.9,30,1024.4
1993022418,-0.9,0,1.5,356.9,30.5,1025.8
1993022500,-4.6,0,0.7,353.5,49,1026.8
1993022506,-2.5,0,0.9,321.4,55,1027
1993022512,6.9,0,2.1,145,26,1024.8
1993022518,2.2,0,1.2,338.6,46,1024.7
1993022600,-2,0,0.8,305,67.5,1024.8
1993022606,-0.6,0,1,295,63.5,1024.8
1993022612,9.1,0,2.1,163.7,40.5,1022.7
1993022618,4.7,0,1.4,332.1,44.5,1021.1
1993022700,0.1,0,0.7,301.1,70.5,1021
1993022706,1.9,0,0.7,323.8,67,1020.7
1993022712,8.2,0,0.8,112.4,42,1017.7
1993022718,5.5,0,1.9,336.6,38,1015
1993022800,1.9,0,1.7,333.4,49,1014.2
1993022806,4.2,0,2,314.9,60,1013.8
1993022812,7.7,0,5.1,299.9,34,1013.5
1993022818,2.1,0,4.1,343.4,37.5,1016.2
1993030100,-1.8,0,1.9,353.6,46,1020.2
1993030106,-1.1,0,3.5,325,51.5,1022.2
1993030112,3.2,0,4.8,333.1,32.5,1020.3
1993030118,-1,0,3.2,346.8,47,1021.5
1993030200,-4.4,0,3.5,346.6,53,1024.4
1993030206,-2.3,0,2.1,11.6,50,1026.7
1993030212,7,0,4.1,335.7,26.5,1024.7
1993030218,3.5,0,1.8,328.3,27.5,1024.3
1993030300,-0.2,0,0.8,322,44.5,1025.1
1993030306,1.3,0,1.4,316.9,58,1025.6
1993030312,11.6,0,2.6,281.5,21,1021.6
1993030318,6.8,0,1.5,11.8,33.5,1019.6
1993030400,1.8,0,1,271.4,65.5,1021.2
1993030406,3,0,1.2,314.5,71.5,1021.9
1993030412,12.9,0,3,182.4,34.5,1019.9
1993030418,7.8,0,1,276.3,42.5,1019.4
1993030500,1.9,0,0.2,353.6,74,1020.3
1993030506,5.6,0,2.1,225,75.5,1021.2
1993030512,16.8,0,5.1,260,26.5,1019.4
1993030518,11.9,0,3.1,277.8,37,1020.9
1993030600,6.3,0,0.3,0,65.5,1021.9
1993030606,6.6,0.4,0.8,293.9,80,1022.2
1993030612,9.1,2.2,2.2,37.8,86,1018.9
1993030618,7.1,15.6,1.5,27.6,97.5,1016.8
1993030700,6.5,0,2.8,0,91.5,1017
1993030706,5.3,0,2.8,10,81.5,1020.8
1993030712,6.1,0,3,33.8,75,1023.2
1993030718,4.2,0,2,18.2,62,1024.5
1993030800,0.9,0,1.8,11.2,68.5,1025.9
1993030806,2.4,0,1.4,335.9,77,1027.5
1993030812,8.8,0,3.4,76.1,36.5,1026.2
1993030818,4.7,0,1.3,42.4,56,1026.9
1993030900,0.3,0,0.4,333.1,83.5,1027.8
1993030906,2.2,0,0.7,333.7,87.5,1027.1
1993030912,11.5,0,3,278.7,29,1023.1
1993030918,7.7,0,2.7,324.5,53.5,1021.9
1993031000,3,0,1.8,35,48,1022.6
1993031006,4.7,0,2.1,2.8,44.5,1023.4
1993031012,11.1,0,2.2,200.6,40.5,1021.5
1993031018,8.1,0,1.8,39.5,49,1020.2
1993031100,3.4,0,0.9,329.5,68.5,1021.3
1993031106,4.5,0,1.5,351.6,79.5,1022.2
1993031112,10.6,0,3,113.3,50,1020.8
1993031118,6.5,0,1.1,16.7,67,1020.7
1993031200,2.6,0,0.7,350.2,89.5,1020.7
1993031206,5,0,1.7,7.3,77.5,1021.8
1993031212,9.9,0,3.7,76.5,44,1022.3
1993031218,5.5,0,2,19.3,67.5,1023.8
1993031300,1.5,0,0.8,331.9,90,1023.3
1993031306,4.2,0,0.9,287.7,88.5,1023.1
1993031312,13.9,0,2.7,136.3,36.5,1020.8
1993031318,9,0,1.5,33,60.5,1022.1
1993031400,5.8,0,0.6,328.3,80.5,1022.3
1993031406,7,0,0.4,349.3,85.5,1022.1
1993031412,12.7,0,3.2,180,66.5,1020.2
1993031418,10.5,0.2,1,152.3,73.5,1018.7
1993031500,7.6,12.8,0.7,52.7,94.5,1017.8
1993031506,7,3.5,2.5,40.1,96,1015.5
1993031512,8,0.2,4.8,70,78,1014
1993031518,6.3,0,3.8,70,58.5,1016.6
1993031600,5.4,0,3.2,73.4,56,1019
1993031606,4.1,0,2.9,60,63.5,1020.3
1993031612,4.5,0,3.8,60,65.5,1021.3
1993031618,2.4,0,2.1,43.8,53.5,1022.1
1993031700,0.4,0,2.4,0,65,1022.2
1993031706,2.6,0,2.7,26.6,71,1022
1993031712,6.3,0,3.9,65.6,57.5,1021.6
1993031718,3.3,0,2.3,10.2,56.5,1022.8
1993031800,1,0,1.8,0,68,1024
1993031806,3.6,0,2,34.5,69,1024.9
1993031812,8.8,0,2.9,60,41.5,1024.1
1993031818,4.2,0,1.7,22.6,61,1025.2
1993031900,1.9,0,0.4,356.7,78.5,1026.4
1993031906,4.1,0,1.5,323.7,73,1026.4
1993031912,8.3,0,3.3,100,48,1025.6
1993031918,5.5,0,1.2,4.2,73.5,1026
1993032000,3.6,2.1,1.1,343.1,94.5,1026.5
1993032006,4.5,0.3,0.8,350,95.5,1026.4
1993032012,8.9,0,3.2,100.2,51,1026.2
1993032018,5.2,0,1.1,343.5,75,1027.1
1993032100,2.2,0,0.3,330.5,90.5,1027.8
1993032106,3.8,0,0.6,284.5,92.5,1027.2
1993032112,12.3,0,3,186.6,52.5,1024.6
1993032118,10,0,2.3,270.7,57.5,1022.4
1993032200,6,0,0.4,0.4,81,1023.2
1993032206,7.5,0,1.3,28.1,68,1023.4
1993032212,14.9,0,2.4,157.7,25,1022.2
1993032218,9.5,0,1.1,80,51,1022.2
1993032300,4.9,0,0.6,321.5,78.5,1021.5
1993032306,7.8,0,0.4,332.2,79,1021.2
1993032312,17,0,3.1,214.2,40,1018
1993032318,12.9,0,1.1,285.6,37,1015.9
1993032400,11,0,0.2,24.1,45,1014.2
1993032406,9.3,10,0.9,340,71,1010.3
1993032412,8,7,2,0.4,97,1005.2
1993032418,8.1,0.2,0.6,15,90.5,1007.8
1993032500,6.1,0,1.6,5.1,84.5,1012.5
1993032506,7.2,0,0.7,325,81,1016
1993032512,16.6,0,1.7,170.3,41,1014.8
1993032518,12.8,0,0.5,18.2,64,1013.7
1993032600,9.9,0,0.6,356.8,67,1014.3
1993032606,11.3,0,1.2,45.4,67.5,1014.5
1993032612,15.1,0,3.8,114.9,53.5,1014.2
1993032618,10.4,0,0.8,45.3,62,1014
1993032700,6.2,0,0.3,319.9,88,1015.9
1993032706,8.1,0,0.8,233.7,87.5,1015.8
1993032712,16.4,0,3,173.2,47.5,1014.8
1993032718,12.1,0,1,224.7,75,1012.5
1993032800,7.9,0,0.5,327.8,88.5,1011.4
1993032806,10.9,0,1.2,43.4,70,1009.7
1993032812,13.5,0,4.6,93.4,45,1008
1993032818,6.5,0.5,3.2,48.4,74,1012.9
1993032900,4,0.1,2.3,13.4,79,1018.8
1993032906,5.9,0,3.2,29.6,57.5,1022.9
1993032912,9.8,0,4.7,103.4,40,1023.8
1993032918,5.8,0,1.9,35,55,1024.2
1993033000,3.2,0,0.2,341,81,1024.1
1993033006,6.3,0,0.5,330.5,79.5,1022.4
1993033012,13.2,0,3.2,215,44.5,1018
1993033018,10.1,0.3,2.4,266,62,1015.2
1993033100,6.1,0,0.3,346.9,87.5,1014
1993033106,8.1,0,1.6,296.7,91,1011.8
1993033112,18,0,4.4,250,41,1006.8
1993033118,13.8,0,4.4,291.9,53,1004.8
1993040100,10,0,2.4,353.2,53,1009.7
1993040106,10.9,0,2.1,346.6,59.5,1012.5
1993040112,17.1,0,3,134.4,36,1013.2
1993040118,11.9,0,1.3,272.1,56.5,1014.2
1993040200,6.6,0,0.5,310.9,85.5,1014.8
1993040206,10.1,0,0.9,271.3,74,1016.3
1993040212,19,0,2.8,156.6,25.5,1015.1
1993040218,13.6,0,0.4,0,53.5,1015
1993040300,8.5,0,0.3,333.2,68.5,1014.8
1993040306,11.3,0,0.9,359,76.5,1014.8
1993040312,19.3,0,3.7,128.9,37,1013.2
1993040318,12.7,0,1.9,55.3,59.5,1013.6
1993040400,9.7,0,1.5,25,88,1013.8
1993040406,9.8,0,3,73.3,90.5,1014.7
1993040412,8.6,0,3.2,53.3,82,1015
1993040418,7.7,0,2.7,23.2,74,1017.3
1993040500,5.2,0,2.6,0,71,1020.2
1993040506,7.7,0,2.8,37.8,66.5,1022.2
1993040512,12.7,0,4.5,103.4,35.5,1021.7
1993040518,9,0,1.6,140,43.5,1021.2
1993040600,4.2,0,0.3,328.3,71.5,1021.3
1993040606,7.3,0,1,311.3,73,1019.8
1993040612,17.5,0,2.2,276.3,22.5,1016.5
1993040618,13.1,0,2.7,310.4,27.5,1014.5
1993040700,7.4,0,2.1,336.6,36,1014.6
1993040706,8.1,0,3.3,301.8,30.5,1015.3
1993040712,13.8,0,4.6,328.8,19.5,1013.4
1993040718,6.4,0,4.7,353.4,26,1015.2
1993040800,2,0,4.2,350,47,1019
1993040806,4.4,0,2.7,346.4,56,1019.6
1993040812,10.6,0,3.9,344.8,40.5,1018.8
1993040818,5.4,0,2.3,11.2,50,1020.8
1993040900,2.2,0,2.5,7.9,64.5,1022.2
1993040906,4.3,0,3.3,340,58,1023.9
1993040912,12.6,0,3.4,5,26.5,1023.9
1993040918,7.8,0,1.2,220.7,50,1025.2
1993041000,1.9,0,0.6,333.2,75.5,1025.9
1993041006,5.6,0,0.9,346,73,1025.6
1993041012,14.1,0,4.5,243.5,30,1022.6
1993041018,9.1,0,3.6,340,57.5,1020.9
1993041100,4.4,0,2.7,356.7,74.5,1020.8
1993041106,6,0,3.2,336.6,63.5,1020.9
1993041112,11.5,0,4.6,343.3,41.5,1019.8
1993041118,6.9,0,1.7,37.6,63,1022.5
1993041200,2,0,0.6,335.5,92.5,1025.8
1993041206,6.2,0,1,287.7,79.5,1027.2
1993041212,14.4,0,3.3,187.9,31,1026.4
1993041218,9.6,0,1.5,251.4,47.5,1026.5
1993041300,4.3,0,0.6,305,80.5,1027.6
1993041306,8.1,0,0.8,241.8,74.5,1028.2
1993041312,19.4,0,2.8,317.6,24,1025.8
1993041318,14.9,0,1.7,341,24.5,1025.1
1993041400,9.3,0,1.5,340,49,1026.8
1993041406,13.5,0,3,11.2,45,1027.4
1993041412,20.5,0,3.3,164.3,32.5,1023.9
1993041418,14.6,0,1.4,0.3,57,1022.2
1993041500,13.1,0,2.9,342,43,1022.5
1993041506,15,0,1.2,15.8,35.5,1022.1
1993041512,20.4,0,2.4,175,31,1019.2
1993041518,16.6,0,1.5,304.2,42.5,1016
1993041600,12.9,0,0.8,313.7,44,1015.2
1993041606,14.7,0,0.9,305,47,1013.7
1993041612,21.5,0,3.8,176.7,26,1011.8
1993041618,15.4,0,1.1,7,45.5,1009.7
1993041700,12.6,0,1.6,339.5,56,1009.4
1993041706,16,0,3.7,11.9,53.5,1009.8
1993041712,24.1,0,4.9,328.5,31,1007.8
1993041718,19.5,0,2.6,325.3,26,1007.8
1993041800,15.6,0,2.6,346.5,45,1009.5
1993041806,18.3,0,2.8,337.9,50,1011.2
1993041812,28.6,0,3.1,305,22,1009.3
1993041818,22,0,1.3,336,34,1009.4
1993041900,15.6,0,2.1,65.5,56.5,1012
1993041906,17.9,0,1.6,81.5,61,1014.8
1993041912,21.7,0,3.2,170,56,1014.5
1993041918,16.7,0,0.8,55.3,72,1013.8
1993042000,12.6,0,0.2,11.4,81,1015.2
1993042006,14.3,0,0.8,170,81.5,1017.6
1993042012,19.4,0,3.1,180,66,1016.9
1993042018,14.2,0,2.7,89.7,86.5,1018.8
1993042100,11.6,0,2.1,51.1,92,1020.6
1993042106,12.5,0,1.5,61.3,88,1019.7
1993042112,15.4,0,2,125,79.5,1016.7
1993042118,13.6,0,1.1,270.3,87,1013.9
1993042200,12.8,0.7,0.2,342.8,97.5,1012
1993042206,15.5,0.1,0.8,306.2,92.5,1010.8
1993042212,21.4,0,3.3,166.4,49.5,1009.3
1993042218,17.1,0,1.8,220.4,75.5,1007.7
1993042300,16.4,0,2.8,254.6,80.5,1002.7
1993042306,18.3,0.3,1.9,264.7,90.5,1002.8
1993042312,25.1,0,3.2,225.9,50,1001.4
1993042318,20,0,2.3,220.1,73,1001.9
1993042400,18.1,0,3,250,86,1001.1
1993042406,17.5,0,1.6,141.8,81.5,1000
1993042412,20,0,2.4,170,62.5,996.8
1993042418,15.3,0,3.8,347.3,52,1000.2
1993042500,7.7,0,2.3,335.6,33,1008.3
1993042506,11,0,4.8,323.3,46,1011.8
1993042512,19,0,4.8,343.4,25.5,1012.4
1993042518,14.3,0,1.5,334.6,33.5,1012.8
1993042600,9,0,1.3,339.3,47,1014.8
1993042606,10.1,0,2.2,301.3,53,1013.8
1993042612,18.1,0,5.8,253.3,27,1009.7
1993042618,14.7,0,3.1,231.5,43,1008.1
1993042700,12.9,0,1.8,302,63,1010.2
1993042706,15,0,1.2,305,72,1013.6
1993042712,22.3,0,2.5,138.4,32.5,1013.4
1993042718,17,0,2,163.4,42.5,1014.8
1993042800,14.5,0,2.3,80,82.5,1014.4
1993042806,12.8,15.9,0.3,11.2,96,1011.8
1993042812,12.5,2.1,2,43.4,96,1008
1993042818,11.3,1.7,2.6,48.4,92.5,1008.2
1993042900,10.6,2,2.7,50,92,1010
1993042906,11.2,0,2.5,56.6,87.5,1011.7
1993042912,12.7,0,2.9,80,79.5,1011.5
1993042918,11.8,0,1.1,32.2,85,1011
1993043000,11.1,0,1,319.4,90,1009.7
1993043006,13.7,0,1.1,46.5,85.5,1011
1993043012,15.4,0,3.8,96.6,67,1013.7
1993043018,11.7,0,2.3,61.9,76.5,1018.5
1993050100,10.4,0,1.6,43.8,81,1020.6
1993050106,11.2,0.1,2.6,80,79,1022
1993050112,12.3,2.1,3,90,67,1021.8
1993050118,10.1,8.2,1,60,93,1020.2
1993050200,9.6,25.4,1.4,0,98,1015.3
1993050206,10.7,9,1.5,356.6,97.5,1011.2
1993050212,12.3,4.1,2.2,23.2,91,1009.8
1993050218,11.1,0,0.6,19.3,88.5,1011.1
1993050300,8.2,0,0.6,320.7,93.5,1012.3
1993050306,11.9,0,0.7,1.3,89.5,1014.1
1993050312,18.6,0,3.2,155.3,48.5,1015.2
1993050318,14,0,1.2,99.2,67.5,1018.1
1993050400,9.9,0,0.5,333.1,90.5,1020.6
1993050406,13.2,0,0.5,47.2,80,1021.9
1993050412,19,0,3.1,148.5,48.5,1021.4
1993050418,13.6,0,1.5,90.3,71,1021
1993050500,10.6,0,0.9,329.8,90,1020.9
1993050506,13.1,0,0.4,333,85,1020.3
1993050512,23.6,0,3,250.5,46.5,1017.9
1993050518,19.5,0,1.7,271.2,53,1016.4
1993050600,14.4,0,0.2,341,84,1016.7
1993050606,15,0,0.4,322.3,87,1015.2
1993050612,18.7,0.4,0.9,45.4,76.5,1015.2
1993050618,16.7,0,0.9,80,80,1013.5
1993050700,12.6,0,0.3,15.5,93,1013.2
1993050706,14.3,0,2.1,70,90.5,1013.4
1993050712,20.8,0,2,113.2,59,1012.4
1993050718,16.9,0,1.2,176.1,71,1011.2
1993050800,13.4,0,0.7,355.9,91.5,1012.8
1993050806,17,0,0.7,13.2,83.5,1012.2
1993050812,21.3,0,3,166.6,59.5,1011.6
1993050818,17.3,0,0.7,5,80.5,1012
1993050900,15.1,0,0.5,329.6,90.5,1012.8
1993050906,15.2,0.2,0.4,53.1,81,1011.6
1993050912,13.1,8.2,2.3,21.6,87.5,1011
1993050918,11.6,11.2,2,11.2,94,1008.6
1993051000,11.2,4,2.7,356.7,94,1007.7
1993051006,13.1,0,3.5,11.2,78.5,1009.3
1993051012,18.5,0,3.2,90,51.5,1012.2
1993051018,14.7,0,1.9,247.7,63.5,1012.7
1993051100,11.3,0,0.4,312.1,86.5,1012.8
1993051106,15.8,0,0.7,329.3,77.5,1013.9
1993051112,25.9,0,4.6,263.5,18.5,1012.8
1993051118,20.6,0,4,270,29,1012.8
1993051200,19,0,4,266.7,56,1013.2
1993051206,22.4,0,3.3,276.6,73.5,1012.6
1993051212,25,0,5.1,252.8,67.5,1010.5
1993051218,21.9,0,2.6,231.8,85,1010.3
1993051300,21.4,0,2.2,230.3,87.5,1010
1993051306,18.5,0.5,2.5,103.7,87,1010.4
1993051312,14,6,2.3,73.3,93.5,1012.2
1993051318,12.5,11,1.4,38.4,93.5,1012.6
1993051400,11.7,10.5,1.1,20.9,94,1012.4
1993051406,11.9,4.3,1.2,15,94,1014.8
1993051412,17.2,0,2.3,155.6,57.5,1015.5
1993051418,14,0,1.3,181.2,63,1016.8
1993051500,10.4,0,0.2,335.5,80,1018.8
1993051506,14.7,0,0.7,348,72.5,1020
1993051512,21.7,0,4.4,103.4,22.5,1020.4
1993051518,15.4,0,1.8,52.4,41.5,1021.6
1993051600,11.4,0,0.6,340,71.5,1021.8
1993051606,14.3,0,1.1,190,73.5,1022.3
1993051612,18.8,0,2.9,163,46.5,1020
1993051618,16,0,1.7,191.5,50,1019
1993051700,13.8,0,0.6,339.6,64,1018.2
1993051706,13.7,0.7,0.7,327.9,79,1016.8
1993051712,15.9,2.3,3,238.9,82,1014.1
1993051718,15.4,0.3,1.6,0,82,1011.7
1993051800,12.2,0,1.3,353.9,74,1013.2
1993051806,15.9,0,0.7,0.9,71.5,1014.8
1993051812,23.4,0,2.6,166.6,34,1015
1993051818,17.9,0,0.8,207.2,36,1014.4
1993051900,13.4,0,0.7,276.1,69.5,1014.8
1993051906,17.5,0,0.6,322.3,63.5,1015
1993051912,25.5,0,1.2,215,32.5,1014.3
1993051918,20.6,0,0.7,359.2,43,1013.3
1993052000,15.2,0,0.8,325,66,1014.1
1993052006,20.6,0,1.4,20.3,53,1015
1993052012,26,0,2.8,180,31,1014.5
1993052018,19.7,0,1.3,225,47,1015.2
1993052100,14.2,0,0.4,328.3,76.5,1015.8
1993052106,16,0,0.5,319.7,81.5,1014.7
1993052112,22.7,0.1,2.3,155.7,49,1011.8
1993052118,17.8,3.6,0.8,225,64.5,1008.9
1993052200,16,6.7,0.7,111.1,83.5,1005.9
1993052206,16.6,1,1,31.6,83.5,1003
1993052212,17.8,0,1.9,58.3,69,1004.8
1993052218,16.5,0,1.2,198.6,71.5,1006.8
1993052300,13.9,0,0.4,336.8,81,1009.2
1993052306,17.9,0,1.4,29.8,61.5,1010.5
1993052312,24.9,0,2.9,180,31.5,1009.6
1993052318,20.5,0,0.4,342,44.5,1008.7
1993052400,15.4,0,0.3,350.2,62.5,1008
1993052406,18.3,0,0.6,307.2,61.5,1007.6
1993052412,28.1,0,2.6,196.2,29.5,1005.4
1993052418,22.2,0,0.9,71.4,52.5,1006.5
1993052500,15.9,0,0.7,342.7,74,1008.8
1993052506,19.6,0,0.4,22.6,61,1010.4
1993052512,24.1,0,2,131.4,35.5,1011
1993052518,20.9,0,0.5,36.1,40,1012.3
1993052600,16.1,0,0.9,340,70,1014.2
1993052606,19.3,0,1.7,32.8,66,1014.7
1993052612,22.8,0,3.4,90.3,38.5,1014.5
1993052618,17.5,0,1.6,26.2,42.5,1015.2
1993052700,12.6,0,0.6,340,73.5,1015.3
1993052706,17,0,0.7,289.8,65,1013.8
1993052712,23.3,0,2.6,163.3,42,1011.3
1993052718,18.8,0,0.5,266.9,49.5,1009.8
1993052800,13.5,0,0.1,0,69,1009.2
1993052806,17.7,0,0.3,27.5,61.5,1008.5
1993052812,26.2,0,2.9,134.5,21.5,1007.3
1993052818,19.6,0,1.5,35,21.5,1006.9
1993052900,12.6,0,0.3,340,52.5,1006.8
1993052906,16.6,0,2.6,37.9,61,1007.3
1993052912,18.8,0,2.3,53.3,57,1006.8
1993052918,16.3,0,1,9.3,63,1005.8
1993053000,13.1,0,0.3,356.7,78.5,1006.2
1993053006,17.6,0,1.1,80,64,1005.4
1993053012,25.3,0,2,100.4,37.5,1005.2
1993053018,19.5,0,1.1,268.4,57.5,1005.9
1993053100,15.1,0,0.2,350.2,81.5,1007.5
1993053106,18.8,0,1.2,11.8,67.5,1009.4
1993053112,24.6,0,4,94.5,40.5,1010.2
1993053118,20.1,0,1.2,64.9,54.5,1011.9
1993060100,15.2,0,0.1,342.8,81.5,1013.4
1993060106,18.5,0,1.7,39.6,67,1013.1
1993060112,23.9,0,2.8,126.2,49,1011.2
1993060118,19.7,0,2.3,94.5,69.5,1008.3
1993060200,18.6,13.5,4,152.1,75,1001.6
1993060206,17.8,49.1,5.1,191.7,84,992
1993060212,18.8,0,5.8,240,67,988.1
1993060218,17.2,0,5.2,250,57.5,987.7
1993060300,17.1,0,4.5,266.7,54,989.5
1993060306,18.4,0,4.4,286.7,51.5,992.1
1993060312,20.6,0,3.8,321.8,39,994.6
1993060318,18.4,0,2.5,340,42.5,998.8
1993060400,14.7,0,0.8,336.6,62,1002.8
1993060406,18.5,0,1,12.6,63.5,1003.8
1993060412,21.7,0,2.7,146.1,45,1004.7
1993060418,17.3,0,2.2,76.6,65.5,1006.9
1993060500,15.3,0,0.7,29.3,75.5,1009
1993060506,17.9,0,0.9,46.7,65.5,1009.9
1993060512,21.1,0,3,166.6,49.5,1009.7
1993060518,17.3,0,1.9,166.6,66,1010.2
1993060600,16.2,0,0.9,185,76.5,1011.6
1993060606,17.3,0,0.8,240,77,1012.2
1993060612,22.2,0,3,163.3,51,1012
1993060618,18,0,1.6,180.9,70.5,1012.1
1993060700,15.2,0,0.3,340.3,82.5,1012.8
1993060706,17.9,0,1.5,60.4,79.5,1014
1993060712,24.3,0,2.2,173.9,52.5,1013.4
1993060718,20.1,0,1.3,155,49.5,1012.2
1993060800,17.3,0,0.3,340,77.5,1012.3
1993060806,18.3,0,0.4,350.3,72.5,1011.8
1993060812,21.6,0,1,156.8,65,1011.4
1993060818,19.5,0,1,343.5,76,1011.8
1993060900,15.9,0,0.6,0,84,1011.8
1993060906,19.4,0,1,273.4,76.5,1012.8
1993060912,26.8,0,2.6,170,28,1012.3
1993060918,21.1,0,1.2,130.8,49,1012.8
1993061000,17.5,0,0.3,4.3,66.5,1012.8
1993061006,20.3,0,0.3,341,61,1013
1993061012,25.5,0,2.4,153.4,47.5,1011.9
1993061018,22.7,0,0.8,64.3,58.5,1011.1
1993061100,17.9,0,0.3,359.2,74,1012.4
1993061106,21.2,0,0.7,250,70,1012.6
1993061112,26.6,0,3,163.3,42.5,1011.1
1993061118,21.9,0,1.2,87.2,60,1009.9
1993061200,18.1,0,0.4,38.6,82,1010.2
1993061206,20.4,0,1.2,302,73.5,1009.3
1993061212,22.5,2.6,2.2,218.2,71,1007.1
1993061218,22.2,7.6,3.6,200,82,1004.7
1993061300,22.1,1.1,3.2,220.1,83,1001.7
1993061306,22,21.5,0.9,201.5,82.5,1001.3
1993061312,21.7,6.3,1.6,103.9,83,1001.8
1993061318,19.3,0,1.1,291.3,81,1004
1993061400,19.6,0,0.2,346.9,83,1005.7
1993061406,20.5,0,1.1,95.7,83.5,1005.8
1993061412,25.2,0,1.9,109.7,65.5,1004.4
1993061418,22.3,0,1,83.3,72.5,1003.6
1993061500,21.4,4,0.6,13,80.5,1003.3
1993061506,22.3,0.3,0.6,346.8,84,1003.6
1993061512,27.2,0,2.1,138.1,66.5,1003.5
1993061518,22.5,0,1.2,63.5,75,1003.7
1993061600,21.5,0,0.2,354.4,82.5,1005.5
1993061606,21,0,0.8,244.9,80,1006.8
1993061612,22.1,0,1.9,166.6,73,1007.3
1993061618,20.3,0,0.7,43.5,79.5,1006.8
1993061700,19.7,0,0.2,20.5,84.5,1007.4
1993061706,23.1,0,1.1,25,79.5,1008.4
1993061712,25.7,0,2.7,170,59.5,1008.4
1993061718,21.2,0,1.1,247.9,75,1008.8
1993061800,19.6,0,0.6,5,85.5,1008.4
1993061806,20.9,0,0.5,25.2,83.5,1007.8
1993061812,23.9,0,2.3,163.3,73.5,1006.8
1993061818,21.4,0,0.9,58.2,81.5,1006.2
1993061900,20.6,0,0.2,36.7,86.5,1005.8
1993061906,22.5,0,1.1,161.6,85.5,1005.7
1993061912,25.3,0,2.3,166.5,64,1004.2
1993061918,21,0,1.6,142.6,81,1003.7
1993062000,19.5,0,1,28.4,86,1004.7
1993062006,19.6,0,1,114.2,85.5,1005.5
1993062012,21.7,0,1.7,125,78,1006
1993062018,19.5,1.2,2.1,107.7,80,1006.8
1993062100,18.5,0,0.5,35,87,1008.6
1993062106,19.3,0,1.1,61.4,85.5,1009.4
1993062112,23.2,0,2.2,169.8,70,1009.2
1993062118,20.9,0,1.4,192.8,77.5,1008.5
1993062200,19.6,0,0.5,311.2,85.5,1008.4
1993062206,20.3,0,0.8,187.4,85,1006.9
1993062212,22.1,1.2,1.4,119.9,76,1005.2
1993062218,19.2,8.3,1.5,59.6,86.5,1002.5
1993062300,18.4,2.3,2,48.1,86,1000.9
1993062306,19.1,0,2.7,29.9,83,1000.2
1993062312,21.6,0,3,38.2,69.5,1001.8
1993062318,19.9,0,1.4,62.1,72.5,1004.2
1993062400,17.1,0,0.1,7.7,86,1006.9
1993062406,19.5,0,1.1,305,84,1008.2
1993062412,24.7,0,2.6,120.6,64.5,1007.1
1993062418,21.9,0,1.2,62.7,78,1006.7
1993062500,20,0,0.2,357,86,1007.7
1993062506,22.5,0,1,291.3,81,1008.1
1993062512,26.3,0,2.5,209.2,54,1007
1993062518,22.6,0,0.9,70.8,66.5,1006.5
1993062600,19.4,0,0.5,346.8,83.5,1006.8
1993062606,22.9,0,1,298.8,74.5,1007
1993062612,26.5,0.1,2.3,106.3,55,1008.2
1993062618,23.1,0,1,331.9,78.5,1009.2
1993062700,20.5,0,0.4,353.4,87.5,1011.2
1993062706,23.5,0,1.4,357.2,74,1012.5
1993062712,30,0,1.7,52.1,34.5,1012.4
1993062718,26,0,1,341.6,49.5,1012.5
1993062800,23,0,0.7,336.8,74,1013.2
1993062806,21.6,5.6,1.4,29.4,84,1012.8
1993062812,19.1,21.8,1.7,266.3,90.5,1012
1993062818,18.5,9.8,0.6,65.5,91,1009.1
1993062900,18.2,17.3,1,203.9,91,1005
1993062906,18.7,48.7,0.1,0,91,1001.7
1993062912,20.6,2.5,0.7,34.2,87,999.2
1993062918,20.1,0,1.3,57.4,86,1000.4
1993063000,18.9,0,0.2,350,86.5,1003
1993063006,18.8,10.8,0.2,331.2,89.5,1004
1993063012,19.4,1.1,2.1,76.6,81.5,1005.7
1993063018,18.2,0,1.1,18.8,81,1008
1993070100,17,0,0.2,353.6,84.5,1010
1993070106,19.3,0,1,48.5,76.5,1011.5
1993070112,23.6,0,2,149.8,59,1011.8
1993070118,20.1,0,1.2,95.1,68,1012.3
1993070200,16.9,0,0.3,359.2,83,1012.3
1993070206,19,0,1.7,50.4,80,1011.5
1993070212,20.7,0,3.9,70,65,1009.8
1993070218,18.7,0,1.5,19.7,65.5,1009.4
1993070300,15.2,0,0.7,324.2,80,1011.2
1993070306,18.7,0,0.4,21.9,73,1012.2
1993070312,24.5,0,2.9,166.4,48,1012.3
1993070318,20.5,0,2,195.8,75,1012.4
1993070400,18.1,0,0.9,301.3,86,1012.4
1993070406,18.8,0,0.6,328.7,88,1010.9
1993070412,24.6,0,2.7,128.2,58.5,1008.8
1993070418,21.2,0,2,52.3,68,1006.6
1993070500,19.4,0,1.3,346.8,80,1007.1
1993070506,21.8,0,2.2,37.2,73,1007.7
1993070512,25,0,5.1,110,56,1006.9
1993070518,20.9,0,2,58.4,72,1007.9
1993070600,17.9,0,0.9,316.1,87,1008.8
1993070606,20.7,0,0.7,92.4,81,1008.1
1993070612,27,0,2.3,122.9,50,1007.1
1993070618,22.2,0,1.2,145,63,1006.5
1993070700,17.6,0,0.2,341,86,1006.6
1993070706,20.9,0,0.9,80,77.5,1006.2
1993070712,27.3,0,3,166.6,47,1005.7
1993070718,23.5,0,1.7,167.6,70,1006.4
1993070800,22.1,0,0.3,350.6,85,1007.2
1993070806,22.3,0,1.5,175.5,87.5,1007.5
1993070812,25.6,0,2.2,220.1,80.5,1006.8
1993070818,25,0,2.1,226.8,82,1006.8
1993070900,24.6,0,1.8,222.6,81.5,1008
1993070906,23.7,0,1.3,121.6,87.5,1009.4
1993070912,24.6,0,2,142.9,71.5,1010.1
1993070918,22.4,0,1.1,208.1,77.5,1010.2
1993071000,21.4,0,0.4,12.4,86.5,1011.1
1993071006,22.6,0,0.8,118.6,88.5,1011.2
1993071012,25.8,3,2.2,174.7,83,1009.8
1993071018,23.8,0,1.8,271.3,86.5,1007.1
1993071100,22.7,0,0.1,3.8,84.5,1008.2
1993071106,25.9,0,1.4,271.5,80,1007.6
1993071112,28.7,2,3,260.2,64,1006
1993071118,22.5,18.5,1.2,305,88,1006.2
1993071200,21.6,0.4,0.6,45,88.5,1006.4
1993071206,22.6,15.3,0.6,82.2,89.5,1006.4
1993071212,24.2,6.4,2.6,250,84,1005.5
1993071218,24.5,0,1.5,170,80,1004.3
1993071300,23.5,28.8,1,131.5,88,1003.5
1993071306,23.4,0.5,0.9,91.2,89,1002.5
1993071312,25.5,1,3,226.3,87.5,999.3
1993071318,24.6,2.4,1.6,190.1,82,997.8
1993071400,22.8,5.3,2.2,84.6,88,997.2
1993071406,22.9,1.9,0.6,309.2,87.5,998.5
1993071412,25.5,0.2,2.7,115.3,69,999
1993071418,21.2,3,1.3,29.1,82,1002.4
1993071500,19.6,1.5,0.5,346.8,89,1005
1993071506,20.9,0,1,14.6,84,1006.7
1993071512,22.2,0,1.3,95.1,72.5,1007.7
1993071518,20.8,0,0.8,329,80,1008.4
1993071600,19.2,0,0.2,353.6,87.5,1009.1
1993071606,21,0,1,175.2,87,1009
1993071612,23.2,0,2.8,135,68.5,1008.4
1993071618,20.8,0.8,1.7,100,81.5,1007.2
1993071700,19.5,18.8,1,350,86,1004.2
1993071706,20,5.5,1.6,7.9,88,1001.4
1993071712,20.8,4.4,1.3,7.7,85,1000.8
1993071718,20.2,0.3,0.9,343.1,85,998.9
1993071800,19.2,1.3,0.3,333.1,87,999.3
1993071806,19.5,0,1.8,17.7,85,1001.2
1993071812,21.1,0.1,2.3,66.6,77.5,1003.5
1993071818,19.6,0,1.2,26.7,76.5,1005.4
1993071900,18.5,0,1.1,35,80,1006.8
1993071906,19.6,0,2,28.5,77.5,1007.7
1993071912,21.5,0.1,2.9,63.4,64.5,1008.1
1993071918,19.1,0,2.5,40.4,66,1009.1
1993072000,17.7,0,1.6,23.7,74,1010.1
1993072006,19.3,0,3.1,62.1,72,1011.1
1993072012,20.7,0,3.9,70,63.5,1012.1
1993072018,18.9,0,2.5,56.6,65.5,1012.7
1993072100,17.6,0,2.3,45.1,70.5,1013.3
1993072106,18.5,0.1,2.6,46.3,74.5,1014
1993072112,20.5,0,2.6,48.4,69,1014.2
1993072118,18.9,0,2.7,50,66.5,1015.3
1993072200,17.8,0,2,13.4,78,1015.9
1993072206,19.6,0,1.8,23.7,81,1016
1993072212,22.4,0,2.7,65.6,72,1015.3
1993072218,20.3,0,1.5,53.5,74,1015.5
1993072300,18.5,0,0.8,353.2,82.5,1015.4
1993072306,20.7,0,1.2,32,77.5,1014.7
1993072312,23.9,0,3.5,100.2,56.5,1013.8
1993072318,20.8,0,1.8,52.7,71.5,1012.5
1993072400,19.6,0,0.6,353.5,82.5,1011.3
1993072406,20.8,0,0.9,38.4,81.5,1011.2
1993072412,22.9,0,2.6,70,71,1010.3
1993072418,21.6,0,2.2,36.2,77,1009.2
1993072500,21.4,0,2.1,35,80.5,1007.7
1993072506,21.9,0,1.9,35,78.5,1007.3
1993072512,23,0,2.3,38.2,68,1007.9
1993072518,21.7,0,0.9,47.6,67,1008.7
1993072600,20,0,0.6,359.5,75.5,1010
1993072606,21.1,0,1.5,60.4,74.5,1011.2
1993072612,21.1,2,1.9,73.3,75.5,1011.8
1993072618,19.7,9.6,0.5,28.1,87,1011.5
1993072700,19.3,2.9,1,3.9,88,1011.4
1993072706,19.6,3.3,1.4,11.5,87,1009.9
1993072712,20.8,1.7,1.7,3.4,86,1007.3
1993072718,20.3,0.4,0.9,335.6,85,1005.6
1993072800,20.1,0,0.1,0,86.5,1006.9
1993072806,21.8,0,1,11.8,84.5,1008.2
1993072812,23.4,2,1.3,71.3,76,1008.7
1993072818,22,0,0.7,79.8,84,1008.1
1993072900,21.4,0.6,0.4,15.7,86.5,1008.5
1993072906,21.3,12,0.4,21.3,87,1008
1993072912,21,133.3,1.6,22.6,87,1005.7
1993072918,20.3,13.3,0.7,331.9,87,1003.9
1993073000,20.6,22,1.1,344.8,87,999.8
1993073006,22.5,2.5,0.9,13.9,86.5,1000.1
1993073012,27,0,1.7,121.6,74.5,1002.2
1993073018,24.4,0,1.3,89.3,76.5,1004
1993073100,22,0,0.2,333.4,84.5,1006.5
1993073106,23.7,0,0.7,341.6,85,1006.2
1993073112,28.9,0,2.8,150,56.5,1005.8
1993073118,26.6,0,1.1,353,73,1005.8
1993080100,24,0,0.4,340,83,1006.8
1993080106,24.9,0,0.7,345.1,80,1007.6
1993080112,26.4,0.4,1,118.8,83.5,1007.5
1993080118,24.8,0,0.9,35,80.5,1007.8
1993080200,22.8,11.2,0.6,59.3,87,1007.6
1993080206,22,27.5,0.9,346.6,88,1006.6
1993080212,22.8,1.8,2.4,70,86.5,1005.4
1993080218,20.7,0.4,1.7,50.3,84.5,1005.5
1993080300,19.3,1.1,0.6,14.7,84.5,1006.8
1993080306,19.2,0,0.7,1.3,86,1007.5
1993080312,20.5,0,0.9,52.7,77,1007.5
1993080318,19.4,0,1.1,336,80,1007.7
1993080400,18.3,1.9,0.5,337.1,87,1008.5
1993080406,19.4,0.2,0.8,360,87,1008.7
1993080412,21.8,0,1.5,60,70,1009.4
1993080418,20.4,0,0.8,18.9,71.5,1010.3
1993080500,19,0,0.2,356.7,83,1011.4
1993080506,19.3,0,1,8.7,84.5,1011.9
1993080512,20.7,0.1,1.6,58.8,75.5,1012.3
1993080518,19.5,0,1.5,48.4,74,1012.2
1993080600,18.7,0,0.9,13.4,81,1011.6
1993080606,19.7,0,1.8,60,76.5,1010.6
1993080612,20.7,0,2.4,58.8,75.5,1009.7
1993080618,19.9,0,1.3,46.8,69.5,1009.6
1993080700,19.2,0,0.9,33.8,77,1009
1993080706,19.4,0.2,0.7,59.8,82.5,1008.1
1993080712,19.5,14.3,0.6,335.6,87,1007.3
1993080718,19.2,5.7,0.4,0.2,87.5,1006.5
1993080800,19.5,15.4,0.9,324.2,87.5,1005.9
1993080806,20.4,1.4,0.9,325,87.5,1006.2
1993080812,22.6,0.6,0.6,22.9,87,1007
1993080818,23.1,0,0.1,348.7,85,1006.5
1993080900,22.4,0,0.3,4.3,85.5,1006.2
1993080906,23.2,0.5,0.6,13.1,86,1007
1993080912,25.5,0.6,2,73.1,81.5,1006.5
1993080918,24.2,2.9,2,58.5,79.5,1004.8
1993081000,22.8,23.6,5.1,58.8,85.5,1000
1993081006,22.5,162.6,7.9,70,85.5,988.3
1993081012,22.7,22.7,5.7,350,85.5,983.6
1993081018,22.5,1,0.2,0,82.5,993.2
1993081100,21.2,0,1.6,1.1,78,1000.3
1993081106,23.4,0,0.9,236.2,76.5,1005
1993081112,26.6,0,3.2,156.7,64,1006.3
1993081118,24,0,0.9,59.8,81.5,1007.2
1993081200,21.9,0,0.4,355.9,86.5,1007.3
1993081206,23.3,0,0.5,320.4,84.5,1008.4
1993081212,28.3,0,2,137.6,57,1007.8
1993081218,25.2,0.1,0.3,1.3,79.5,1008.7
1993081300,23.6,6.5,0.2,3.8,86,1008.3
1993081306,23.8,53.1,1.7,195.8,88,1006.6
1993081312,26.1,0,1.8,256.6,83,1004.2
1993081318,25.3,0.1,0.9,344.3,83,1004
1993081400,22.5,0,0.4,334.3,85,1006.1
1993081406,23,0.7,0.7,319.9,86,1007.2
1993081412,27.7,0,2.1,125,60,1005.8
1993081418,23.8,0,0.8,75.6,80,1006.4
1993081500,22.4,0,0.2,16.1,85.5,1006.9
1993081506,23,0,1,105.5,85.5,1006.7
1993081512,23.2,0.5,1.7,136.8,75,1006.8
1993081518,22.2,0.1,0.1,353.6,80.5,1006.6
1993081600,21.2,0.1,0.1,353.6,86.5,1007.1
1993081606,20.6,6.9,0.4,344.4,86,1008
1993081612,20.9,8.2,0.8,71.1,84.5,1008.1
1993081618,20.5,5.9,0.8,26,86,1007.4
1993081700,19.9,7.5,0.5,19.6,87.5,1006.8
1993081706,21.5,0.3,0.7,332.7,86,1006.8
1993081712,26.5,0,1.8,139.7,65.5,1007.3
1993081718,23.5,0,0.9,38,78.5,1007.8
1993081800,20.4,0,0.2,346.9,85.5,1010.8
1993081806,21.9,0,0.6,2.9,79.5,1011.5
1993081812,26,0,1.2,56.2,56.5,1011.6
1993081818,22.9,0.3,1.1,333.2,78,1011.8
1993081900,19.7,1.7,0.3,339.1,85,1012.7
1993081906,18.9,1.1,0.1,0,87.5,1012.1
1993081912,21.7,0,0.8,36.6,76,1011.6
1993081918,21,0.3,0.9,340,81.5,1011.6
1993082000,18.7,0,0.1,344.4,87.5,1012.5
1993082006,20.2,0,1.3,235.7,83.5,1013.8
1993082012,23,0,2.7,110,68,1014.2
1993082018,20.8,0.2,1.7,108.5,81,1014.1
1993082100,20.5,60.1,1.8,84.2,87.5,1011.7
1993082106,21.9,58.9,0.7,8.3,88.5,1008.7
1993082112,25.8,0.6,2.7,215,85.5,1007.8
1993082118,23.9,0,1.2,224.5,82.5,1008.4
1993082200,21.1,14.7,1,70.5,84.5,1009.1
1993082206,20.9,3.3,0.8,74.6,88.5,1010.8
1993082212,23.6,0,2.1,125,72,1012.2
1993082218,21.6,0,1.2,100.1,77,1013.6
1993082300,19,0,0.4,346.9,87,1013.9
1993082306,21,0,0.6,280,89,1014.8
1993082312,26.8,0,2.6,160,60.5,1012.6
1993082318,23.4,0,0.9,156.1,77.5,1011.6
1993082400,19.6,0,0.4,346.9,87,1010.2
1993082406,21.5,0,0.4,353.7,85,1008.8
1993082412,30.2,0,3.3,235,44,1006.7
1993082418,26,0,2.2,283.9,71,1007
1993082500,24.5,0,0.3,18.4,82.5,1007.4
1993082506,26.7,0,1.9,218.7,80.5,1007.2
1993082512,31.1,0,3.3,235.7,55.5,1005.8
1993082518,27,0,2,240,78.5,1005.7
1993082600,25.4,0.8,1.2,241.8,86.5,1005.2
1993082606,21.2,8.7,1.5,13.6,87,1005.9
1993082612,20.6,22.1,0.5,3.8,89,1005.7
1993082618,20,0.4,1.2,3.4,87.5,1005.4
1993082700,19.2,0.2,1.2,6.6,87,1004.5
1993082706,21.1,0,1,22.6,82.5,1004.7
1993082712,26.8,0,2.4,104.7,56,1004
1993082718,22.4,0,1.3,42.8,76,1005.8
1993082800,19.7,0,0.5,336.6,86,1007.1
1993082806,21.1,0,1.5,36.5,83,1008.9
1993082812,25.9,0,2.4,168.6,57.5,1008.4
1993082818,22.5,0,1,255.1,75.5,1010
1993082900,19.2,0,0.5,321.5,86.5,1011.2
1993082906,20.6,0,0.4,341.6,83.5,1012.8
1993082912,25.7,0,1.5,166.8,56.5,1012.9
1993082918,22.6,0,0.4,23.9,74,1013.5
1993083000,18.8,0,0.4,340,86.5,1014.7
1993083006,21.3,0,0.7,35,71,1015.5
1993083012,28.2,0,1.7,122,36,1014.8
1993083018,22.4,0,0.9,350.8,62,1015.8
1993083100,17,0,0.5,313.7,85.5,1016.9
1993083106,19.6,0,0.5,334.2,77.5,1016.8
1993083112,27.8,0,2.2,172.8,34,1015
1993083118,22.8,0,0.9,260,60.5,1013.8
1993090100,19.7,0,0.2,348.7,79.5,1013.4
1993090106,22,0,0.8,348,74.5,1012.8
1993090112,25.1,0,1.8,51.8,56,1012.5
1993090118,22.3,0,1.2,18.2,71.5,1013.1
1993090200,20.7,0,1.6,3.3,80,1013.5
1993090206,22.3,0,2.2,41.3,77,1013.3
1993090212,24.8,0,3.4,93.3,53,1012.9
1993090218,20.8,0,2.2,38.4,70.5,1012.7
1993090300,19.8,0,1.8,35,80,1012.5
1993090306,20.5,0.3,2.7,60,74.5,1011.7
1993090312,19.7,2.3,3.7,63.4,74.5,1009.3
1993090318,18.2,4.3,3.4,50,87.5,1005.8
1993090400,18,0.5,3.2,18.2,85,1003.8
1993090406,20.2,0,2.4,18.2,68.5,1008
1993090412,24.2,0,2.1,52.7,52,1010.3
1993090418,20,0,1.6,22.6,69,1012.6
1993090500,16.5,0,0.9,326.2,88,1014.6
1993090506,19.1,0,0.3,259.4,84,1016.6
1993090512,25.5,0,2.3,175.6,51,1016.1
1993090518,21.4,0,1,246.9,72,1016.3
1993090600,17.7,0,0.2,353.6,87.5,1017.3
1993090606,20.3,0,1.9,37.8,84.5,1018.7
1993090612,24.4,0,4.3,90,46.5,1017.9
1993090618,20.6,0,1.8,35,64.5,1017.7
1993090700,19.2,0,1.6,43.4,78,1016.9
1993090706,19.7,0,2.8,58.8,79.5,1015.8
1993090712,22.8,0,3.5,70,59,1014.2
1993090718,20.3,0,2,32.9,67.5,1014
1993090800,17.9,0,1.6,3.3,82,1013.3
1993090806,20.5,0,2,19,74,1013.4
1993090812,24.5,0,2.9,67.2,49.5,1011.8
1993090818,20.4,0,2.2,31.8,64.5,1012.4
1993090900,19.3,0,2.1,18.2,82,1012.1
1993090906,20.4,0.1,2,31.6,79.5,1012.5
1993090912,22.3,0,3.1,66.6,59,1013.1
1993090918,20,0,2.2,28.7,65.5,1014.3
1993091000,17.9,0,2.2,3.4,83.5,1014.8
1993091006,20.4,0,2,19.7,75.5,1015.5
1993091012,23,0,2.7,70,58,1015.7
1993091018,19.7,0,1.5,40.7,72,1016.5
1993091100,16.6,0,0.6,343.4,87,1017.5
1993091106,18.3,0,0.9,344.9,86.5,1017.6
1993091112,22.2,0,2.4,90.4,64.5,1016.7
1993091118,19.6,0,0.9,33,72,1016.8
1993091200,17.3,0,0.3,346.9,83.5,1016.7
1993091206,18.1,0,0.2,323,87,1016.8
1993091212,22.4,0,1.3,221.3,73.5,1016.1
1993091218,20.2,0,0.7,282.1,82,1016.4
1993091300,17.5,0,0.2,4.3,89,1016.6
1993091306,19.3,0,0.4,334,85.5,1017
1993091312,24.1,0,1.9,163,58.5,1016
1993091318,22.2,0,0.6,80,80.5,1015.1
1993091400,20.2,9,0.8,350.4,88,1014.6
1993091406,22,0,0.8,317.1,86,1015.2
1993091412,27,0,3.1,114.9,52.5,1015
1993091418,22.3,0,0.7,309.6,73.5,1015.8
1993091500,19,0,0.1,353.6,87.5,1015.8
1993091506,21.1,0,0.4,342,83.5,1015.4
1993091512,28.1,0,2.4,208.7,51,1013.6
1993091518,23.7,0,1,324.4,68.5,1013.7
1993091600,20.1,0,0.9,329.8,86,1015.3
1993091606,22.1,0,1.1,271.9,77.5,1015.7
1993091612,28.7,0,2.3,194.7,48.5,1014.2
1993091618,23.1,1.1,1.4,277.4,72.5,1013.7
1993091700,20.7,7,0.2,11.9,90,1012
1993091706,23,0,1.9,305,90,1009
1993091712,27.8,0,5.2,250,67.5,1006.2
1993091718,26.2,0.2,1.5,249,75.5,1006.8
1993091800,22.6,0,0.3,31.7,87,1008.8
1993091806,23.1,0,2.1,356.7,76,1012.3
1993091812,25.8,0,0.8,357,49.5,1015
1993091818,21.9,0,0.9,330,62,1016.9
1993091900,18.5,0,1.9,0.9,39.5,1018.4
1993091906,20.4,0,0.3,28.1,37,1020.2
1993091912,26.5,0,2.4,200.9,22.5,1018.8
1993091918,20.1,0,0.9,291.2,47,1018.3
1993092000,15.7,0,0.2,342.8,74,1018.5
1993092006,17.9,0,0.3,353.6,75.5,1018
1993092012,24,0,0.5,342.7,44.5,1016.4
1993092018,20.2,0,0.6,331.9,69,1015.9
1993092100,16.1,0,0.7,328.3,82.5,1016.2
1993092106,19.2,0,0.7,18.4,81.5,1015.8
1993092112,25.7,0,3.5,93.4,41.5,1014.8
1993092118,20.6,0,1.3,27.6,65.5,1015.8
1993092200,17.2,0,0.6,341,85.5,1015
1993092206,19.3,0,1.1,29.9,84,1014.5
1993092212,24.5,0,2.8,110,51.5,1013
1993092218,20.1,0,0.6,16.5,73.5,1012.1
1993092300,16.5,0,0.3,353.6,88.5,1011.2
1993092306,19.5,0,1.2,356.7,84,1010.1
1993092312,26.8,0,2.3,353.2,27.5,1009
1993092318,20,0,2.4,3.3,39,1010.8
1993092400,16.1,0,1.9,0,51,1012.5
1993092406,17.9,0,1,49.1,61.5,1014.8
1993092412,25.6,0,2,71.5,27.5,1014
1993092418,19.8,0,0.6,0,46,1015.1
1993092500,14.8,0,0.5,333.1,72.5,1016.1
1993092506,17.3,0,1.1,355.1,73,1017.2
1993092512,23.8,0,3.3,55.4,37,1016.8
1993092518,17.8,0,1,9.7,62,1018.2
1993092600,13.8,0,0.2,346.9,84.5,1019.4
1993092606,16.5,0,0.7,329.7,81.5,1019.5
1993092612,23.8,0,2,149.8,45,1017.8
1993092618,18.5,0,0.8,350.6,66.5,1016.8
1993092700,13.9,0,0.2,346.9,89,1016.5
1993092706,16.7,0,0.3,323,84.5,1015.2
1993092712,25.1,0,2.6,266.9,37.5,1011.4
1993092718,19.8,0,0.9,335.5,56,1010.7
1993092800,15.4,0,0.3,353.6,84.5,1010.5
1993092806,17.7,0,0.5,316.2,79.5,1010.1
1993092812,25,0,1.9,260,45,1009
1993092818,21.3,0,1,270.5,78.5,1010.6
1993092900,18.9,0,0.5,6.6,83,1012.4
1993092906,19,0,0.2,350,82,1013.7
1993092912,20,2,0.9,94,83.5,1013.2
1993092918,17.1,3.3,0.5,350.4,88.5,1013.8
1993093000,15.2,0,0.9,353.7,87.5,1014.1
1993093006,16.3,0,1.5,357,69.5,1014.4
1993093012,23.4,0,2,340,30.5,1013.5
1993093018,16.7,0,1.3,6.6,36.5,1014.1
1993100100,13.1,0,2.3,23.2,53.5,1015.4
1993100106,15.5,0,3.5,356.7,53.5,1015.4
1993100112,21,0,3.3,43.8,30,1015.6
1993100118,15.5,0,2.5,40.4,55,1018.5
1993100200,14.7,0,1.5,40.4,68,1021.2
1993100206,16.6,0,2.4,80,52.5,1022.7
1993100212,17.5,0,2.5,60,46,1022.5
1993100218,16.2,0,2,56.6,59.5,1022.5
1993100300,15.6,0,2,19.7,65,1021.2
1993100306,16.7,0,1.5,3.4,71.5,1021.2
1993100312,20.9,0,2.2,49.1,51,1019.7
1993100318,16,0,1.3,347.2,72,1019.8
1993100400,12.8,0,0.4,355.9,88,1020.2
1993100406,15.4,0,1.1,338.7,80.5,1020.5
1993100412,23.2,0,1.6,72.1,33.5,1018.1
1993100418,17.7,0,0.3,340,57.5,1018.1
1993100500,14.8,0,0.8,357,78.5,1018.5
1993100506,17.4,0,1.2,3.3,70,1019.3
1993100512,21.2,0,4.3,76.6,48.5,1019.6
1993100518,17.6,0,3.3,70,62.5,1020.5
1993100600,15.7,0,2.2,49.1,58,1021.5
1993100606,16.5,0,3.1,63.4,60,1021.3
1993100612,18.4,0,4.2,83.4,55,1020.1
1993100618,17.5,0,3.2,76.6,62.5,1019.1
1993100700,17.3,0,2.9,60,66,1017.5
1993100706,17.2,0,2.3,50,66,1016.2
1993100712,17.8,0,3,40.1,70,1014.8
1993100718,15.7,0,1.1,357.7,73,1014.5
1993100800,12.7,0,0.1,353.6,85.5,1013.6
1993100806,15.6,0,1.5,41.5,80.5,1013.1
1993100812,22.9,0,3,73.4,30.5,1011
1993100818,16.1,0,0.6,3.3,61,1013.2
1993100900,11.5,0,0.3,330.5,90,1015.3
1993100906,14.8,0,0.6,215,85.5,1016.5
1993100912,26.2,0,2,181.3,34.5,1013.8
1993100918,20.3,0,0.2,341.1,52,1014.1
1993101000,15.1,0,0,0,84,1014.4
1993101006,16.9,0,0.4,341,81.5,1015.2
1993101012,24.8,0,2.7,356.9,30,1014.5
1993101018,17.7,0,2,51.8,51.5,1019.5
1993101100,15.2,0,1.5,43.4,68,1023
1993101106,16.7,0,2.5,42.7,61.5,1025.7
1993101112,20.4,0,3.1,100.2,40.5,1024.2
1993101118,15,0,0.7,348,60,1023.4
1993101200,10.8,0,0.1,0,84.5,1024.2
1993101206,13.6,0,0.2,334.8,82.5,1024.5
1993101212,23.2,0,1.4,169.4,31.5,1021.8
1993101218,18.6,0,1.7,41.3,50,1021.3
1993101300,15.4,0,0.7,4.2,67,1021
1993101306,16.2,0,0.9,345.1,67,1022.2
1993101312,20.5,0,2.8,86.7,52.5,1021.3
1993101318,17.1,0,0.6,346.6,66.5,1021.5
1993101400,15.6,0.1,0.3,10,82.5,1021.1
1993101406,15.2,7.3,0.7,355,91.5,1022.2
1993101412,17.8,0,2.1,107.7,73,1021.1
1993101418,15.6,0,0.4,354.2,82,1022.1
1993101500,12.6,0,0.7,346.1,91.5,1023.9
1993101506,14.7,0,0.3,356.5,88.5,1025.2
1993101512,21,0,2.2,128.2,49,1023.8
1993101518,16.6,0,0.4,355.5,72,1023.8
1993101600,13.1,0,0.2,350.2,88.5,1024
1993101606,14.5,0,0.4,3.3,79,1024.4
1993101612,22.1,0,1.4,60.7,27.5,1022.7
1993101618,15.9,0,0.5,10,47.5,1022.1
1993101700,11.9,0,0.6,346,69,1022.4
1993101706,15,0,1.1,16.2,57,1022.3
1993101712,22.8,0,2,271.5,24,1020.1
1993101718,16.5,0,0.7,331.9,46,1018.5
1993101800,13.2,0,1.2,11.9,61.5,1019.1
1993101806,13.2,0,1.5,22.9,41.5,1021.1
1993101812,20.1,0,1.2,127.6,22,1019.1
1993101818,13.2,0,0.4,346.8,44.5,1019.8
1993101900,8.4,0,0.3,346.9,65,1020.1
1993101906,11.4,0,0.3,277.7,77,1020.2
1993101912,19.5,0,1.3,242.4,37.5,1017.8
1993101918,14,0,0.1,348.7,62,1017.2
1993102000,10.2,0,0.5,353.6,83.5,1018.1
1993102006,12.4,0,0.8,308.5,77,1018.3
1993102012,20.2,0,2.3,186.8,33,1016
1993102018,13.9,0,0.4,350.3,55.5,1016.1
1993102100,9,0,0.2,350,84,1016.9
1993102106,11.5,0,0.2,348.6,84.5,1017.4
1993102112,20.5,11,3.7,275.2,33,1013.8
1993102118,12,0,0.8,356.9,91.5,1015
1993102200,8.8,0,3.2,356.7,61.5,1017.8
1993102206,10.5,0,3.7,346.6,44.5,1020.5
1993102212,17.2,0,3,235,19,1018.6
1993102218,13.1,0,1.1,307,40.5,1016.8
1993102300,9.8,0,3.8,357.7,56.5,1015.6
1993102306,8.4,0,4.2,353.4,39.5,1018.8
1993102312,15.1,0,2.6,33.8,22.5,1018.5
1993102318,8.9,0,0.9,351.6,40.5,1019.8
1993102400,5.3,0,1,315,64.5,1020.9
1993102406,8,0,0.9,250.1,70,1021
1993102412,18.5,0,2.8,0.9,25.5,1018.5
1993102418,11.6,0,1,322.3,41,1017.9
1993102500,10.1,0,1.9,341,66.5,1018.8
1993102506,11.9,0,0.9,344.4,66.5,1019.6
1993102512,19.6,0,3.6,353.4,26.5,1018.4
1993102518,13.9,0,2.4,5.5,24,1020.2
1993102600,8.1,0,1.1,2.1,54.5,1023.7
1993102606,9.3,0,0.9,345.3,64,1025.7
1993102612,16.7,0,2.2,98.5,32.5,1024.9
1993102618,10.5,0,0.3,350.2,63,1027.2
1993102700,6.2,0,0.1,346.9,83.5,1029.9
1993102706,9.1,0,0.8,23.4,82,1032.4
1993102712,17.6,0,3.2,80,42,1031.9
1993102718,12.9,0,1.2,55.4,65.5,1032.1
1993102800,8.5,0,0.5,330.5,80,1032
1993102806,11.4,0,0.6,27.7,81.5,1031.4
1993102812,18.2,0,2,122.9,45,1029.3
1993102818,14.3,0,0.2,10,64.5,1027.9
1993102900,12.8,5.3,0.4,334.8,84,1026.3
1993102906,14,38.3,1.1,37.5,90.5,1021.5
1993102912,16.8,16.4,2.5,233.7,89.5,1012.8
1993102918,14.1,0,3.7,350.2,78.5,1014.1
1993103000,10.7,0,2.6,350,62,1016.2
1993103006,9.9,0,1,344.3,55.5,1017.2
1993103012,13.9,0,3.1,296.6,37.5,1016.8
1993103018,9.1,0,2.6,296.6,41,1018
1993103100,7.4,0,1.8,295,50,1016.9
1993103106,7.4,0,4.2,329.8,51.5,1017.9
1993103112,12,0,5.1,340,30.5,1017.6
1993103118,6.9,0,2.1,333.4,51.5,1020.9
1993110100,4.7,0,0.8,336.6,74.5,1022.3
1993110106,7.8,0,0.6,339.4,81.5,1023.7
1993110112,18.5,0,2.2,154.9,35,1023.5
1993110118,12.1,0,0.7,267.9,69.5,1024.8
1993110200,7.6,0,0.4,329.6,85,1026.5
1993110206,9.6,0,0.7,291.1,81.5,1026.8
1993110212,20.5,0,2.1,155.6,32,1024.7
1993110218,13.6,0,0.2,10,73.5,1024.8
1993110300,8.4,0,0.9,343.4,84,1025
1993110306,10.2,0,1,297.6,79.5,1025.3
1993110312,21.4,0,1.9,204.9,32.5,1023.2
1993110318,13.1,0,0.4,38.4,57.5,1023
1993110400,7,0,0.2,350,80,1022.7
1993110406,9.5,0,0.3,328.7,78,1022.7
1993110412,22.3,0,1.1,111.5,23,1019.8
1993110418,13.5,0,0.4,350.3,45.5,1019.7
1993110500,7.4,0,0.9,316.3,68,1020.8
1993110506,10.6,0,0.8,284.5,67.5,1021.9
1993110512,20.5,0,1.5,173.4,25,1020.8
1993110518,12.6,0,0.5,328.3,44.5,1021.3
1993110600,9.3,0,0.2,353.4,70.5,1021
1993110606,11.7,0,0.2,0,71.5,1020.3
1993110612,14.2,6,0.5,316.2,87.5,1019.6
1993110618,13.8,2,0.6,20.5,90,1020.3
1993110700,13,5.6,2.4,53.3,87.5,1021.7
1993110706,11.1,0.9,3,56.6,78.5,1024.8
1993110712,10.6,4.4,2.5,40.1,85.5,1025.6
1993110718,10.7,0.1,2.4,21.6,79,1026.4
1993110800,11.2,0,2.5,16.7,71.5,1025.9
1993110806,12.1,0,2.3,29.9,72,1026.2
1993110812,13.4,0,2.4,38.4,63.5,1026.1
1993110818,12.3,0,2.8,51.8,60.5,1027.8
1993110900,11.8,0,2.6,51.8,57.5,1029.3
1993110906,12.2,0,4.1,76.6,45,1031.1
1993110912,12.7,0,4.8,80,41,1030.6
1993110918,12.1,0,3.2,70,49,1029.9
1993111000,12.5,0,2.3,60,59.5,1028.6
1993111006,13.4,0,2.3,55.3,69,1027.1
1993111012,14.4,0,2.1,11.2,73,1024.9
1993111018,12.9,9.3,1.7,0,90.5,1024.1
1993111100,12.4,4.8,2,18.2,89.5,1023.2
1993111106,12.5,0.1,2,18.2,86,1022.8
1993111112,14.1,0,2.2,26.6,79,1021.7
1993111118,13.5,0,2.8,24.9,80.5,1021.1
1993111200,13.5,0,2.3,6.6,85.5,1019.5
1993111206,14.2,0.9,2,357,88,1018.3
1993111212,15.7,0.1,1.5,353.5,85.5,1016.3
1993111218,14.9,0.7,1.4,310.4,89.5,1015.1
1993111300,14.8,0.5,0.3,346.9,92,1012.6
1993111306,15.5,0.1,0.6,335.5,92,1009.3
1993111312,18.8,9.2,3.2,277.6,69.5,1005.9
1993111318,15.2,0,2.1,229.8,62.5,1007.6
1993111400,13.1,0,1.2,355.9,80.5,1009.2
1993111406,14.9,0,1.5,292.8,69.5,1012.2
1993111412,19.5,0,3.2,7.2,42.5,1014.2
1993111418,13.6,0,1.1,313.2,61.5,1018.3
1993111500,10.1,0,1,323.3,81.5,1020.4
1993111506,11,0,0.4,329.7,85,1021.9
1993111512,20.1,0,2.3,146.6,50.5,1020.9
1993111518,15.1,0,0.3,21.9,77.5,1021.9
1993111600,11.1,0,0.2,346.4,89.5,1022.8
1993111606,12.4,0,0.6,26.9,91.5,1023.8
1993111612,18.6,0,3.4,86.6,50.5,1023.8
1993111618,15.3,0,2,21.6,61.5,1024.7
1993111700,13.8,0,1.9,16.7,75,1024.7
1993111706,15,0,1.8,23.2,74.5,1024.3
1993111712,18,0,1.8,56.9,58,1022
1993111718,14.7,0,0.7,358.8,73.5,1023.1
1993111800,12.5,0,0.5,7.2,81,1022.5
1993111806,13.3,0,1.8,31.6,85,1023.4
1993111812,19.2,0,2.3,2,40,1022.4
1993111818,11.5,0,2.4,18.2,68,1025.8
1993111900,11.2,0,2.1,14.7,73.5,1029
1993111906,10.6,0,2.5,55.3,69.5,1031.2
1993111912,10.1,0,3.7,62.3,67.5,1031.4
1993111918,9.2,0,2.5,29.9,61,1031.7
1993112000,9.3,0,1.9,356.6,70.5,1029.2
1993112006,10.4,0,0.6,0.2,83,1027.2
1993112012,15.7,0,1.2,45,67.5,1022.4
1993112018,13.1,0,0.2,353.6,82,1019.2
1993112100,10.8,1.8,1,31.6,90,1015.5
1993112106,8.3,3.5,3.8,0,86,1013.5
1993112112,7,0,5.7,346.6,42.5,1014.7
1993112118,2.4,0,4.5,333.4,30,1019.2
1993112200,-0.6,0,4.5,357.3,39.5,1022.2
1993112206,0.6,0,3.9,11.2,36,1024.4
1993112212,6.5,0,3.1,353.4,26.5,1023.1
1993112218,2.1,0,0.6,356.6,35.5,1023.5
1993112300,2,0,0.6,315.8,60.5,1022
1993112306,5,0,2.7,317.6,61,1019.8
1993112312,3.9,0,6,342.7,37.5,1019.2
1993112318,-1.1,0,3.5,353.2,36,1024.7
1993112400,-3.1,0,4.4,6.5,39.5,1027.7
1993112406,-1.4,0,3.9,350,40,1028.9
1993112412,5.6,0,2.9,334.3,23,1027.9
1993112418,1.1,0,1.2,314.9,40.5,1028.4
1993112500,-2.3,0,0.5,328.3,71,1029.2
1993112506,-0.1,0,0.7,280.1,76,1030.2
1993112512,10.2,0,1.6,299.1,32,1027.8
1993112518,5,0,0.5,329.6,51,1027.5
1993112600,1.9,0,0.6,335.7,79.5,1026.8
1993112606,4.2,0.6,0.3,354.6,84.5,1024.6
1993112612,8.1,4.3,0.8,297.9,86,1022
1993112618,6.2,0,0.8,330.9,88.5,1021.5
1993112700,3.8,0,0.2,10,93.5,1021.7
1993112706,4.1,0,0.6,260.4,95,1022.5
1993112712,12.9,0,3.4,291.5,34,1021
1993112718,7.4,0,1.7,310.1,38.5,1021.7
1993112800,6.3,0,3.9,330.7,43.5,1023.2
1993112806,4,0,5,349.8,36,1028.9
1993112812,8.4,0,3.3,353.1,25,1030.2
1993112818,3,0,1.4,311.3,29.5,1030.6
1993112900,2.1,0,1.9,35,38,1031
1993112906,4,0,1.3,20.2,42.5,1031.5
1993112912,8.4,0,1.3,33.1,39,1030.6
1993112918,6.4,0,0.8,8.7,42.5,1030.1
1993113000,4.8,0,0.6,343.4,48.5,1028.8
1993113006,5.3,0,0.4,355,57.5,1026.6
1993113012,7.8,3.7,0.6,351.9,70,1021.1
1993113018,7.8,11.3,0.4,353.3,92,1015.8
1993120100,6.5,0,1.7,58.3,89.5,1016.8
1993120106,7.5,0,1.6,11.6,79.5,1019.7
1993120112,12.7,0,2.6,69,39,1020.2
1993120118,7.3,0,1,339.6,62,1021.1
1993120200,3.3,0,0.4,356.4,85,1021
1993120206,4.4,0,0.6,341.2,88.5,1018.7
1993120212,14.9,0,3.6,270.4,40.5,1016.2
1993120218,9.8,0,1.5,14.1,49.5,1016.6
1993120300,8.6,0,1.1,35,53,1016.3
1993120306,4.9,3.6,2.6,32.9,76.5,1015.8
1993120312,3.1,6.9,3.2,14.7,66.5,1015.4
1993120318,0.7,0,2.6,340,37,1017.8
1993120400,-0.6,0,2.1,0.9,49.5,1019.9
1993120406,-0.1,0,3.3,353.4,53.5,1022
1993120412,4.9,0,4.4,346.6,34.5,1021.7
1993120418,1.1,0,0.9,350.2,46.5,1022.8
1993120500,1.1,0,1.6,349.8,61.5,1024.6
1993120506,2.4,0,2.9,7.9,52.5,1026.1
1993120512,6.6,0,3.4,346.6,28.5,1026
1993120518,2,0,2.1,10,31.5,1027.6
1993120600,-0.1,0,3.2,0.9,38,1028.8
1993120606,1.4,0,2.6,0,44.5,1028.9
1993120612,7.5,0,3.5,350.2,31,1027.7
1993120618,2.6,0,1.8,11.2,34.5,1028.3
1993120700,-1,0,1.3,16.5,39.5,1028.5
1993120706,-0.2,0,1.2,350.2,53,1028.6
1993120712,7.7,0,2.1,61.9,25.5,1027.6
1993120718,3.4,0,0.9,9.7,39.5,1027.7
1993120800,0,0,0.2,353.6,68,1028.2
1993120806,1.3,0,1.4,295,76.5,1028.7
1993120812,9.5,0,2.9,6.5,32,1027.4
1993120818,3.8,0,1.1,326.4,50.5,1028.9
1993120900,0.1,0,0.9,311.3,74,1029.6
1993120906,1.2,0,0.6,316.2,80.5,1029.8
1993120912,10.8,0,0.8,218.4,37,1027.1
1993120918,7.6,0,0.7,19.6,53.5,1024.4
1993121000,6.1,0,0.9,321.7,72.5,1021
1993121006,5.7,1.5,0.6,343,87.5,1015.8
1993121012,7.8,1.3,1.8,4.4,87.5,1011
1993121018,6,0,1.4,12.6,73.5,1012.4
1993121100,4.2,0,3.6,346.6,57.5,1014
1993121106,3.6,0,4.8,343.4,45.5,1018.2
1993121112,8.7,0,3.1,356.6,27,1020.8
1993121118,3.2,0,1.6,27.6,35.5,1023.2
1993121200,-0.9,0,0.9,343.4,63,1024.3
1993121206,0.3,0,0.4,314.6,68.5,1024.2
1993121212,9.5,0,2.3,353.4,41.5,1023.5
1993121218,4.3,0,0.8,333.6,50,1024.8
1993121300,3.7,0,0.6,325.3,67,1025
1993121306,5,0,0.5,331.2,74,1025.2
1993121312,5.1,5.6,2.1,34.2,87,1024.7
1993121318,3.3,2.5,1.3,353.4,78,1024.9
1993121400,2.3,0,1.6,11.4,48,1026.5
1993121406,1.6,0,3.8,353.4,27,1028.8
1993121412,4.6,0,4.8,343.4,15.5,1029.2
1993121418,-1,0,2.3,14.7,19,1031.2
1993121500,-4.5,0,1.5,20.7,29,1032.9
1993121506,-4,0,1.4,3.8,31.5,1034.9
1993121512,3.5,0,2,29.2,18,1033.9
1993121518,-1.2,0,1,357.4,20.5,1035.1
1993121600,-3.9,0,0.8,323.5,36,1034.8
1993121606,-2.1,0,1,325.7,37.5,1032.5
1993121612,5,0,2.8,26.2,14,1028.1
1993121618,0.5,0,1.4,339.6,26,1027
1993121700,0.5,0,2.2,350,48.5,1026.2
1993121706,-2.1,0,4.8,343.3,41.5,1030.1
1993121712,1,0,3.5,11.2,18.5,1029.7
1993121718,-2.5,0,3.8,10,21.5,1031.3
1993121800,-3,0,1.9,62.6,32,1031.9
1993121806,-1.1,0,1.1,54.3,55,1032.1
1993121812,7.3,0,3.1,3.3,35.5,1029.8
1993121818,1.6,0,0.7,345.1,54.5,1029.9
1993121900,-1,0,0.9,328.5,76,1028.2
1993121906,-0.5,0,1.4,298.7,80.5,1027.4
1993121912,7.6,0,0.8,107.8,42,1024.4
1993121918,3.9,0,0.2,350.2,54,1024.8
1993122000,-0.4,0,0.2,340,80,1024.8
1993122006,0.4,0,0.2,348.6,87,1024.8
1993122012,10.7,0,2.1,291.6,38.5,1022
1993122018,5.4,0,0.4,340,35.5,1021.5
1993122100,4.8,0,2.9,325,58,1019.2
1993122106,0.9,0,3.7,357.3,47.5,1021.8
1993122112,1.8,0,4.3,346.6,30.5,1022.7
1993122118,-3.4,0,3.6,350,31.5,1025.1
1993122200,-5.8,0,1.9,15.6,38,1026.2
1993122206,-4.4,0,0.6,306.8,52,1024.5
1993122212,2.6,0,4.3,343.8,49,1020.4
1993122218,-0.3,0,2.5,11.3,43,1022.3
1993122300,-2.4,0,3.3,19.3,38,1024.6
1993122306,-1,0,2.6,42.2,37,1024.3
1993122312,6.2,0,2.1,16.5,22.5,1022.9
1993122318,1.3,0,1.9,29.6,41.5,1024.3
1993122400,1.3,0,3.2,0.9,56,1023.2
1993122406,2,0,1.1,207.4,61.5,1023.5
1993122412,9.6,0,2.2,10.9,39.5,1022.1
1993122418,4.6,0,0.6,338.9,52,1022.3
1993122500,0.1,0,0.7,321.5,74.5,1022.8
1993122506,0.3,0,0.2,335.9,86,1024.1
1993122512,11.5,0,1.5,219.8,37.5,1022.2
1993122518,5.8,0,0.5,330.5,41.5,1021.3
1993122600,3.2,0,0.6,305,77.5,1018.8
1993122606,9.2,0,2.7,281.6,72,1015.3
1993122612,11.9,0,5,305,28,1012.1
1993122618,5.8,0,4.3,325,34,1015.8
1993122700,4.3,0,3.2,350.2,53,1019.7
1993122706,3.8,0,1.9,346.3,55.5,1022.6
1993122712,8.3,0,4.4,353.4,28,1022.3
1993122718,3.7,0,3.2,340,29,1024.6
1993122800,0.6,0,2.4,7.2,46,1026.3
1993122806,1,0,1.7,19.3,55.5,1028.8
1993122812,7,0,2,70.5,24,1028.8
1993122818,1.6,0,0.9,339.7,42.5,1030
1993122900,-2.2,0,0.4,335.5,55,1031.1
1993122906,-1,0,0.2,353.6,63,1031.4
1993122912,10.2,0,1.6,132,42.5,1029.9
1993122918,4.5,0,0.6,348,65.5,1029.1
1993123000,0.6,0,0.2,353.6,87,1027.7
1993123006,1.5,0,0.3,340,92.5,1024.9
1993123012,12.9,0,2.2,273.4,51,1020.2
1993123018,11.8,0,1.7,288.9,57,1015.3
1993123100,8.5,0,2.5,35.7,70.5,1011.7
1993123106,5.3,0,3.4,7.7,72.5,1014.8
1993123112,5.7,0,3,29.6,60.5,1019.7
1993123118,2.2,0,2,28.5,69,1023.2
1994010100,-0.9,0,2,29.3,72.5,1024.2
1994010106,-2.2,0,1.4,349.5,67.5,1024.3
1994010112,5.9,0,1.2,149.6,30.5,1022.2
1994010118,3.3,0,1.2,17.3,31.5,1022
1994010200,0.1,0,1.1,28.1,49,1022.3
1994010206,0.5,0,0.5,319.9,68.5,1022.9
1994010212,9.9,0,2.5,201.3,34,1020.6
1994010218,5.3,0,1.3,314.2,46.5,1020.8
1994010300,2.2,0,0.6,308.1,71,1020.4
1994010306,2.8,0,0.2,358,79,1018.3
1994010312,11.1,0,1.9,18.3,45.5,1016.5
1994010318,5.6,0,0.6,331.9,53,1017.8
1994010400,3.2,0,1.9,356.2,58,1019.8
1994010406,3.1,0,1.9,329.1,32.5,1021.3
1994010412,8.1,0,3,353.4,15,1020.6
1994010418,2.9,0,2.6,35.4,18,1023.1
1994010500,0.5,0,1.3,66.6,29.5,1023.4
1994010506,1.5,0,1.5,40.1,37.5,1024.5
1994010512,7.7,0,1.5,116.7,28.5,1021.3
1994010518,5.4,0,0.6,351.9,36.5,1021.1
1994010600,3.9,0,0.3,346.9,40.5,1020.6
1994010606,2.8,0,0.4,350.3,56,1020.2
1994010612,11.8,0,3.4,310.4,37,1018.1
1994010618,6.4,0,2.7,0,37.5,1019.9
1994010700,0.8,0,3.1,3.3,38,1024
1994010706,-1.3,0,3.1,5,33.5,1027.9
1994010712,4.2,0,2.5,357.2,16.5,1026.6
1994010718,-0.9,0,0.9,350.2,20,1025.2
1994010800,-2.4,0,1,332.2,37,1023.7
1994010806,-1.9,0,1.4,295,53.5,1022.6
1994010812,7.7,0,1.6,168.1,32,1019.4
1994010818,2.3,0,0.3,341,39,1018.6
1994010900,-2,0,0.3,330.5,58.5,1019.3
1994010906,-0.8,0,0.6,295,71.5,1019.8
1994010912,11.5,0,1.5,163.9,45,1018.8
1994010918,5.3,0,0.6,347.1,65.5,1019.8
1994011000,0.6,0,0.3,350.2,80,1021.5
1994011006,1.4,0,0.2,342,90,1021.4
1994011012,11,0,1.5,74.6,53.5,1020
1994011018,6.2,0,0.8,341.2,71.5,1020.5
1994011100,3.2,0,0.8,328.3,93,1021.5
1994011106,3.8,0,0.9,341.6,92.5,1021.7
1994011112,9.6,0,2.7,46.8,51,1020.8
1994011118,4.5,0,1.3,357.7,76.5,1022.3
1994011200,2,0,0.8,317.4,89,1023.8
1994011206,3,0,1.1,322,88.5,1023.2
1994011212,8.9,0,1.3,66.6,45,1021.6
1994011218,5.3,0,0.5,313.9,64,1020.6
1994011300,2.9,0,1.3,32.9,63,1020.8
1994011306,2.4,0,1.8,7.9,57,1020.3
1994011312,6.7,0,2.5,13.4,53,1018.2
1994011318,2.7,0,1.1,7.9,64,1018.2
1994011400,-0.5,0,1.5,31.8,66,1018.7
1994011406,-1,0,1.7,40.4,63,1020
1994011412,6,0,2.5,14.7,21.5,1019.7
1994011418,2.3,0,1.7,0,41,1021.8
1994011500,-0.9,0,0.9,311.9,51.5,1023.2
1994011506,0,0,1,245.9,39,1024.7
1994011512,8.6,0,1.4,178.9,37,1023.7
1994011518,3.9,0,0.6,343.4,73,1024.2
1994011600,-0.4,0,0.2,3.8,88.5,1024.4
1994011606,-0.4,0,0.1,350,92.5,1023.8
1994011612,10.9,0,2.5,231,51.5,1020.9
1994011618,10,0.3,0.9,319.7,64,1019.2
1994011700,7.6,5.8,0.5,7.4,92.5,1015.5
1994011706,7.1,10.3,2.2,7.9,90,1012.8
1994011712,5.9,1.9,2.3,7.9,88.5,1013.3
1994011718,5.4,0,1.6,35,83.5,1016.5
1994011800,2.9,0,1.7,26.6,80.5,1017.6
1994011806,0.7,0,3.8,6.6,39,1018.4
1994011812,1.1,0,4.3,4.3,19.5,1020
1994011818,-3.1,0,4.3,356.7,19.5,1023.3
1994011900,-6.4,0,2,11.8,25.5,1025.9
1994011906,-6.4,0,2.8,39.8,25,1028.3
1994011912,-0.7,0,4.6,340,17,1026.8
1994011918,-3.1,0,1.7,354.3,24,1026.4
1994012000,-4.7,0,3.9,3.3,31,1025.4
1994012006,-3.2,0,3,0,37.5,1024
1994012012,1.8,0,4,0,18,1021
1994012018,-1.3,0,1.8,0.9,24,1019.8
1994012100,-4.6,0,3.7,353.4,25,1018.7
1994012106,-3.7,0,3.5,3.3,39,1018.2
1994012112,2.3,0,3.5,356.7,22.5,1015.7
1994012118,-1.5,0,1.9,8.1,22.5,1017.1
1994012200,-4,0,1.4,343.4,43,1017.7
1994012206,-2.7,0,0.9,318.6,63.5,1017.7
1994012212,3.7,0,3.4,297.7,29.5,1016.9
1994012218,0.9,0,2.5,336.6,47.5,1017.8
1994012300,-3.3,0,1,354.3,54,1020.1
1994012306,-1.8,0,2.7,326.1,62.5,1018.8
1994012312,-0.2,0.3,5.2,346.8,28,1020.7
1994012318,-5.2,0,1.9,6.8,21,1025.7
1994012400,-7.3,0,1.7,339.1,27.5,1027.2
1994012406,-6.2,0,1.2,355.4,39.5,1026.4
1994012412,3.9,0,1.9,116.2,16.5,1023.2
1994012418,-0.8,0,0.4,3.4,24.5,1021.8
1994012500,-3.4,0,0.6,293.2,52,1022
1994012506,-3.3,0,0.6,324.1,66.5,1020.6
1994012512,8.5,0,1.6,172.6,43.5,1019.4
1994012518,3.8,0,0.7,321.7,48.5,1020.1
1994012600,-1.1,0,0.5,333.1,80.5,1020.3
1994012606,2.5,0,0.9,311.6,79,1019.5
1994012612,9.6,0,2.1,48.7,37.5,1017.8
1994012618,4.4,0,2.3,0,49.5,1020.5
1994012700,-0.6,0,3.6,0,37,1024.2
1994012706,-2.2,0,1.8,7.9,41,1026.9
1994012712,4.1,0,2.6,61.4,16.5,1026.1
1994012718,0,0,0.8,32.5,20.5,1025.4
1994012800,-2.1,0,0.3,346.9,36,1023.5
1994012806,-0.1,0,0.7,240.2,39.5,1020.6
1994012812,3.5,0.4,2.6,7.9,56.5,1016.9
1994012818,1.4,0,2.6,353.4,27,1018.2
1994012900,-1.4,0,1.9,9.3,38.5,1020.7
1994012906,-0.8,0,3,4.4,50.5,1022
1994012912,4.7,0,3.5,13.9,27.5,1023.2
1994012918,-0.5,0,2.1,19.8,70.5,1026.3
1994013000,-3.5,0,0.6,1.3,85.5,1029.2
1994013006,-2.8,0,0.8,305,79,1030.3
1994013012,5.1,0,1.6,119.1,44,1029.1
1994013018,2.8,0,0.5,1.7,59,1029.1
1994013100,0.8,0,0.5,335.5,73,1028.4
1994013106,2.2,0,0.5,350.6,75.5,1026.9
1994013112,8.6,0,0.7,353.6,60.5,1024.1
1994013118,6.2,4.7,0.3,0,89.5,1021.8
1994020100,4.3,8.3,1.3,26.1,93,1017.2
1994020106,2.9,7.2,1.4,61.5,91.5,1015.9
1994020112,6.8,0,4.5,350,46,1015.7
1994020118,3.4,0,3.1,2.8,41,1017.5
1994020200,-0.8,0,2.6,22.6,46,1020.5
1994020206,-1.9,0,3.4,342.7,42,1021.9
1994020212,3.8,0,4.3,350,21.5,1019.2
1994020218,0.2,0,1.2,0,23,1019.5
1994020300,-0.5,0,0.8,327.4,43,1019.8
1994020306,0.6,0,2.2,350,42,1021.2
1994020312,6,0,3.5,340,20,1021.2
1994020318,1.8,0,0.8,320.2,26.5,1021.6
1994020400,-0.6,0,0.7,346.8,43.5,1021.6
1994020406,0.7,0,1.4,46.8,35.5,1021.5
1994020412,5.1,0,0.5,34.2,26,1019.8
1994020418,3.7,0,1.1,341,18.5,1018.7
1994020500,0.4,0,2,47.4,37,1018.8
1994020506,1.1,0,1.8,47.2,46.5,1019.9
1994020512,9.4,0,2.3,29.9,30.5,1018.2
1994020518,5.4,0,1.6,7.9,39.5,1018.7
1994020600,2.2,0,1.8,31.6,54.5,1019.1
1994020606,2.7,0,1.5,52.7,66,1019.3
1994020612,9.5,0,1.5,149.5,38,1016.9
1994020618,5.2,0,0.5,355,54.5,1015.5
1994020700,2.8,0,1.5,0.9,63.5,1014.5
1994020706,4.5,0,3.7,358,52.5,1014.3
1994020712,11.9,0,3.7,356.6,19,1013.8
1994020718,6.9,0,1.2,357.6,22.5,1013.8
1994020800,1.4,0,0.8,318.1,44.5,1012.6
1994020806,0.9,0,0.3,350.2,61.5,1009
1994020812,9.7,0,2,310.1,30,1004.4
1994020818,7,0,1.5,268,41,1001.2
1994020900,4.5,0,3.3,296.6,66.5,999.8
1994020906,2.5,0,5.8,316.8,51,1001.2
1994020912,1.9,0,5.1,0,42,1004.5
1994020918,-2.4,0,3.8,353.4,47,1010.8
1994021000,-5.5,0,3.7,353.2,43,1016.2
1994021006,-5,0,3.8,353.2,43,1020.8
1994021012,3.7,0,2.3,219.2,21.5,1022
1994021018,0.2,0,0.6,7.9,41,1022.3
1994021100,-1.7,0,0.7,355.4,41,1023.1
1994021106,-0.5,0,0.8,329.6,38,1022.4
1994021112,2.3,0.7,1.4,5.8,64,1020.2
1994021118,1.9,14.4,2.6,70,93.5,1015.9
1994021200,1.5,14.5,3,38.2,92,1012.7
1994021206,1.6,3.5,3.1,13.4,89.5,1014.6
1994021212,4.9,0,2.8,12.8,59,1016.8
1994021218,1.8,0,2,6.8,61,1019
1994021300,-1.4,0,1.8,342.9,86,1022.3
1994021306,-0.3,0,1.7,20,42,1023.5
1994021312,8.1,0,2.5,36.6,19.5,1022.2
1994021318,3.7,0,1.6,4.3,25,1022.1
1994021400,-0.3,0,1.5,15,41,1023.5
1994021406,0.9,0,1.9,43.7,36.5,1023.1
1994021412,9.5,0,1.7,190,22.5,1022.3
1994021418,5.2,0,1.1,297,46.5,1021
1994021500,3.3,0,0.3,321.2,65,1018.5
1994021506,5.1,0,1,39.6,57,1016.1
1994021512,10.4,0,3.1,20.9,40,1014.3
1994021518,6.5,0,1.5,356.6,75,1016
1994021600,3.6,0,0.8,318.4,85,1017.2
1994021606,3.9,0,1.6,18.2,51.5,1018.5
1994021612,11.3,0,3,11.2,21,1018.3
1994021618,6.5,0,1.2,7.3,29.5,1020.1
1994021700,2.2,0,0.9,357,79,1023
1994021706,2.2,0,0.4,319.8,82.5,1024.9
1994021712,10.2,0,2.9,110,39,1024.3
1994021718,5.7,0,1.1,18.6,57.5,1024.9
1994021800,1,0,0.4,333.1,83.5,1025.1
1994021806,2.2,0,0.3,291.3,91.5,1024.2
1994021812,12.9,0,2.4,180,33,1021.2
1994021818,7.5,0,1,272,53,1021
1994021900,2,0,0.3,338.1,78.5,1021.2
1994021906,3.5,0,0.3,298.4,77,1021
1994021912,13.3,0,1.8,163.4,33.5,1018.8
1994021918,8.9,0,1,310.2,56.5,1018.1
1994022000,3.3,0,0.4,336.6,84,1017
1994022006,3.8,0,0.3,328.3,89.5,1014.6
1994022012,10.4,0,0.6,111.9,62,1009
1994022018,8.2,0.8,1.4,346.6,86.5,1004.7
1994022100,6.2,0,3.1,0,59,1002.2
1994022106,4.8,0,5.3,350,40,1003.2
1994022112,7.7,0,5.6,340,15.5,1004.2
1994022118,3.1,0,3.6,340,13,1008.2
1994022200,-0.3,0,3.1,0,17.5,1012.3
1994022206,0.3,0,2.2,0,30,1014.2
1994022212,9.2,0,2.3,355.8,13,1012.5
1994022218,5.2,0,0.9,28.4,22,1013.8
1994022300,2.9,0,1.5,18.3,36.5,1015.8
1994022306,3.5,0,2.4,45.4,51.5,1019.3
1994022312,7,0,4,100.2,36.5,1019.8
1994022318,2.3,0,2.6,50.7,53,1021.8
1994022400,-0.7,0,1.2,10,68.5,1023.4
1994022406,1.6,0,2.6,23.2,54.5,1024.9
1994022412,5.8,0,4.3,83.4,36.5,1024.6
1994022418,1.6,0,2.9,28.7,42,1025.8
1994022500,-0.4,0,2.3,356.6,54.5,1027
1994022506,1.7,0,2.6,16.2,58,1027.4
1994022512,4.5,0,3.5,65.7,46,1026.9
1994022518,1.4,0,1.9,22.6,52,1027.7
1994022600,-1.1,0,2,340,72.5,1028.5
1994022606,0.5,0,1.7,25.8,74,1029
1994022612,6,0,3.7,69.1,39.5,1028.2
1994022618,1.6,0,2.2,12.2,60,1028.9
1994022700,-0.8,0,1.6,359.7,78,1030.3
1994022706,1.3,0,1.3,17.6,79.5,1030.1
1994022712,8.1,0,2.3,125,41,1028.5
1994022718,4.8,0,1.2,349.2,57.5,1027.8
1994022800,1.9,0,0.4,331.9,75.5,1026.6
1994022806,3.2,0,0.8,329.6,81.5,1025.2
1994022812,12.9,0,1.8,346.8,28,1021.5
1994022818,6.5,0,2.9,0,27.5,1021.4
1994030100,0.6,0,3.2,1.3,31.5,1023.5
1994030106,-0.3,0,2.9,19.7,38.5,1025.8
1994030112,7.4,0,2.3,47.2,18.5,1024.3
1994030118,3.3,0,1.6,24.6,36,1023.9
1994030200,0.1,0,4,0,31,1025.1
1994030206,1.8,0,3,346.6,49.5,1025.9
1994030212,9.3,0,2.6,26.7,23,1023.7
1994030218,4.4,0,1,274.3,39,1023.1
1994030300,-0.3,0,0.3,336.3,63,1023.2
1994030306,1.3,0,0.3,350.4,68.5,1022.7
1994030312,10.3,0,1.4,156.8,26,1020.1
1994030318,6.6,0,1.3,1.9,26.5,1019.1
1994030400,1.6,0,1,308.9,58.5,1019.8
1994030406,3.5,0,0.6,29.5,74,1020.5
1994030412,10.5,0,2.8,155.7,44.5,1018.7
1994030418,7.4,0,0.9,21.3,66.5,1018
1994030500,5.2,1.6,1.1,42.4,89.5,1016.5
1994030506,6.1,0,2.1,29.6,86,1018.4
1994030512,10.6,0,3,86.9,49.5,1020.5
1994030518,6.9,0,0.7,24.1,64,1023.6
1994030600,2.8,0,0.8,355.9,88.5,1026.2
1994030606,4.6,0,0.8,170,90.5,1027.8
1994030612,11,0,3.1,152.6,56.5,1025.4
1994030618,9.3,0,2.2,184.1,58,1024
1994030700,6.2,0,0.7,318.4,75,1022.9
1994030706,7.1,0.2,0.7,332.6,84.5,1020.3
1994030712,10.5,13.9,2.2,98.4,94,1016.7
1994030718,11.1,7.8,2.7,135.1,93,1014.8
1994030800,10.9,0.1,1.1,38.1,92,1012.7
1994030806,10.7,0,0.6,30.4,90,1012.3
1994030812,15.1,0,1.9,55.3,71.5,1012.2
1994030818,10.9,0,1.3,340.5,56.5,1015.1
1994030900,5.8,0,2,19.3,51,1017
1994030906,3.8,0,2.2,37.1,32,1019
1994030912,5.2,0,2,13.6,31,1018.4
1994030918,3.9,0,2.7,343,21.5,1018
1994031000,-0.6,0,3.9,353.4,28,1018.8
1994031006,-0.4,0,4.2,353.2,31,1021.6
1994031012,5.5,0,4.4,330,17,1021.8
1994031018,1.9,0,1.9,340,17,1021.7
1994031100,-0.8,0,1.8,346.8,33,1023.4
1994031106,1.9,0,2.7,353.2,42,1023.9
1994031112,9.7,0,2.5,188.1,26,1021.9
1994031118,7.4,0,1.8,306.1,33.5,1020.6
1994031200,5,0,1.1,356.9,47,1019.9
1994031206,2.3,4,1.1,26.2,88,1019.2
1994031212,7.9,2,2.5,17.3,67,1017.8
1994031218,4.9,0,1.8,32,64.5,1017.8
1994031300,2.9,0,2.1,332.2,79.5,1019.6
1994031306,3.4,0,2,37.5,46.5,1020.2
1994031312,9.5,0,3.2,4.3,26,1017.9
1994031318,4.6,0,2.8,22.6,19.5,1017.8
1994031400,-0.6,0,5,346.6,39,1019.7
1994031406,0.3,0,4.8,340,40,1022.1
1994031412,7,0,4,350.2,22.5,1021.3
1994031418,3.1,0,1.6,333.2,22.5,1021.3
1994031500,-1.4,0,0.9,329.8,45,1023.1
1994031506,1.3,0,2.2,325,54,1024.1
1994031512,9.4,0,2.9,317.6,24,1024
1994031518,5.1,0,1,355.2,44,1024.2
1994031600,0.2,0,0.6,320.5,62.5,1023.9
1994031606,2.8,0,1.3,350,53,1022.9
1994031612,10.6,0,3.6,350,21.5,1019.8
1994031618,7.4,0,1,350.2,24.5,1019
1994031700,3.6,0,0.6,357.9,48,1020.1
1994031706,4.8,0,1.1,51.8,60.5,1022
1994031712,11.4,0,3.1,177.3,33,1020.9
1994031718,7.5,0,1.7,255.9,42,1020.8
1994031800,1.8,0,0.7,313.3,62.5,1020.2
1994031806,4.2,0,0.7,295,61.5,1019.8
1994031812,14.9,0,3.7,212.8,29,1016.4
1994031818,9.8,0,1.3,280.1,48,1016.7
1994031900,5.4,0,1.3,15.8,44.5,1018.6
1994031906,7.4,0,2,72.3,34,1020.2
1994031912,15,0,3.4,131.3,20,1019.1
1994031918,8.5,0,2.6,73.1,47,1021
1994032000,4.8,0,2.2,20,75,1023.1
1994032006,5.8,0,2.8,54.2,69,1024.6
1994032012,9,0,4.7,93.4,43,1024.1
1994032018,5.8,0,3,47.6,53,1026.7
1994032100,4.7,0,2.3,29.9,58,1027.7
1994032106,6.1,0,1.8,42.7,59,1028.6
1994032112,8.8,0,3.8,110,45.5,1028.3
1994032118,6.6,0,2.2,100.3,55,1027.8
1994032200,4.4,0,0.6,0.2,69,1026.8
1994032206,5.6,0,0.2,10.8,76,1025
1994032212,10.9,0,1.6,271.4,63.5,1022.7
1994032218,9.9,0.2,1.9,246.6,84.5,1021.3
1994032300,7.6,1,1.2,325,92,1018.5
1994032306,7.2,0,2.7,340,75,1016.2
1994032312,11.2,0,5.2,353.2,18,1015.2
1994032318,6.6,0,1.7,2.8,22.5,1015.5
1994032400,3.4,0,1.1,22.2,40,1014.9
1994032406,4,0,0.6,340.5,44,1012.4
1994032412,6.9,0.2,5.7,313.4,42.5,1008.4
1994032418,2.6,0,3.9,343.4,33,1011.3
1994032500,0.1,0,3.7,329.8,36,1016.6
1994032506,1.9,0,4.3,308.2,35.5,1019.7
1994032512,7.9,0,4.2,340,19.5,1019.7
1994032518,3.6,0,2.2,350.2,31.5,1021.7
1994032600,0.1,0,2.5,359.5,54,1024.6
1994032606,2.5,0,3.4,356.6,48.5,1025.7
1994032612,8.2,0,4.6,336.6,29.5,1025.5
1994032618,4.4,0,1.7,343.2,36,1027.7
1994032700,1,0,0.6,340.3,57,1029.4
1994032706,4.5,0,1.8,324.1,48,1029.5
1994032712,14.6,0,3.8,306.5,12,1026.1
1994032718,10.8,0,2.4,290.2,23.5,1023.5
1994032800,6.1,0,1,340,31.5,1022.5
1994032806,6.8,0,0.7,312.9,36.5,1022.2
1994032812,14.4,0,3.5,265.8,18.5,1019.8
1994032818,11.1,0,2.3,324.2,37.5,1019
1994032900,6.3,0,0.7,32.4,66,1021.2
1994032906,7.5,0,2.3,30,70.5,1024
1994032912,10.3,0,4.3,100,52,1025.2
1994032918,7.5,0,1.8,23.5,55,1025.2
1994033000,5.6,0,0.2,340,72.5,1024.9
1994033006,8.3,0,0.9,282.3,71,1024.3
1994033012,16.6,0,3.2,195.5,34,1021
1994033018,12.3,0,1.7,313.6,45,1018.5
1994033100,9.5,0,3.2,8.1,49,1019.3
1994033106,11.2,0,1.2,275.4,37.5,1021.2
1994033112,17.5,0,3.3,130.9,23.5,1020.7
1994033118,11.8,0,0.8,331.7,42,1021
1994040100,6.5,0,0.4,346.9,69,1020.7
1994040106,8.3,0,0.3,323,72.5,1018.7
1994040112,12.4,0.4,1.1,220.6,62,1015
1994040118,9.6,0,0.9,295.7,78,1012.5
1994040200,9.9,0,3.6,354.6,68.5,1011.4
1994040206,14.6,0,5.4,3.3,37,1012.1
1994040212,23.5,0,4.8,305.5,16.5,1010.3
1994040218,18.6,0,2.1,325.3,22,1011.1
1994040300,13.1,0,2.5,42.3,53,1015.3
1994040306,11.9,0,2.1,67.8,72,1019.7
1994040312,18,0,3.1,169.8,42,1019.6
1994040318,12.8,0,1.9,160,63,1019.5
1994040400,9.2,0,0.4,353.4,85,1019.7
1994040406,12.6,0,0.9,263.3,73.5,1019.2
1994040412,22.3,0,3.2,188.7,30.5,1016.4
1994040418,15.2,0,1.2,48.5,65.5,1016.5
1994040500,11.6,0,0.2,356.7,73.5,1017
1994040506,14.5,0,0.5,0,70.5,1018
1994040512,24.9,0,3.2,173.4,26,1017
1994040518,17.7,0,0.9,43.5,47.5,1016.2
1994040600,13.4,0,0.2,353.6,67.5,1016.2
1994040606,14.4,0,0.7,0,76,1015.4
1994040612,21,0,2.9,180,56.5,1013.6
1994040618,16.5,1,1.5,188.7,78,1011.6
1994040700,14.8,5.9,0.3,30.6,91.5,1009.1
1994040706,16.5,0.7,0.7,29.7,91,1006.4
1994040712,16.9,0,3.7,60,50.5,1006.6
1994040718,9.4,0,3.3,48.4,64,1013.3
1994040800,8.4,0,2.7,50,60,1017
1994040806,9.4,0,4.7,76.8,47,1017.6
1994040812,9.6,0,4.3,73.3,42.5,1018
1994040818,7.5,0,2.7,55.3,49.5,1020.7
1994040900,6.1,0,2,38.2,53.5,1023.8
1994040906,7.4,0,3.3,70,46.5,1026.4
1994040912,11.1,0,4.4,114.9,32,1025.4
1994040918,7.6,0,1.6,70.9,41,1024.7
1994041000,3.8,0,0.9,347.4,64.5,1025.5
1994041006,6.8,0,0.9,18.1,72,1024.2
1994041012,13.6,0,2.1,130.1,41.5,1022.2
1994041018,10.4,0,0.9,70,52,1020.6
1994041100,8.8,0,0.7,335.5,69,1019.7
1994041106,12.1,0,1,245.7,60.5,1019.2
1994041112,18.1,0,3.4,186.8,52,1016.8
1994041118,13.8,7,1.6,196.3,90,1014.5
1994041200,14.1,28.5,2.2,171.6,94,1008.2
1994041206,16.6,14,3.5,216.2,92.5,998.2
1994041212,18.8,0,4.4,317.1,59.5,997.2
1994041218,13.9,0,3.1,350,51.5,1005.2
1994041300,9.7,0,3.5,353.2,40.5,1012.7
1994041306,10.5,0,1.6,263,36,1015.8
1994041312,17.7,0,5.2,301.8,15,1013.6
1994041318,13.2,0,3.8,331.3,15.5,1013.6
1994041400,7.9,0,1.6,353.4,22,1019
1994041406,11.9,0,1.9,298.4,25,1020.2
1994041412,20.8,0,5,298.5,13.5,1018
1994041418,15.9,0,2.7,260,21.5,1017.9
1994041500,9.9,0,0.2,353.6,47.5,1021.2
1994041506,12.6,0,0.8,211.4,49,1022.1
1994041512,21,0,4,146.1,30,1020
1994041518,17.1,0,1.6,314.4,23.5,1020.3
1994041600,10.2,0,0.3,3.8,42,1022.7
1994041606,13.1,0,0.6,340,51.5,1023.4
1994041612,22.5,0,3.4,217.4,25,1020
1994041618,17.2,0,2,293.8,31,1018.8
1994041700,12.7,0,0.8,312.4,43,1020.2
1994041706,15.3,0,1.2,348.7,48,1021.8
1994041712,23,0,2.8,159.1,24.5,1021
1994041718,16.7,0,1.4,100,32.5,1021.1
1994041800,12.5,0,0.8,340,79,1021
1994041806,12.8,0,0.9,350.5,79.5,1019.2
1994041812,16.2,4.5,2.3,93.4,62.5,1016.5
1994041818,13,1.1,1.2,37.1,88,1015.8
1994041900,11.5,0,0.7,4.2,86.5,1015.6
1994041906,13.6,0,0.8,323.6,85,1016.3
1994041912,21.2,0,3.3,100,39,1016.3
1994041918,16.9,0,2.3,54.2,40,1017
1994042000,13.6,0,1,28.4,74.5,1017.9
1994042006,14.1,0,1.6,26.6,77,1016.7
1994042012,15,0.7,1.5,59.8,74.5,1016.8
1994042018,13.9,0.1,1.6,61.3,81.5,1016.4
1994042100,12.6,0,2.2,63.4,86.5,1016.5
1994042106,13.6,0,3.8,76.6,82,1017.2
1994042112,16,0,3.3,73.3,51,1017.2
1994042118,12.6,1.2,1.3,16.5,68,1016.7
1994042200,11.2,10.3,0.9,333.2,93.5,1015.8
1994042206,11.9,2.2,0.3,335.9,93,1014.2
1994042212,13.9,3.8,0.8,67.2,93,1012.5
1994042218,13.9,1.8,1,35,92,1011.8
1994042300,12.9,0.3,0.2,346.9,92.5,1011.5
1994042306,12.6,0.1,0.7,36.5,91,1011.6
1994042312,16,0,1.4,206.6,80.5,1010.4
1994042318,14.9,0,0.9,38.4,84,1009.7
1994042400,12.8,0,1.2,350,87,1010.2
1994042406,14.6,0,2.3,83.1,72,1013.7
1994042412,20.6,0,2.8,149.8,34,1012.7
1994042418,14.8,0,1.1,227.4,37,1012.2
1994042500,11.2,0,0.9,343.4,74,1011.7
1994042506,15.4,0,0.7,264.1,66,1012.1
1994042512,22.5,0,2.3,170,18,1011
1994042518,16.6,0,0.6,336.9,27,1010.3
1994042600,11.6,0,0.5,350,59.5,1011
1994042606,17.2,0,1.6,6,59,1012.2
1994042612,21.8,0,4.4,103.4,26,1013.8
1994042618,14.7,0,1.4,56.4,62.5,1016
1994042700,9.6,0,0.6,333.2,86,1016.7
1994042706,12.7,0,0.4,287.4,79.5,1014.8
1994042712,21,0,2.5,151.3,35.5,1011.5
1994042718,16.5,0,1.2,70.7,73,1009
1994042800,12,0,0.6,351.9,69,1008.8
1994042806,16.2,0,1.4,215,61,1009.4
1994042812,21.6,0,3.4,176.6,34,1008.6
1994042818,16.4,0,1.4,247.5,58,1006.9
1994042900,11.9,0,0.8,309.6,67.5,1007.8
1994042906,15.7,0,1.8,313.4,63.5,1008
1994042912,23.4,0,3.5,44.6,31,1006.6
1994042918,15.2,0,2,55.3,61,1009.1
1994043000,11.1,0,1.1,326.4,81.5,1011.5
1994043006,14.3,0,1.3,53.7,79,1012.8
1994043012,20.2,0,2.7,166.6,56,1011.8
1994043018,17.8,0,1,176.7,77,1010.7
1994050100,16.3,0,0.6,82.4,89.5,1010.9
1994050106,16.8,0,0.8,76.9,87.5,1012.8
1994050112,21.6,0,3,119.9,67.5,1012.5
1994050118,16.1,0,1.1,125,81.5,1014.8
1994050200,14.7,0,1.2,100.3,90.5,1015.8
1994050206,15.2,0,0.8,66.3,92.5,1016.4
1994050212,17.3,0,2.5,110,78,1016.5
1994050218,15.9,0,1.5,161.6,84,1015.6
1994050300,15.4,0,0.7,70,90,1014.9
1994050306,15.5,0,1.2,86.6,90.5,1013.2
1994050312,15.7,5.5,1.9,83.2,89,1008.7
1994050318,15.5,10.3,1.2,246.4,92,1004
1994050400,16.9,1.9,1.6,184.9,92,1001.1
1994050406,16.6,0,2,353.6,79.5,1001
1994050412,18.8,0,4.1,256.8,31,1001.6
1994050418,15.3,0,3.2,259.8,45.5,1000.1
1994050500,11.7,0,1.9,263.9,46,999.1
1994050506,13.8,0,4,288.2,51,997.4
1994050512,15.4,0,2.7,295.3,48.5,998
1994050518,13.4,0,2.2,333.2,47,1000.3
1994050600,9.1,0,1.4,319.2,65.5,1004.3
1994050606,15,0,2.3,294.9,58.5,1005.4
1994050612,23.8,0,4.5,281.7,23,1004.2
1994050618,18.8,0,3.1,284.7,34,1005.2
1994050700,13.9,0,1.7,310.9,54.5,1007.6
1994050706,18.9,0,2.2,272.2,44,1007.9
1994050712,26.8,0,4.8,256.6,19.5,1005.9
1994050718,21.9,0,2.7,298.1,30,1005.9
1994050800,17.5,0,1.1,276,48.5,1007.2
1994050806,20.8,0,1.4,7.9,46.5,1009.6
1994050812,24.3,0,3.7,107.2,28,1011.3
1994050818,15.8,0,1.5,35,38.5,1013.9
1994050900,9.1,0,0.9,320,69.5,1015
1994050906,14.6,0,0.5,319.8,65.5,1015.5
1994050912,27.1,0,3.6,193.9,28.5,1013.5
1994050918,21.5,0,1.5,238.3,35.5,1011.8
1994051000,14.8,0,0.6,58.5,73,1011.3
1994051006,17.9,0,2.7,200.5,73.5,1011.4
1994051012,22.2,0,3.8,246.6,62.5,1010.2
1994051018,20.3,1.9,1.7,232.3,72,1008
1994051100,16.7,4.3,1.9,84.9,88,1006.4
1994051106,14.8,7.7,3.4,103.4,90,1005.1
1994051112,15.4,2.8,2.7,69.6,91.5,1002.7
1994051118,15.2,0,2.8,31.8,86.5,1003.9
1994051200,14.3,0,1.6,10,86,1006.8
1994051206,16.9,0,1.1,114.5,80,1011.2
1994051212,21.8,0,2.6,166.5,56,1012.7
1994051218,16.9,0,1.8,184.5,79,1013.2
1994051300,13.6,0,0.8,326.4,91.5,1013.3
1994051306,16.3,0,1.2,159.7,87,1013
1994051312,19.5,0,1.9,119.1,72.5,1012
1994051318,18.7,0,1,53.1,79.5,1011.3
1994051400,16.7,0,1,122.4,82.5,1011.4
1994051406,18,0,0.6,290.6,80.5,1010.5
1994051412,19.6,13,2.9,150,83,1007.6
1994051418,17.6,23.4,2.7,177.2,94,1002.8
1994051500,17.5,12.1,3,189.5,94,996.3
1994051506,16.6,0,3.5,230.7,87.5,991.3
1994051512,18.3,0,3.1,276.6,67,991
1994051518,17.3,0,2.4,335.6,63,994.6
1994051600,15.5,0,2,4.3,69,1000.8
1994051606,19,0,1,303.4,72.5,1002.4
1994051612,28.4,0,2.8,270,42,1001.2
1994051618,22.9,0,2.3,66.6,54.5,1003.2
1994051700,15.7,0,1.7,55.1,68,1008.7
1994051706,15.6,0,1.1,55.3,73.5,1011.7
1994051712,16.7,0,1.8,151.3,65.5,1009.6
1994051718,14.5,0,0.4,1.6,81.5,1009.7
1994051800,9.7,0,0.6,342.1,88.5,1011.2
1994051806,15.7,0,2.3,288.9,55.5,1010.5
1994051812,25.4,0,5.9,276.6,18.5,1006.2
1994051818,15.9,0,2.8,62.6,33.5,1010.4
1994051900,9,0,0.9,321.8,63,1016.3
1994051906,13.2,0,0.9,276.1,60.5,1018.8
1994051912,20.9,0,3.5,183.4,27,1018
1994051918,15.9,0,1.2,100.7,46.5,1018.8
1994052000,9.9,0,0.4,346.9,81,1021.7
1994052006,14.9,0,1.2,267.4,71.5,1023.2
1994052012,22.7,0,3.8,169.8,30.5,1022.3
1994052018,17.6,0,1,244,46,1020.7
1994052100,12.4,0,0.7,313.3,63,1019.6
1994052106,15.8,0,2.2,236.1,60.5,1018.1
1994052112,20,0,2.9,250,72.5,1017.2
1994052118,18.5,0.1,1.9,235.3,85.5,1015.5
1994052200,14.7,0,0.3,342.8,91.5,1016.1
1994052206,18.1,0,0.7,315,82,1016.4
1994052212,25.5,0,3.1,143.3,47.5,1014.4
1994052218,20,0,1.4,48.7,67,1013.8
1994052300,15.8,0,0.2,353.6,83,1015.2
1994052306,19.1,0,0.6,328.2,74.5,1016.3
1994052312,27,0,3.2,156.8,36.5,1014.3
1994052318,21.9,0,1.1,79.7,53.5,1014.3
1994052400,17.1,0,0,0,83.5,1016
1994052406,20.7,0,1.4,80,75.5,1015.8
1994052412,26.8,0,3.6,160,50.5,1014.4
1994052418,22,0,2,166.5,65.5,1013.4
1994052500,19.8,0,0.7,130.3,84,1012.4
1994052506,20.1,0,2.3,223.4,83,1010.6
1994052512,20,11.3,1.6,187.3,82.5,1010.2
1994052518,18.7,50.2,1.9,170.2,93.5,1009.7
1994052600,18.1,31.5,2.8,173.5,91.5,1008.3
1994052606,18.2,10.6,2.8,186.6,90,1006
1994052612,20,0.3,1.7,223.4,89,1003.7
1994052618,19.6,0,0.4,70.7,88,1002
1994052700,17.6,0,1.5,359,65,1002.5
1994052706,19.2,0,3,343,28,1003.9
1994052712,24.4,0,2.3,353.9,21,1004.3
1994052718,20,0,1.8,6.3,24,1005.3
1994052800,12,0,0.7,340,42,1009
1994052806,16.6,0,1.2,284.6,54,1010.2
1994052812,25.2,0,3.9,260,17.5,1007.8
1994052818,20.7,0,2.1,233.5,31,1007.2
1994052900,16,0,0.9,141.8,60,1007.5
1994052906,19.9,0,1.8,262,54,1008.3
1994052912,28,0,2.7,272.1,30.5,1005.6
1994052918,23.3,0,1.4,284.2,58.5,1005.2
1994053000,19.6,0,1,350.2,80,1006
1994053006,21.2,0,2.2,8.2,64,1008.1
1994053012,24.9,0,3,190,34,1007.8
1994053018,19.4,0,1,280,60,1009.1
1994053100,14,0,0.5,332.2,88.5,1010.3
1994053106,18.1,0,1.2,15.7,68.5,1011
1994053112,27.6,0,3.1,343.4,23,1008.9
1994053118,21.5,0,0.7,46.7,39.5,1008.1
1994060100,16.9,0,0.4,340.3,64,1008.6
1994060106,21.1,0,1.3,10,56,1009.2
1994060112,25.5,0,3.1,91,30.5,1008.2
1994060118,19.2,0,1.1,22.4,45,1008.9
1994060200,13.9,0,0.6,343.4,72.5,1009.2
1994060206,18.5,0,0.5,290.6,71,1009.8
1994060212,27.4,0,3.2,200.1,34.5,1008.1
1994060218,23,0,1.2,290.1,40.5,1007.8
1994060300,17.2,0,0.3,346.9,71,1009.8
1994060306,21.6,0,0.9,41.3,65.5,1010.7
1994060312,27.9,0,2.2,117.4,35,1009.9
1994060318,21.4,0,1.3,54.5,64.5,1010.8
1994060400,18.4,0,0.1,0,72,1012.5
1994060406,21.9,0,1,274.4,63,1013.3
1994060412,27.6,0,3,109.3,48,1011.8
1994060418,22.5,0,1.2,54.5,60.5,1013
1994060500,18.7,0,0.9,47.4,77,1015
1994060506,18.1,0,2.8,70,77,1016.7
1994060512,20.4,0,3.4,66.7,65,1017.2
1994060518,16.8,0,1.5,32.3,74,1016.8
1994060600,15.9,0,1.8,22.6,83,1017.5
1994060606,18.6,0,2.2,59.8,78,1017
1994060612,20.7,0,2.9,86.7,63,1015.6
1994060618,17.8,0,1.6,45,80.5,1014.9
1994060700,16.3,0,0.9,11.2,87,1015.1
1994060706,18.3,0,0.7,9.8,83.5,1014.9
1994060712,23.6,0,1.5,143.5,63,1013.4
1994060718,19.1,0,1.4,205.6,77,1012.8
1994060800,16.5,0,0.6,340,92,1012.2
1994060806,18.6,0,0.7,318.4,88,1010.8
1994060812,24.2,0,1.3,210,62.5,1008.5
1994060818,21.5,0,1.5,305,62.5,1007.1
1994060900,18.9,0,0.4,329.6,81.5,1005.5
1994060906,21.4,0,0.8,350,71.5,1004.5
1994060912,27.5,0,2.1,125,35,1003.2
1994060918,22.2,0,0.5,20.6,52.5,1003.9
1994061000,17.8,0,0.2,353.4,78,1006.3
1994061006,19.8,0,0.3,340.5,79,1008.2
1994061012,23.9,0,1.9,177,61.5,1008.3
1994061018,19.6,0,1.5,182.1,80.5,1008.8
1994061100,16.9,0,0.2,353.6,92,1009.8
1994061106,19.7,0,1,262.6,86,1010.6
1994061112,27.6,0,3,163.1,49,1008.2
1994061118,22.6,0,1.6,118,54,1006.8
1994061200,17.5,0,0.7,325.7,85,1007.5
1994061206,20.6,0,0.4,335.6,74,1007.2
1994061212,27.9,0,2.4,175,41,1006.5
1994061218,22.8,0,1.2,86.2,52.5,1006.3
1994061300,20.1,0,0.8,70.7,76.5,1006.5
1994061306,21.9,0,1.5,52.7,75,1006.6
1994061312,24.6,0,3,63.4,55.5,1005.6
1994061318,19.4,0,1.6,19.7,72,1005.8
1994061400,15.2,0,0.3,3.3,76,1006.5
1994061406,20.4,0,2.5,47.9,55.5,1007
1994061412,26.4,0,3.4,73.4,29,1006.8
1994061418,21.1,0,1.3,10.3,35.5,1007.7
1994061500,15.2,0,0.3,340,68,1009.1
1994061506,20,0,0.8,55,67,1009.7
1994061512,27.9,0,3.2,127.1,31,1008.7
1994061518,21.9,0,0.9,10,51.5,1008.8
1994061600,15.7,0,0.4,343.4,84.5,1009.6
1994061606,20.1,0,0.8,199.4,78.5,1009.4
1994061612,27.4,0,2.4,183.4,49,1007.9
1994061618,21.3,0,1.3,207.9,73,1008.1
1994061700,17.3,0,0.5,329.6,92.5,1008.5
1994061706,20.2,0,1.4,213.3,83,1008.2
1994061712,25.7,0,1.8,184.5,54.5,1008.5
1994061718,21.9,0,1.5,35,67,1008.2
1994061800,19.9,0,1.4,35,84,1007.7
1994061806,19.6,8.1,3.4,60,88,1007.3
1994061812,19.6,2.2,5.1,70,79.5,1006.9
1994061818,18.6,16.4,6.4,80,89,1005.5
1994061900,17.8,18.1,5.3,60,91,1004.5
1994061906,16.6,11,4.6,50,90,1005.8
1994061912,15.9,3.9,4.2,45.1,86.5,1007.8
1994061918,15.7,0,3.8,50,82,1009.8
1994062000,15.2,0,3.3,35,72,1011.8
1994062006,16.3,0,2.7,45.1,70.5,1013.8
1994062012,20.6,0,3.9,76.5,49.5,1013.4
1994062018,17.2,0,1.9,38.6,60.5,1014
1994062100,13.4,0,0.2,353.6,83,1015
1994062106,17.4,0,0.4,145.5,78.5,1014.7
1994062112,24.7,0,3.1,156.6,51,1012.3
1994062118,21.2,0,1,284.1,64,1011.7
1994062200,17.5,0,0.4,350.2,83,1011.7
1994062206,20,0,0.9,310.9,82,1011.2
1994062212,23.6,0.1,2,255.8,65,1009.9
1994062218,16.5,6,1.1,323.1,73,1010.1
1994062300,15.7,2.6,0.2,10,95,1008.5
1994062306,17.2,0.1,0.4,0,95.5,1008
1994062312,23.2,0,1.7,111.5,79,1006
1994062318,21.1,0.2,1.7,66.7,80,1006.4
1994062400,17.4,0.5,0.2,18.9,90.5,1008.2
1994062406,20.3,0,1.1,288.2,87.5,1008.1
1994062412,26.2,0,2.7,149.9,54.5,1006.4
1994062418,21.9,0,1.2,70.7,81.5,1005.7
1994062500,20.1,0,0.3,346.9,90.5,1006
1994062506,23.1,0,0.4,268.3,82,1006.2
1994062512,27.1,0,2.1,100,63,1004.5
1994062518,25.1,0,1.8,228.6,70,1003.7
1994062600,24.8,0,3.5,247.2,83.5,1003.4
1994062606,26.7,0,2.8,246.6,78,1001.7
1994062612,30.6,0,3.7,240,61,1001.3
1994062618,26.1,0,2.1,128,75.5,1002.7
1994062700,23.4,0.4,0.7,59.6,90,1005
1994062706,24.8,0,0.8,350.3,88,1006.7
1994062712,23.2,17,1.4,80,87,1009.6
1994062718,20.8,20.8,0.9,47.4,88,1009.8
1994062800,19.7,0.6,0.6,31.8,92,1011
1994062806,21,0,1.2,44.5,89.5,1013.3
1994062812,24.4,0,2.5,110,72.5,1013.2
1994062818,21,0,1.3,221.8,78,1012.3
1994062900,19.4,0,0.9,220.3,88,1012.2
1994062906,21.7,0,1,73.4,88.5,1011.4
1994062912,26.1,0,2.7,126.2,68.5,1008.9
1994062918,23.1,0,1.4,86.6,79.5,1007
1994063000,21.9,2.8,0.2,10,88,1006.4
1994063006,23,9.2,1.7,238.7,92,1005.2
1994063012,24.2,2.1,3,220.1,91.5,1003.7
1994063018,24.3,0,2.9,230,91,1003
1994070100,24.9,0,2.9,246.6,87,1003.8
1994070106,26.2,0,3.7,235.3,82,1003.9
1994070112,29.3,0,4.4,243.4,67,1004.2
1994070118,26.7,0,3,228.4,79.5,1005.8
1994070200,26,0,3,260,84,1007.4
1994070206,28,0,2.7,232,76.5,1009
1994070212,31.3,0,3.4,256.8,63,1009
1994070218,27.1,0,2.1,153,75,1009.1
1994070300,23.4,0,0.2,24.1,88.5,1011.2
1994070306,25.8,0,0.8,317.1,87.5,1012.2
1994070312,30.7,0,1.2,60.6,69,1011.8
1994070318,26.9,0,0.7,27.9,74.5,1011.3
1994070400,24,0,0.7,346.4,88.5,1011.2
1994070406,28.3,0,3.1,277.9,68.5,1010
1994070412,33.3,0,3.6,270,48.5,1008.7
1994070418,29.1,0,3.4,250,65.5,1007.8
1994070500,26.8,0,2.8,270,74,1008.3
1994070506,29.1,0,2.7,266.9,69,1009.2
1994070512,33.4,0,2.7,260,51.5,1008.6
1994070518,29.7,0,2.5,270,65,1006.5
1994070600,25.9,0,0.4,2,85.5,1008.6
1994070606,28.4,0,0.8,282.2,80,1009.9
1994070612,32.1,0,2.6,109.3,51,1009.1
1994070618,28.9,0,1.1,106.9,68,1008.5
1994070700,26.4,0,0.6,328.5,83.5,1010.2
1994070706,28.7,0,0.8,334.9,79,1010.8
1994070712,31.6,0,2.1,114.3,54.5,1009.5
1994070718,29,0,0.5,18.4,66,1008.9
1994070800,26.2,0,0.9,353.2,83.5,1009.2
1994070806,28.4,0,1.3,340,81,1009.7
1994070812,32.4,0,2.4,123.5,54.5,1008.2
1994070818,28.8,0,0.8,11.8,67,1007.4
1994070900,26.1,0,0.1,11.4,82,1008.4
1994070906,27.6,0,0.8,131.6,82,1008.8
1994070912,30.1,0,3.3,116.2,66.5,1007.2
1994070918,27.1,0,1.3,75.4,73,1006.9
1994071000,25,0,0.3,350,85,1006.8
1994071006,28.7,0,1.1,136.3,81.5,1007.1
1994071012,33.4,0,2.3,116.6,51.5,1006.2
1994071018,30.3,0,0.9,345.9,62.5,1006
1994071100,26.5,0,1.3,327.2,80.5,1007.7
1994071106,29,0,1,339.1,75.5,1008.4
1994071112,33.8,0,2.7,144.4,49,1008.4
1994071118,28.9,0,1.5,74.3,62.5,1009.2
1994071200,25,0,0.2,346.8,83.5,1010.2
1994071206,27.7,0,0.6,267.6,80.5,1010.5
1994071212,33.3,0,3.1,147.2,50,1009
1994071218,28.4,0,1.1,58.5,77,1008.2
1994071300,26.1,0,0.2,346.9,86.5,1009.4
1994071306,29.1,0,1.2,131.3,78,1009.7
1994071312,35.7,0,3.4,236.6,44.5,1007.8
1994071318,30.6,0,2.4,243.2,62.5,1007.5
1994071400,27.6,0,0.6,329.3,74,1008.4
1994071406,30.2,0,1.9,252.3,68,1008.6
1994071412,37.2,0,3,263.4,40,1007.2
1994071418,32.1,0,1.6,316.2,63.5,1007.2
1994071500,27.9,0,0.9,326.6,83,1009
1994071506,30.7,0,1.4,25.7,80.5,1010.3
1994071512,34,0,3.1,145.3,55,1009.5
1994071518,30,0,1.5,77.4,65.5,1008.8
1994071600,26.2,0,0.6,325,83,1009
1994071606,29.1,0,0.9,55,77.5,1009.6
1994071612,33.9,0,3.1,151.9,54,1008.7
1994071618,28,0,1.5,56.4,74.5,1008.9
1994071700,24.9,0,0.7,22.4,87,1009.7
1994071706,27.3,0,1.2,58.4,82.5,1010.7
1994071712,32.3,0,3.7,103.4,49.5,1010.3
1994071718,27.5,0,1.8,80,62,1009.5
1994071800,23.5,0,0.7,350.2,83,1011.3
1994071806,27.2,0,1.1,44.7,77.5,1011.5
1994071812,33.2,0,2.6,133.4,40.5,1009.8
1994071818,27.9,0,0.9,11.9,62.5,1009.2
1994071900,24,0,0.7,343.8,77.5,1009.5
1994071906,27.5,0,0.6,73.4,74.5,1009.4
1994071912,32.7,0,3,160,46,1008.1
1994071918,28.5,0,1,92.9,60,1007.2
1994072000,25.7,0,0.2,340,76.5,1007
1994072006,29.1,0,0.6,289.3,75,1007.5
1994072012,35.4,0,2.9,140,44.5,1006.1
1994072018,30.9,0,1.2,66.6,53,1005.6
1994072100,26.8,0,0.2,342.1,80,1006.2
1994072106,29.2,0,0.4,9.7,78,1006.3
1994072112,34.8,0,2.7,152.6,51,1005.5
1994072118,31,0,1.2,136.8,65.5,1005.3
1994072200,27.5,0,0.4,24.1,87,1006.6
1994072206,29.4,0,1.3,71.6,82,1006.5
1994072212,32.6,0,4.2,114.9,56,1005.4
1994072218,28.5,0,1.8,63.7,72,1004.7
1994072300,25.4,0,0.9,0,86,1005.2
1994072306,28.2,0,2.1,25,74.5,1004.9
1994072312,33.1,0,4.1,9.5,49,1004.2
1994072318,28.8,0,2,56.6,60,1003.7
1994072400,25.8,0,1.4,0,81.5,1004.4
1994072406,28.7,0,2.5,47.4,75,1004.1
1994072412,32.6,0,4,79.8,49,1002.6
1994072418,28.3,0,2,41.3,66.5,1002.6
1994072500,26.3,0,1.3,43.4,82.5,1003.3
1994072506,29,0,3.2,50.6,72.5,1003.3
1994072512,32,0,4.4,80,53,1002.3
1994072518,28.1,0,2.8,51.8,68.5,1002
1994072600,26.2,7.9,2.5,56.6,83.5,1001.8
1994072606,24.7,43.2,2.9,63.1,90.5,1001.8
1994072612,25,33.1,2.1,73.1,90,1001.7
1994072618,24.7,10.3,1.9,81.7,88.5,1002
1994072700,25.5,6.5,2.3,58.9,89.5,1001.9
1994072706,26.1,0.6,2.5,110.9,87.5,1002.8
1994072712,27.1,1.1,2.2,124.5,82.5,1002.5
1994072718,26.2,0.6,1.5,101.5,88,1002.2
1994072800,25.5,0,0.4,4.5,88.5,1002.2
1994072806,26.6,0,1.2,43.8,87,1002.3
1994072812,30.1,0,3,110,74.5,1002.1
1994072818,27.3,0,1.3,54.5,79,1001.7
1994072900,24.8,0,0.3,343.4,88,1003.2
1994072906,26.5,0,0.8,71.5,86,1003.6
1994072912,30.5,0,2.8,119.9,66.5,1003.3
1994072918,27.6,0,1.6,65.9,76.5,1003.8
1994073000,25.1,0,0.4,346.8,88,1004.6
1994073006,26.9,0,0.7,235.5,85,1006
1994073012,31.5,0,2.8,163.3,63.5,1005.4
1994073018,28.5,0,1.5,239.7,77,1006
1994073100,25.4,0,0.4,333.1,88,1007.2
1994073106,26,0,0.4,334.8,87.5,1008.5
1994073112,29.1,0,0.9,1.7,77.5,1008.6
1994073118,28.4,0,0.7,180,74.5,1007.8
1994080100,26,0,0.4,340,86.5,1008
1994080106,27.4,0.5,2.5,199.2,88,1007
1994080112,27.1,32.4,4.2,221.5,89.5,1005.5
1994080118,28,0,3.1,240,82,1005.1
1994080200,27.5,0,2.1,258,76.5,1007.8
1994080206,28.8,0,1,273.7,85,1010
1994080212,33.3,0,3.3,223.4,57.5,1009.3
1994080218,29.6,0,2.1,273.7,67.5,1009.5
1994080300,27,0,0.9,339.1,81.5,1010.5
1994080306,29.1,0,1.9,287.7,78.5,1010.8
1994080312,33.3,0,3.7,260,56,1009.8
1994080318,29.7,0,3,250,67.5,1009.4
1994080400,26.5,0,0.6,334.5,81.5,1009.8
1994080406,28.4,0,0.8,319.5,79,1011.4
1994080412,34.3,0,2.2,276,41,1010.2
1994080418,30.5,0,1.1,333.2,59,1010.2
1994080500,26.8,0,0.8,350,84.5,1011.7
1994080506,29.6,0,0.8,52.8,78.5,1012.8
1994080512,34,0,2.5,156.6,51,1012.7
1994080518,30.1,0,1.1,80.3,67.5,1012.5
1994080600,26.6,0,0.4,336.6,87,1013.3
1994080606,29.3,0,0.9,335.6,73.5,1013.9
1994080612,35.6,0,2.9,174.8,50,1012.4
1994080618,30.1,0,1.4,27.1,68.5,1012
1994080700,26.1,0,0.5,331.9,85,1013
1994080706,28.5,0,0.9,320.5,79,1013.2
1994080712,34.6,0,2.8,263.2,46.5,1011.7
1994080718,30.5,0,1.4,283.7,60.5,1010.4
1994080800,27.1,0,0.8,344.4,81.5,1012
1994080806,29.4,0,0.9,315.5,80.5,1011.9
1994080812,33.4,0,3,128.4,57,1010.5
1994080818,29,0,0.9,82.6,70,1009.5
1994080900,26,0,0.4,353.6,87.5,1010.2
1994080906,27.9,0,0.7,201.2,84,1009.7
1994080912,32.5,0,2.7,160,55.5,1008.8
1994080918,29,0,1.6,106.9,74.5,1007.8
1994081000,27,21.2,2.5,91,89,1006.6
1994081006,27.3,0,2.6,164.8,88.5,1006
1994081012,29.9,0,4.1,156.6,70.5,1004.5
1994081018,28.6,0,4.1,160,74,1002.3
1994081100,27.2,0,3.7,193.4,83.5,1002.8
1994081106,28.4,0,3.6,190,82,1002.5
1994081112,30.8,0,4,169.8,68.5,1002.5
1994081118,28.5,1.3,2.3,176.6,82,1003.5
1994081200,27.2,0,2,158.7,82.5,1005
1994081206,29,0,2.2,160,78.5,1006.1
1994081212,32,0,3.4,106.7,53.5,1006.2
1994081218,28.4,0,2.7,51.8,67.5,1006.2
1994081300,27.2,0,2.7,40.1,78.5,1005.5
1994081306,29.1,0,2.5,65.6,80,1005.6
1994081312,31.9,0,3.2,76.5,62,1004.8
1994081318,28.9,0,2.9,76.3,79.5,1004.4
1994081400,27.8,0,1.9,128.2,78.5,1005.2
1994081406,29.3,0,2.9,173.2,77.5,1005.3
1994081412,31.8,0,3,193.1,62,1004.8
1994081418,29.3,0,2,184.4,71.5,1005.8
1994081500,27.2,0,1.6,218.2,88.5,1007.6
1994081506,27.8,0,1.8,225.1,85,1008.4
1994081512,32.1,0,2.4,215,65,1008.8
1994081518,28.5,0,1.1,107.2,77.5,1009.7
1994081600,27,0.4,0.3,340.5,88.5,1010.6
1994081606,28,0,2.4,249,81,1011.7
1994081612,32,0,3.2,242.5,51.5,1011.9
1994081618,28.4,0,2.1,266,57.5,1012.7
1994081700,25.5,0,0.4,353.7,79,1013.6
1994081706,27.6,0,1.9,285.3,73.5,1014.5
1994081712,33,0,3.2,263.4,42.5,1012.2
1994081718,28.2,0,1.6,278.7,52.5,1011.7
1994081800,23.2,0,0.2,350.2,85.5,1012.5
1994081806,25.7,0,0.4,304.7,79.5,1012.1
1994081812,30.8,1.6,1.1,57.3,51.5,1011.1
1994081818,26.2,0,1.2,356.6,80,1012.1
1994081900,24.2,0,0.8,357,87.5,1012.8
1994081906,25.4,0,2,23.3,85,1013.9
1994081912,28.8,0,2.8,54.2,60.5,1014.3
1994081918,25.3,0,2.4,51.8,67.5,1015
1994082000,22.8,0,1.6,3.4,83.5,1016
1994082006,25.6,0,3.1,41.5,75,1016
1994082012,29.1,0,3.7,63.4,45,1015.2
1994082018,24.3,2.5,3.2,45.7,70.5,1015.5
1994082100,22.6,0.4,2.7,45.1,90,1015.5
1994082106,24.6,0,3,56.6,74,1015.8
1994082112,27.4,0,3.6,52.1,48,1015.7
1994082118,23.2,0,2.2,24.9,60,1015.3
1994082200,20.7,0,1.3,346.5,81.5,1015.6
1994082206,23,0,1.4,26.6,80,1015.7
1994082212,28.9,0,3,65.6,52.5,1014.7
1994082218,24.2,0,2,19.3,66.5,1014.2
1994082300,21.6,0,1,356.6,84.5,1014.4
1994082306,24.2,0,1.5,10.5,81,1014.4
1994082312,29.2,0,3.2,114.9,51,1013.2
1994082318,24.9,0,1.1,42.2,69.5,1012.7
1994082400,21,0,0.1,342.8,89,1012.8
1994082406,24.1,0,0.4,344.3,83.5,1012.3
1994082412,30.5,0,2.8,160,51.5,1010.9
1994082418,26,0,1.5,218.7,64.5,1010.3
1994082500,22,0,0.4,346.9,85.5,1010.7
1994082506,24.2,0,1,324.9,82.5,1009.3
1994082512,32,0,3.3,243.2,47.5,1007.9
1994082518,28.5,0,2.2,232.7,64.5,1007.9
1994082600,26.7,0.8,1.2,248.7,83.5,1008.4
1994082606,27.8,0,1.5,267.5,83,1008.9
1994082612,32.4,0,2.5,261.5,48.5,1008.3
1994082618,28.6,0,1.1,1.3,75,1009.6
1994082700,25.2,0,0.5,316.3,85,1011.2
1994082706,27,0,0.5,321.6,79.5,1013.2
1994082712,32,0,3.1,146.6,49.5,1012.7
1994082718,27.2,0,1.1,341.6,63,1013.2
1994082800,23.4,0,0.4,340,86.5,1013.9
1994082806,24.6,0,0.5,325.7,87,1015
1994082812,29,0.1,2.3,242.1,73.5,1014.2
1994082818,26.3,0,1.5,251.9,76.5,1014.6
1994082900,23.8,0,0.2,3.3,88,1015.6
1994082906,26.7,0,1.1,310.5,83.5,1015.8
1994082912,33,0,3,244.9,50,1014.4
1994082918,28.9,0,1.3,264.9,66,1014.7
1994083000,25,0,0.2,7.7,85,1016.1
1994083006,27.3,0,0.6,286.2,81.5,1016.6
1994083012,33.5,0,2.8,156.7,47,1015.6
1994083018,29,0,0.7,52.3,65,1014.7
1994083100,25.5,0,0.3,340,82.5,1014.8
1994083106,28.2,0,1.1,12.5,75.5,1015.2
1994083112,34,0,2.3,160.6,40.5,1014.3
1994083118,29.3,0,1,290.1,61,1014.2
1994090100,26,0,0.5,337.1,80,1014.3
1994090106,28,0,0.5,19.8,76.5,1015
1994090112,33.9,0,2.7,173.2,42.5,1013.3
1994090118,28.6,0,1.1,127,66,1013.5
1994090200,25,0,0.3,333.1,86,1013.8
1994090206,27,0,0.4,308.3,82,1013.4
1994090212,33,0,2.8,42.3,43.5,1011.7
1994090218,24.7,2,0.6,16.2,88.5,1012.8
1994090300,23.2,0,0.6,327.7,92,1013
1994090306,25.5,0,1.1,7.9,83.5,1012.8
1994090312,31.1,0,2.9,118.5,41,1012.3
1994090318,26.1,0,1,80,69,1011.7
1994090400,22.1,0,0.3,346.9,88,1011.6
1994090406,24.4,0,0.4,300.2,86,1011
1994090412,32.4,0,3.1,181,47,1008.2
1994090418,27.9,0,1.9,276.8,61.5,1007.2
1994090500,25.5,0,0.9,280.5,80.5,1007.4
1994090506,28.5,0,2.4,284.3,74.5,1006.5
1994090512,31.9,0,4.4,266.7,52,1004.1
1994090518,26.4,14.2,1.4,323.4,76,1004.5
1994090600,23.6,11.6,0.6,13.6,92,1005.9
1994090606,21,1.4,0.7,5,86.5,1007.6
1994090612,26.1,0,1.5,44.2,52.5,1009.2
1994090618,22.7,0,1.1,25,65.5,1011.2
1994090700,19.2,0,0.3,342.8,85.5,1012.9
1994090706,22.6,0,0.4,18.4,83.5,1014
1994090712,29.2,0,2.7,139.2,47,1012.9
1994090718,24.9,0,0.9,229.8,69.5,1012.8
1994090800,21.6,0,0.6,316.3,86.5,1012.8
1994090806,24,0,1.4,353.6,73,1013.3
1994090812,30,0,2.2,182.1,37,1011.8
1994090818,24,0,0.8,51,56.5,1011.9
1994090900,19.5,0,0.1,341.1,79.5,1012.6
1994090906,21.7,0,0.3,23.9,79,1012.3
1994090912,28.6,0,2.6,150,48.5,1010.5
1994090918,24.5,0,0.8,256.4,65,1009.5
1994091000,20.3,0,0.1,353.6,87,1008.8
1994091006,22.7,0,0.5,332.1,83,1008.1
1994091012,29.5,0,3.1,230.7,45,1005
1994091018,26.2,0,1.6,299,68.5,1004.8
1994091100,22.4,0,2.9,346.6,66.5,1005.6
1994091106,22.7,0,2.5,326.4,49.5,1008
1994091112,28,0,3.3,340,25,1009.5
1994091118,22.2,0,2,0.8,36.5,1011.8
1994091200,19.5,0,1,62.9,49.5,1013
1994091206,20.3,0,1.5,18.5,58.5,1014.2
1994091212,25.4,0,2.6,34.1,39,1013.7
1994091218,20.6,0,1.2,19.3,54.5,1016
1994091300,15.8,0,0.5,325.7,81.5,1017.8
1994091306,19.1,0,1.2,338.3,74,1019
1994091312,25.1,0,4.1,80,39.5,1018.2
1994091318,20,0,2.5,28.5,63.5,1019.3
1994091400,18.1,0,1.7,340,75.5,1019.8
1994091406,20.4,0,3.5,11.7,73.5,1020
1994091412,24.9,0,4.2,56.6,43,1019.2
1994091418,20.2,0,2.8,3.4,60,1019.6
1994091500,18.9,0,2.6,350,73,1019.2
1994091506,21.3,0,3.6,14.7,65,1017.6
1994091512,24.9,0,4.5,35,40.5,1016.5
1994091518,20.1,0,3,13.4,57.5,1016.3
1994091600,18.2,0,2.2,356.6,73.5,1014.2
1994091606,21,0,3.5,356.6,66.5,1012.5
1994091612,22.4,0,3.4,20.2,56,1009.2
1994091618,18.8,6.3,2.1,353.9,75,1007.2
1994091700,17,12.2,1.8,336.7,91.5,1003.7
1994091706,17.1,12.4,1.5,322.7,90,1002.2
1994091712,19,4.7,0.5,325,91,1002
1994091718,18.7,0.1,0.6,336.9,91,1001.9
1994091800,17.4,0,0.9,282.8,91.5,1000.9
1994091806,19,0,0.4,333,89,1000.5
1994091812,25.9,0,1.9,215.9,46,999.8
1994091818,20.7,0,0.9,299,71.5,1000.3
1994091900,17.2,0,0.3,350.3,87.5,1001.4
1994091906,20,0,0.8,305.8,80,1003.3
1994091912,28.3,0,2.7,302.3,37.5,1003.4
1994091918,21.7,0,1.1,278.7,45.5,1005.8
1994092000,16.8,0,0.3,319.9,79,1008.8
1994092006,19.1,0,0.4,355,77.5,1011.1
1994092012,28.7,0,3.2,229.8,30,1009.1
1994092018,23.4,0,1.3,256.9,49.5,1008.7
1994092100,19.5,0,0.3,341.6,76.5,1009.6
1994092106,20.9,0,0.9,304.1,79,1011.2
1994092112,26.1,0,2.2,155.6,49,1010.5
1994092118,22.3,0,1.5,44.3,69.5,1011.2
1994092200,19.9,0,1.4,1.3,77.5,1011.8
1994092206,21.1,0,1.5,350,69,1012
1994092212,26.3,0,1.8,80.6,39.5,1010.2
1994092218,20.6,0,1,344,57,1011.2
1994092300,15.3,0,1.1,307.7,78,1012.1
1994092306,18.4,0,1,349.8,72.5,1012.3
1994092312,24.7,0,2.7,140,41,1010.8
1994092318,20,0,1.4,20.5,62,1011
1994092400,15.6,0,2.1,333.4,74.5,1012.7
1994092406,17.7,0,1.4,7.9,58.5,1012.9
1994092412,21.7,3.3,2.1,62.7,38.5,1011.8
1994092418,15.7,0,1.6,317.9,73.5,1012.8
1994092500,12.4,0,0.5,321.4,82.5,1013.9
1994092506,15.7,0,1,219.8,80.5,1013.6
1994092512,23.8,0,2.6,125.8,39.5,1012.7
1994092518,18.3,0,0.6,21.6,61,1013.7
1994092600,13.8,0,0.4,330.5,88,1014.3
1994092606,16.5,0,0.2,355.2,84,1014.6
1994092612,24.8,0,2.4,149.8,40.5,1012.5
1994092618,19.7,0,1.4,247.9,59,1012.6
1994092700,14.7,0,1.1,293.3,88,1013.8
1994092706,17.9,0,1.2,357.2,76.5,1014.8
1994092712,24.5,0,3.1,76.4,38.5,1014.5
1994092718,18.3,0,1.6,5.5,46,1015.2
1994092800,15.8,0,2.3,350,64,1015
1994092806,17.1,0,2.5,346.5,71.5,1015
1994092812,22,0,4.1,45.1,58,1013.5
1994092818,20,0,3.4,50,66,1013.1
1994092900,19,0,3.8,16.7,64,1011.9
1994092906,19.3,0,4.3,20,66,1010.3
1994092912,18.8,0,3.9,3.4,66,1009
1994092918,16.5,0,3,350,69,1008.2
1994093000,15.7,0,1.2,0,88,1007.8
1994093006,17.2,0,0.8,334.4,80.5,1010
1994093012,23.9,0,2.3,124.5,46.5,1009.9
1994093018,19,0,0.9,41.8,74,1012.2
1994100100,15.6,0,0.4,325,87.5,1013.6
1994100106,17.5,0,0.8,324.4,82.5,1014.4
1994100112,24.6,0,2.1,178.1,31.5,1014
1994100118,18.2,0,0.8,10.8,54,1015.5
1994100200,13.4,0,0.2,325,82.5,1016.5
1994100206,16.2,0,0.3,342,81.5,1017.3
1994100212,25.1,0,2.3,160,37,1016.5
1994100218,19.7,0,0.6,235,68.5,1017.1
1994100300,14.9,0,0.4,311.9,89.5,1017.9
1994100306,16.5,0,0.4,316.8,87,1018.5
1994100312,24.4,0,1.9,160,38.5,1016.8
1994100318,19.2,0,0.8,100.4,67,1016
1994100400,14.6,0,0.3,24.1,89.5,1014.4
1994100406,17.7,0,1.3,263,83.5,1012.7
1994100412,24.5,0,3.8,270,37,1010.2
1994100418,18.4,0,1.9,325.3,32.5,1013.2
1994100500,11.7,0,0.5,313.6,56,1016.1
1994100506,14.5,0,0.8,320.7,70.5,1017.2
1994100512,24.1,0,3,270,28,1015.6
1994100518,17.2,0,0.5,330.5,36.5,1015.6
1994100600,11.4,0,0.1,27.9,71.5,1018.2
1994100606,15.6,0,1.4,280.5,62,1019.1
1994100612,24.9,0,3,299.1,28,1018.5
1994100618,18,0,0.1,342.8,41,1019.8
1994100700,12.7,0,0.1,353.6,71,1023
1994100706,15,0,0.4,295,73,1024.4
1994100712,24.3,0,1.9,163.1,18.5,1024.2
1994100718,18,0,0.2,319.9,49.5,1025.2
1994100800,12.3,0,0.2,339.4,68,1026.6
1994100806,14.9,0,0.5,4,66.5,1027.2
1994100812,24.3,0,3.5,90,29,1026.1
1994100818,18.6,0,0.8,343.7,67,1025.6
1994100900,14.3,0,0.1,350,88.5,1025.8
1994100906,16.9,0,0.9,21.9,90,1025.4
1994100912,23.2,0,3.8,80,43.5,1024.1
1994100918,19.1,0,0.6,43.4,64.5,1023.5
1994101000,17.5,0,0.5,10.2,76,1023.4
1994101006,19.6,0,2,25,78,1023
1994101012,19.9,1.1,2,35,79,1021.8
1994101018,18,3.4,1.8,23.2,92,1021
1994101100,17.4,0.5,1.5,356.6,93,1019.1
1994101106,18.4,1.8,0.9,3.2,90,1017.3
1994101112,19.6,6.1,2.1,50.3,90.5,1014.8
1994101118,20.5,17.2,5.7,76.6,92,1010
1994101200,22,19.5,5.1,130.7,93,1001
1994101206,22.2,8.5,5.3,199,92,990.7
1994101212,26,0,4,296.2,42.5,998.2
1994101218,21.4,0,1.9,290.2,56.5,1007.4
1994101300,15.4,0,1,302,80,1011.3
1994101306,15.8,0,0.5,335.9,81.5,1014.1
1994101312,24.7,0,1.9,250,33,1013.4
1994101318,19.1,0,1.1,290.4,62,1014.9
1994101400,14,0,0.9,305.6,88,1016.7
1994101406,16.1,0,0.4,331.2,79.5,1019.3
1994101412,23.9,0,2.2,141.6,36.5,1019.2
1994101418,18.1,0,0.6,35.8,60,1021.3
1994101500,14,0,0.9,305.5,87,1023
1994101506,16.2,0,0.8,333.3,82.5,1023.1
1994101512,21.8,0,2.2,124.2,53,1021.2
1994101518,18.2,0,0.6,1.1,74.5,1019.8
1994101600,15.6,0,0.4,334.8,90.5,1016.8
1994101606,21.1,0,1.7,221.3,84,1014.2
1994101612,24.6,0.3,2.7,225.7,67.5,1011.7
1994101618,18.1,24.7,1.7,15.9,89,1013.8
1994101700,16.7,0,2,26.6,85,1017.6
1994101706,16.6,0,2.7,40.4,68.5,1020.8
1994101712,18.2,0,4.2,70,43.5,1021.2
1994101718,14,0,1,353.4,61.5,1022.7
1994101800,10.4,0,0.4,317.6,84,1023.9
1994101806,12.9,0,1,15.2,85.5,1025.4
1994101812,19.5,0,3.1,104.7,41,1023.8
1994101818,14.1,0,0.6,359.2,64.5,1022.6
1994101900,10.6,0,0.4,346.6,85.5,1021.6
1994101906,12,0,0.4,335.5,87.5,1020.3
1994101912,19.1,0,2.4,319.8,55.5,1018.4
1994101918,16.3,0,1,330.5,59.5,1018.5
1994102000,14.2,0.9,1.4,332.1,73,1019.6
1994102006,14.1,0.1,1,306.7,88.5,1020.6
1994102012,16.6,10.2,2.8,25.5,76.5,1019.5
1994102018,12.9,16.5,3.5,56.6,91.5,1021.5
1994102100,12.4,5.8,4.3,53.3,79,1019.2
1994102106,11.4,16.7,4.2,23.1,86,1016.8
1994102112,11.4,3.4,3.7,346.5,83.5,1014.5
1994102118,8.8,6,2.6,331.3,86.5,1015.8
1994102200,7.4,0,2.2,346.6,83,1016.7
1994102206,9.9,0,1.4,0.9,76.5,1018
1994102212,18.4,0,2.7,321.8,30.5,1018.7
1994102218,11.9,0,0.7,311.3,51.5,1019.7
1994102300,7.3,0,0.9,285.9,82.5,1021.8
1994102306,10.1,0,0.8,249.6,76,1024.2
1994102312,18.7,0,3.5,96.8,42.5,1024.6
1994102318,14.6,0,1.6,38.2,65,1025.9
1994102400,15.2,0,2.7,51.8,67,1027.2
1994102406,14.3,0,3.2,50,60.5,1029.1
1994102412,15.7,0,4.1,56.6,46,1029.1
1994102418,12.5,0,2,31.8,57,1028.8
1994102500,11.7,0,2.5,3.3,56.5,1027.3
1994102506,13.2,0,2.7,16.2,56.5,1026.8
1994102512,16,0,2.8,53.3,48,1025.6
1994102518,13,0,1.9,0,59.5,1025.3
1994102600,10.1,0,0.8,296.8,74.5,1024.3
1994102606,12.3,0,0.9,38.1,75,1024.5
1994102612,18.9,0,2.6,76.9,45.5,1022.3
1994102618,12.8,0,1.2,2.7,67.5,1022.5
1994102700,8.1,0,0.6,305.5,87.5,1023.2
1994102706,10.7,0,0.4,3.3,88.5,1023.4
1994102712,19.9,0,3.3,86.7,44.5,1021.1
1994102718,14.6,0,0.8,17.2,70,1020.7
1994102800,10.7,0,0.4,325,90.5,1019
1994102806,13.3,0,0.7,277.9,86.5,1017.9
1994102812,21.9,0,1.8,17.1,24.5,1014.7
1994102818,14.7,0,0.5,328.4,46,1014.5
1994102900,12.2,0,1.3,13.4,77.5,1015
1994102906,13.8,0,1.6,353.4,75,1015.3
1994102912,19.2,0,1.8,16.7,47,1013.7
1994102918,13.7,0,0.9,346.1,62,1015.1
1994103000,9.8,0,2.7,346.6,53.5,1016.8
1994103006,11.4,0,3.9,340,43.5,1018.9
1994103012,18,0,2.9,1.3,22,1018.9
1994103018,10.7,0,0.5,316.3,43.5,1020.3
1994103100,8,0,1.5,353.5,55,1022.4
1994103106,9.1,0,1.7,324.9,55,1024.2
1994103112,16.2,0,2.7,44.3,42,1025.1
1994103118,11.6,0,1.5,5.1,55,1026.9
1994110100,8.3,0,0.8,345.5,76,1027.9
1994110106,10.6,0,1.1,35.5,77,1029.1
1994110112,17,0,2.4,54.2,42,1027.6
1994110118,11.2,0,0.6,355,64.5,1027.4
1994110200,7.2,0,0.2,304.1,88,1026.7
1994110206,9.6,0,0.4,279.8,89,1025.9
1994110212,18.6,0,3.3,245.7,40.5,1022.6
1994110218,14.4,0,1.3,271,57,1020.3
1994110300,11.4,0,1.3,327,71.5,1020.4
1994110306,13.2,0,2.5,336.6,47,1023.7
1994110312,18,0,3.4,336.6,16.5,1025.4
1994110318,11,0,1.2,331.3,29.5,1027.7
1994110400,6.6,0,0.6,304.1,53,1029.2
1994110406,9,0,0.8,267.2,57,1030.4
1994110412,17.9,0,1.8,152.8,37.5,1028.2
1994110418,11.6,0,0.8,337,63,1027.8
1994110500,7.8,0,0.2,344.3,86.5,1026.9
1994110506,9.9,0,0.3,271.6,86,1024.8
1994110512,19.3,0,2,232.3,43.5,1021.4
1994110518,15.6,0,1.7,230.3,66.5,1020.1
1994110600,10.5,0,0.3,329.3,87,1019.5
1994110606,13,0,1.2,242.1,84.5,1017.4
1994110612,23.4,0,3.5,260,25,1014.2
1994110618,17.4,0,1.5,332.1,35,1015.8
1994110700,11.7,0,2.6,335.7,34,1021
1994110706,12.2,0,2.9,346.8,27.5,1025.2
1994110712,17.7,0,3.1,70,16.5,1026
1994110718,11.1,0,1.3,326.2,35.5,1027.7
1994110800,6.3,0,0.2,306.7,67,1029.5
1994110806,8.7,0,0.6,267.4,73,1030.8
1994110812,19.3,0,1.7,173.2,33,1029.2
1994110818,12.1,0,0.8,291.6,65.5,1028.8
1994110900,6.9,0,0.2,338.1,89.5,1028.2
1994110906,9.6,0,0.3,348.7,86.5,1026.6
1994110912,22.5,0,3.7,243.4,42.5,1022.8
1994110918,17.7,0,1.3,275,59.5,1021.8
1994111000,14.4,0,1.4,13.4,68.5,1021.4
1994111006,14.7,0,1.2,286.8,78.5,1022.7
1994111012,20.5,0,2.3,112.6,43.5,1020.7
1994111018,14.1,0,0.9,355,67,1020.9
1994111100,10,0,0.1,0,88.5,1020.2
1994111106,12.4,0,0.6,316.2,88,1019.5
1994111112,22.9,0,2.4,260,30.5,1017.8
1994111118,16.1,0,0.4,326.5,51.5,1019.8
1994111200,10.7,0,0.6,274.5,78,1022
1994111206,11.4,0,0.5,255.8,79,1023.2
1994111212,21.2,0,1.3,162.8,43,1022
1994111218,15.4,0,0.7,306.9,64,1023.8
1994111300,13.3,0,1.2,1.3,54.5,1027.1
1994111306,13.8,0,1.8,342.3,69.5,1029.9
1994111312,16.4,0,2.9,63.4,64,1029.9
1994111318,13.1,0,1.5,340.7,80.5,1030.7
1994111400,12.1,0,0.5,341.6,85.5,1030.7
1994111406,13.4,0,0.5,349.8,84.5,1030.1
1994111412,16.2,0,2.7,11.5,66,1029.4
1994111418,12.1,2.5,3.1,14.7,89,1032.3
1994111500,9.8,4.2,3.7,50,89,1035.5
1994111506,9.1,1,3.1,40.1,85,1037.8
1994111512,9.2,0.5,3,3.4,79,1036.9
1994111518,9.3,0.2,2.9,350,87,1037.3
1994111600,9.9,1.1,2.2,0,85.5,1036.2
1994111606,10.2,0.8,1.7,346.6,90,1035.7
1994111612,11.9,1.5,2.3,356.6,83,1033.4
1994111618,12,0,1.9,0,74.5,1032.7
1994111700,10.9,0,0.8,315,73,1031.4
1994111706,11.4,0,0.4,345.9,80,1030
1994111712,16.9,0,1.1,55.7,67,1026.9
1994111718,15.5,0,0.1,7.7,80,1024.4
1994111800,14.8,8.5,0.8,357.4,90.5,1021.3
1994111806,15.1,21.6,1,305.7,93.5,1017.4
1994111812,18.4,0.2,1.6,266.4,78,1015.2
1994111818,14.4,0,0.5,346.2,76,1017.2
1994111900,10.5,0,0.6,355.9,88.5,1019
1994111906,12.2,0,2.2,346.6,68.5,1020.4
1994111912,16.9,0,3.6,318.4,31,1019.6
1994111918,11.3,0,1.6,353.9,47.5,1021.2
1994112000,8.9,0,2.3,353.4,66.5,1022.8
1994112006,9.6,0,2.1,343.3,64.5,1023.8
1994112012,16.6,0,2.4,336.1,29.5,1023.2
1994112018,10.4,0,1.6,346.5,32,1024.9
1994112100,6.7,0,0.2,353.5,48.5,1025.6
1994112106,7.1,0,0.7,354.2,55.5,1026.3
1994112112,13,0,1.7,14.7,40.5,1025.1
1994112118,8.8,0,2.2,357.2,41,1024.9
1994112200,6.6,0,1.7,14.7,39.5,1025.5
1994112206,8,0,1.6,341,47.5,1027
1994112212,14.5,0,3.3,330,27,1025.5
1994112218,8.6,0,2.2,346.6,33.5,1027.7
1994112300,7.3,0.6,2.3,346.6,87,1029
1994112306,8.4,0.1,2,3.7,83,1030.1
1994112312,11.2,0.2,1.6,66.6,61,1028.6
1994112318,7.9,0,0.6,314.1,76,1028.4
1994112400,4.3,0,0.4,325,91.5,1027.6
1994112406,5.4,0,0.3,325,94,1026.1
1994112412,15.9,0,2.4,242.4,47,1022.5
1994112418,12.8,0,2.5,228.4,61,1020.6
1994112500,11.1,0,1.3,264.8,61.5,1018.6
1994112506,9.7,0,1.8,355.6,71.5,1019.6
1994112512,13.8,0,3.2,333.4,26,1018.6
1994112518,7.6,0,1.2,332.2,26.5,1018.8
1994112600,4.9,0,4.2,340,29.5,1019
1994112606,5.5,0,2.8,353.5,32,1018.8
1994112612,11.8,0,4.7,325.3,20.5,1017
1994112618,6.4,0,1,1.3,26,1018.9
1994112700,2,0,1.4,17.1,32,1021.3
1994112706,3.2,0,1.6,28.7,34,1022.7
1994112712,11.4,0,1.4,88.1,19.5,1022.2
1994112718,4.8,0,0.6,308.7,31.5,1022.3
1994112800,1.5,0,0.4,290.4,53.5,1022.2
1994112806,4.5,0,0.4,324.8,56.5,1021.8
1994112812,13.4,0,0.8,39,40,1019.4
1994112818,10.6,0,1,325.8,48.5,1019.7
1994112900,9,0,1.3,356.6,53.5,1020.3
1994112906,9.1,0,1.2,340.8,66,1020.8
1994112912,16.1,0,2.2,48.1,42,1020.5
1994112918,10.6,0,1.2,306.8,66,1022
1994113000,7.2,0,0.7,331.9,82.5,1023.1
1994113006,8.3,0,0.4,278,86.5,1024.1
1994113012,15.6,0,1.6,138.3,57.5,1022.6
1994113018,12.2,0,0.7,12.6,70.5,1022.4
1994120100,8,0,0.3,338.1,89.5,1022.3
1994120106,9.1,0,0.4,345.3,90,1022.3
1994120112,15.9,0,0.9,178.8,58.5,1019.8
1994120118,12.9,0,0.7,308.1,60,1018.8
1994120200,9.6,0,0.2,333.4,84.5,1017.9
1994120206,10.4,0,2.1,325.3,76,1017.2
1994120212,11,0,4.2,340,29,1017.7
1994120218,2.8,0,3.5,330,19,1021.5
1994120300,-0.5,0,4.3,351.7,34,1024.9
1994120306,-0.2,0,5.9,340,31.5,1025.5
1994120312,4.5,0,4.5,336.7,18,1025.1
1994120318,0.1,0,2.2,333.4,20,1026.7
1994120400,-1.9,0,1.5,347.8,40,1027
1994120406,0.4,0,3.9,343.3,44.5,1026.5
1994120412,7.7,0,3.1,307.7,21,1023.5
1994120418,2.4,0,0.5,341,37,1023.2
1994120500,0.6,0,0.4,328,55.5,1022.2
1994120506,2.9,0,1.6,342.8,70.5,1020.9
1994120512,8.8,0,3.8,313.8,23.5,1022
1994120518,3.5,0,2.8,343.1,23.5,1024.2
1994120600,0.7,0,2,8.7,40.5,1025.4
1994120606,1.5,0,1,302.9,51.5,1025.9
1994120612,13.1,0,1.9,206.4,21,1022.7
1994120618,6.7,0,0.8,308.1,29,1021.1
1994120700,8.4,0,1.9,269.5,62,1019
1994120706,13.1,0,4.2,281.2,60.5,1016.6
1994120712,18,0,2.2,350.4,24.5,1017.9
1994120718,11.4,0,2.2,23.2,26.5,1021.7
1994120800,7,0,0.5,349.8,38.5,1024.1
1994120806,6.3,0,0.6,295.4,60.5,1023.9
1994120812,15.5,0,0.9,273.1,49.5,1020.2
1994120818,14.3,0,1.6,253.1,63.5,1017
1994120900,12.1,0.9,1.5,23.1,80,1013.6
1994120906,10.8,4.6,1.5,346.5,93,1011.4
1994120912,15.6,0,3.7,332.5,55,1013
1994120918,11,0,2.2,0,47,1019
1994121000,7.8,0,1.2,307.8,75.5,1022.2
1994121006,7.9,0,0.9,338.8,81.5,1024.4
1994121012,11.4,0,3.3,83.4,49,1022.8
1994121018,10.3,0,1.2,38.1,54.5,1021.9
1994121100,8.7,0,1,335.5,65,1018.9
1994121106,7.5,0,0.7,284.7,79,1017.8
1994121112,12.3,0,1.6,356.8,64.5,1015.9
1994121118,10.5,0,0.9,330.8,72,1015.2
1994121200,9.2,0,0.7,331.9,81,1014.5
1994121206,9.2,0,1,23.2,77,1015.4
1994121212,9.4,0.3,1.8,15,72.5,1015.7
1994121218,6.5,0,1,346,71,1017.1
1994121300,5,0,2.2,0,68.5,1017.5
1994121306,5.1,0,4.6,340,38.5,1018.5
1994121312,6.4,0,4.6,333.4,21.5,1018.2
1994121318,1.5,0,2.9,333.4,29.5,1022.9
1994121400,-2.1,0,0.4,324.2,40,1025.7
1994121406,-0.5,0,0.5,288.2,59,1025.5
1994121412,7.8,0,3.3,276.6,36.5,1023.5
1994121418,3.6,0,1.4,30.2,61,1023.1
1994121500,0.7,0,2.6,4.5,68.5,1024.6
1994121506,-0.8,0,3.3,336.7,53,1025.8
1994121512,2.6,0,3.7,325,30.5,1025.5
1994121518,-0.7,0,2.3,346.6,39.5,1027.1
1994121600,-4.6,0,3.8,346.5,43,1030.9
1994121606,-6.1,0,1.4,20.2,43,1033.9
1994121612,1.4,0,1.5,16.5,18,1033.3
1994121618,-1.8,0,1.2,15,15.5,1033.2
1994121700,-4.2,0,2.9,3.4,31,1033
1994121706,-1.1,0,3.3,350,41.5,1033.4
1994121712,5.2,0,3.7,340,25,1032.2
1994121718,0,0,3,343.3,28.5,1033.2
1994121800,-1.9,0,4.1,346.6,32,1034.2
1994121806,-0.6,0,4.8,343.3,28.5,1036.2
1994121812,4.9,0,4.1,333.4,24,1035.8
1994121818,-0.3,0,2.1,325.3,25,1037.7
1994121900,-4.2,0,1,346.6,33,1039.4
1994121906,-3.2,0,1,16.2,36,1040.3
1994121912,5.9,0,1.3,47.2,17,1038.6
1994121918,2.1,0,1.3,305,46.5,1037.4
1994122000,1.1,0,0.6,302,58,1036.3
1994122006,0.9,0,1.1,346.6,57.5,1033.8
1994122012,9.1,0,2.7,13.1,15.5,1031.2
1994122018,3,0,3.5,336.7,34.5,1031.3
1994122100,2.3,0,4.1,343.4,53.5,1031.2
1994122106,3,0,2.4,9.3,58,1030.5
1994122112,7.9,0,2.7,330,39,1029.2
1994122118,2.4,0,1.4,310.7,45.5,1029.6
1994122200,-1.1,0,0.8,292.6,67.5,1029.7
1994122206,0.6,0,1.6,280,66.5,1028.9
1994122212,11.9,0,1.3,82,26.5,1025.9
1994122218,5.1,0,0.7,329.8,39,1024.9
1994122300,1,0,0.8,349.5,66,1025.2
1994122306,2.3,0,0.8,260.3,75,1025.8
1994122312,12.8,0,1.2,170,35,1024.7
1994122318,6.2,0,0.6,334.3,56,1025.3
1994122400,2.2,0,0.4,316.2,77,1024.8
1994122406,3.6,0,0.6,219.3,80.5,1024.4
1994122412,14.7,0,1.6,133.8,40.5,1022
1994122418,8.4,0,0.6,302.4,67.5,1021.9
1994122500,7,0,1.3,353.2,75,1024.5
1994122506,6.6,0,1.9,350,70,1028
1994122512,8.9,0.2,3.7,70,73.5,1029.7
1994122518,7.7,0,3,69.1,58.5,1030.3
1994122600,5.8,0.3,2.7,0,73.5,1028.6
1994122606,6.1,0,1.3,298,74,1026.9
1994122612,10.7,0,1.1,25,59.5,1023.5
1994122618,6.8,0,0.9,328.4,69.5,1023.2
1994122700,3.2,0,0.9,305,85.5,1022.9
1994122706,3.7,0,2.4,350,74,1022.6
1994122712,9.1,0,2.4,346.5,37.5,1022.1
1994122718,4.8,0,0.8,350,34,1023.4
1994122800,3.1,0,1.1,348.1,49,1024
1994122806,2.8,0,2,10.2,45,1024
1994122812,9.3,0,4.2,330,23.5,1023.8
1994122818,3.7,0,2.3,1.3,21.5,1026.7
1994122900,0,0,1.2,0.4,32.5,1029.4
1994122906,-0.2,0,1.1,4.4,46,1030.4
1994122912,8.8,0,1.5,29.9,19.5,1029.6
1994122918,2.6,0,1,316.4,21,1030
1994123000,-0.7,0,0.7,284.2,39,1029.3
1994123006,0.8,0,0.5,236.2,41.5,1029.3
1994123012,8.7,0,1.5,51.5,32.5,1026.2
1994123018,6.4,0,1.3,357,37,1024.4
1994123100,3.2,0,1.8,346.8,54.5,1023.4
1994123106,2.8,0,3.9,355.2,70,1022.7
1994123112,7.2,0,4.4,340,34.5,1022.3
1994123118,2.7,0,3.3,343.3,29,1025
1995010100,-1.5,0,2.7,0,43,1027.2
1995010106,-1,0,2.5,11.9,38.5,1027.9
1995010112,6.7,0,2,11.2,22,1028.2
1995010118,1.7,0,1.2,283.3,22.5,1029.8
1995010200,-2.1,0,1.5,299.6,40,1031.1
1995010206,-1.4,0,1.2,260,55,1030.9
1995010212,10.2,0,1,208.7,38,1027.5
1995010218,3.8,0,0.6,346.4,28,1026.6
1995010300,1.4,0,0.3,334.8,47.5,1024.7
1995010306,3.3,0,1.3,325,47,1022.4
1995010312,4.7,0.2,1.5,8.6,76.5,1020.5
1995010318,3.5,5.2,0.5,8.5,92.5,1017.7
1995010400,2.6,2.5,1.5,30,95,1015.3
1995010406,2,0.2,1.3,10.3,79.5,1014.2
1995010412,5.5,0,3,332.8,46.5,1013
1995010418,2.5,0,2.4,353.5,54,1013.7
1995010500,-0.9,0,1.9,346.6,53.5,1014.3
1995010506,0,0,0.6,332.3,61.5,1015.2
1995010512,4.3,0,3.7,328.1,37.5,1013.7
1995010518,0.1,0.1,2.6,323.3,58,1015.1
1995010600,-1.5,0,2.9,339.6,44.5,1017
1995010606,-1.9,0,3.2,4.3,34.5,1020.2
1995010612,4.5,0,3.2,321.8,21,1020.5
1995010618,0.5,0,0.6,335,22.5,1021.7
1995010700,-2.3,0,0.3,346.4,48.5,1021.6
1995010706,1.2,0,0.8,314.4,71,1021.2
1995010712,12.6,0,2.9,283.4,34,1020.6
1995010718,6,0,1,325,52.5,1022
1995010800,1.2,0,0.7,304.5,83,1022.7
1995010806,1.2,0,0.4,280.7,91.5,1021.8
1995010812,12.6,0,3.3,245.6,31.5,1018.7
1995010818,9.1,0,1,258.1,54,1016.8
1995010900,5.7,0,0.8,69.4,77,1014.8
1995010906,6.8,0,1.6,251.7,60,1012.3
1995010912,11.4,0,5.4,339.1,26.5,1010.5
1995010918,2.8,0,6.4,340,29.5,1016.2
1995011000,-2.1,0,2.9,346.6,36.5,1021.2
1995011006,-3,0,3.7,350,32,1023
1995011012,2.6,0,3.9,353.4,21,1021.3
1995011018,-1.1,0,1.7,10.2,26.5,1021.9
1995011100,-3.4,0,3.8,3.4,34.5,1023.7
1995011106,-3.2,0,4.4,343.4,35.5,1022.8
1995011112,1.5,0,3.5,356.7,19,1022
1995011118,-0.2,0,2,3.3,29,1021.4
1995011200,-1.5,0,3.8,333.1,40.5,1021.7
1995011206,-0.7,0,3.1,3.4,50,1021.5
1995011212,5.4,0,2.8,293.7,33.5,1018.3
1995011218,1.2,0,0.8,325,41.5,1016.8
1995011300,-1.2,0,1,8.7,66.5,1016.7
1995011306,-0.9,0,3.7,0,49,1018.2
1995011312,3,0,4.8,333.4,21.5,1018.4
1995011318,-1.6,0,2.3,356.6,30,1019.5
1995011400,-4.2,0,5.8,340,45.5,1021
1995011406,-4.4,0,6.8,340,44,1021.9
1995011412,0.9,0,5.8,343.4,28.5,1021.9
1995011418,-2.2,0,2.2,35,24,1024.1
1995011500,-2.3,0,5.3,350,36,1025.2
1995011506,-0.5,0,5.6,340,48.5,1025.7
1995011512,5.8,0,3.9,346.6,25,1025.1
1995011518,0.8,0,1.8,10.2,24.5,1025.6
1995011600,-0.9,0,1.6,36.2,37.5,1025.4
1995011606,-0.8,0,0.5,295,60,1025.2
1995011612,7.5,0,2.8,348.4,36,1023.6
1995011618,2.3,0,2.1,11.5,35,1024.3
1995011700,-0.6,0,1.9,47,52,1025.1
1995011706,0.6,0,3.1,356.7,53,1026.5
1995011712,7.7,0,2.6,357.7,24,1025.7
1995011718,1.8,0,1.4,335.6,24.5,1026.4
1995011800,-2.2,0,0.8,318.9,39.5,1025.6
1995011806,-0.9,0,0.9,305,50.5,1024.5
1995011812,7.8,0,3.7,308.9,33,1021.3
1995011818,3.3,0,1.2,334.3,40.5,1020.8
1995011900,-1,0,2,15.8,40.5,1024.1
1995011906,-2.3,0,0.8,39.7,47,1025.2
1995011912,6.4,0,1.2,153.6,35,1022.8
1995011918,2.1,0,0.9,355.4,34,1020.4
1995012000,0.2,0,2.3,16.1,33,1019.2
1995012006,0.7,0,2.3,32.9,33,1021.2
1995012012,7.5,0,2.5,12,27,1021.8
1995012018,2.1,0,1,305,38,1023.4
1995012100,-1.7,0,0.1,353.6,57,1024
1995012106,0.4,0,0.7,350.2,65.5,1024.2
1995012112,8.2,0,1.2,64.2,38,1021.2
1995012118,6.2,0,0.7,344.3,37,1019.7
1995012200,3.7,4.8,0.4,0,83,1016.2
1995012206,4.4,12.2,1.4,321.1,94.5,1012.1
1995012212,5.7,3.4,1.7,350,93,1011.8
1995012218,5.7,0.5,1.1,346.4,89.5,1013.8
1995012300,5.1,0.1,0.4,20.9,86.5,1014.2
1995012306,4.9,0.4,2.9,7.7,83.5,1015.6
1995012312,8.2,0,4.7,346.6,27,1016.5
1995012318,3.2,0,3.4,0,23.5,1019.3
1995012400,-1,0,3.9,343.4,33.5,1022.8
1995012406,-1.1,0,2.9,14.7,44.5,1025.9
1995012412,4.2,0,3.4,10,21.5,1024.5
1995012418,-0.2,0,2.3,3.3,25.5,1025.8
1995012500,-3.1,0,1.7,40.9,38.5,1027.4
1995012506,-2.8,0,1.2,50.9,42,1029.1
1995012512,6.9,0,2.5,300.2,22,1027.4
1995012518,1.9,0,0.7,273.4,31,1027.4
1995012600,-0.8,0,0.4,330.5,55.5,1025.9
1995012606,1.6,0,2.7,353.2,44.5,1025.6
1995012612,4.8,0,4.3,323.3,15.5,1025.8
1995012618,0.3,0,3.2,343.4,13,1027.4
1995012700,-4.3,0,3.2,2.4,22,1028.6
1995012706,-2.8,0,2.9,325,28.5,1029.1
1995012712,4.2,0,3.6,335.2,15.5,1027.5
1995012718,-0.4,0,1.4,300.5,28.5,1026.8
1995012800,-2.5,0,2.7,300.5,51,1027
1995012806,-2.3,0,2.5,346.4,47,1027
1995012812,3.9,0,4.4,325.3,17.5,1025.8
1995012818,-1.4,0,3,336.6,20.5,1027.4
1995012900,-4.8,0,0.9,338.1,34.5,1027.6
1995012906,-3.5,0,1.8,326.4,52,1025.2
1995012912,3,0,5.2,300,26.5,1024.4
1995012918,-0.7,0,4.3,315.1,29.5,1025
1995013000,-5.5,0,2.5,45.7,35,1028.3
1995013006,-5.8,0,3.4,335.6,36.5,1030.2
1995013012,1.5,0,4,323.3,17,1029.2
1995013018,-2.1,0,2,1.4,18.5,1029.1
1995013100,-4.6,0,2.4,0.4,35,1029.6
1995013106,-3.2,0,3.4,318.4,46.5,1029.3
1995013112,3.7,0,3.9,323.3,27,1027.6
1995013118,-0.5,0,3.4,329.8,30,1028.6
1995020100,-4.2,0,1.9,350,41.5,1030.9
1995020106,-3.3,0,1.2,51.1,47,1032.1
1995020112,5.4,0,1.6,115,21.5,1031.6
1995020118,0.7,0,1,353.4,22,1032.6
1995020200,-2,0,0.4,329.3,37,1032.8
1995020206,-1,0,0.3,265.1,41,1032.3
1995020212,4.2,0,1.7,350.6,48.5,1030.8
1995020218,2.5,0.2,1.2,32,81.5,1031.6
1995020300,1.4,0,0.6,350.2,87,1032.1
1995020306,2.3,0,1.4,13.4,85,1031.8
1995020312,6.8,0,2.5,90,49,1030.2
1995020318,4,0,1.1,10.2,55.5,1029.2
1995020400,0.7,0,2.6,29.9,41,1028.8
1995020406,0.4,0,1.8,71.3,41,1027.3
1995020412,4.7,0,3.1,0,24.5,1024.8
1995020418,1.4,0,2.4,7.7,24,1024.2
1995020500,-1.6,0,3.2,350,32,1023.8
1995020506,-1.7,0,4.1,353.4,36.5,1023.4
1995020512,4.8,0,4.1,346.8,18,1021.4
1995020518,0.6,0,3,356.7,24.5,1022.8
1995020600,-2.1,0,2.6,50.7,32,1024.5
1995020606,-0.7,0,3.3,10,44.5,1024.7
1995020612,7.3,0,3.6,328,24.5,1022.5
1995020618,3.2,0,1.1,346.2,24,1020.9
1995020700,1.4,0,2.7,0,30,1021.3
1995020706,2.7,0,1.9,10.6,43,1022.5
1995020712,10.8,0,2.7,187.3,23.5,1021
1995020718,5.8,0,1.2,324.2,24.5,1020.4
1995020800,-0.5,0,1,314.4,51,1021.2
1995020806,3.6,0,1,335.1,45.5,1021.7
1995020812,11.9,0,1.8,95.5,15.5,1020.5
1995020818,8.7,0,1,247.1,17.5,1018.8
1995020900,5,0,0.3,332.1,35,1018.2
1995020906,6.7,0,1.6,61.3,40,1017.7
1995020912,10.2,0,3.5,46.3,38,1017.8
1995020918,4.9,0,2.7,50.3,64,1023.1
1995021000,2.7,0,1.4,346.5,67,1026.1
1995021006,3.6,0,1.8,22.8,70,1028.2
1995021012,8.6,0,2.9,80,36,1028.6
1995021018,4.7,0,1.1,11.8,53,1029.3
1995021100,-0.1,0,0.6,343.4,77.5,1029.5
1995021106,1.2,0,0.4,310.4,85,1028.6
1995021112,13.4,0,3.1,284.7,36,1024.9
1995021118,10.2,0,2.1,269.5,48,1023.7
1995021200,8.9,0,0.4,335.2,68.5,1023.2
1995021206,8.3,0,0.6,350.2,77.5,1020.9
1995021212,7.5,7.6,1.8,34.1,89.5,1017.8
1995021218,5.5,5.5,1.4,46.3,89.5,1014.7
1995021300,3.7,0.7,0.9,44.4,89,1015.5
1995021306,3.9,0,2,40.9,83.5,1017.4
1995021312,11.9,0,2.9,340,19,1015.7
1995021318,5.9,0,2.5,18.9,20.5,1016
1995021400,1.1,0,1.9,25,43,1017.6
1995021406,1.3,0,2.3,45.9,44,1017.7
1995021412,8.9,0,2.9,24.3,21,1015.2
1995021418,4.2,0,1.9,9.3,19,1015.2
1995021500,-0.1,0,2.9,3.4,41,1016.5
1995021506,0.9,0,1.2,21.3,50.5,1017.2
1995021512,7.6,0,4.1,335.6,31,1015.6
1995021518,3.3,0,2.7,3.4,28,1017.2
1995021600,-0.7,0,3.5,18.9,32.5,1019.5
1995021606,-0.1,0,3.5,24.9,45.5,1020.2
1995021612,6.9,0,3.9,6.6,19.5,1019.2
1995021618,1.7,0,2.1,356.7,21,1021.1
1995021700,-0.5,0,2.5,11.2,35.5,1023.3
1995021706,1,0,3.7,353.4,41.5,1024.4
1995021712,8.8,0,2.1,215,18.5,1023.7
1995021718,3.6,0,1.2,307.9,40.5,1023.8
1995021800,-1.2,0,0.5,336.6,52,1024.8
1995021806,0.3,0,0.4,324.8,60,1025.1
1995021812,8.2,0,2,66.7,46,1023.8
1995021818,5.9,0,1.1,1.3,53,1022.8
1995021900,2.5,0,0.3,11.9,69.5,1022.5
1995021906,4.1,0,1.1,28.8,76.5,1022.7
1995021912,12.1,0,3,133.3,35.5,1021
1995021918,6.6,0,1.2,13.9,50.5,1021.7
1995022000,2.1,0,0.9,8.7,80.5,1022.2
1995022006,3.4,0,1.9,33.3,83.5,1022.2
1995022012,8.3,0,3.2,32.2,51.5,1021
1995022018,3.8,0,2,350.2,70,1021.5
1995022100,0.8,0,1.4,328.5,89,1023.2
1995022106,2.2,0,2.3,346.5,72.5,1024.8
1995022112,7.5,0,3.5,7.5,34,1024.3
1995022118,3.6,0,1.8,356.6,52,1025.3
1995022200,-0.6,0,0.2,350,74,1026.6
1995022206,0.5,0,0.3,342,85,1026.7
1995022212,10.6,0,2.2,190.4,33.5,1024.3
1995022218,6.2,0,1.1,290.6,55,1023.8
1995022300,1.9,0,0.4,330.6,80.5,1024.2
1995022306,2.1,0,0.9,251.1,69.5,1024.2
1995022312,11.4,0,2.6,124.7,24.5,1022.1
1995022318,7.1,0,1.1,24.7,37,1021.4
1995022400,4.2,0,1,344.4,61,1022.3
1995022406,5.8,0,0.8,295,66,1022.2
1995022412,9.3,0,2.8,80.5,50,1020.5
1995022418,6.7,0,0.8,59.6,73.5,1019.6
1995022500,4.7,0,0.5,5,81.5,1019.1
1995022506,4.6,0,0.8,296.4,90,1018
1995022512,9.5,0.1,2.6,192.9,66.5,1014.5
1995022518,6.6,2.7,1.8,299.5,78.5,1011.3
1995022600,2.9,0,1.7,356.9,82,1010.4
1995022606,4.3,0,3.4,3.4,52,1012
1995022612,9.4,0,4.9,14.7,27.5,1012.4
1995022618,4.2,0,1.4,25.5,33,1015
1995022700,0.2,0,1,353.7,51,1017.2
1995022706,1.4,0,1,339.5,63,1018.9
1995022712,9.9,0,2.6,142.3,35.5,1017.7
1995022718,6.2,0,1.4,34.4,55.5,1016.1
1995022800,3,0,0.6,5,78.5,1014
1995022806,2.5,0,1.4,5.4,90.5,1008.7
1995022812,7,2.3,3.5,311.5,68.5,1006.2
1995022818,5.9,0,2.3,343.4,53,1008.9
1995030100,3.1,0,2.6,0.9,63,1013.8
1995030106,3.3,0,2.2,38.4,64.5,1018.7
1995030112,8.3,0,2.7,96.8,41.5,1019.7
1995030118,5.1,0,1.2,351.7,66,1021
1995030200,2.2,0,0.9,282.4,81,1021.7
1995030206,3.8,0,0.7,45.2,87.5,1021
1995030212,8.6,2.5,2.2,94.4,68.5,1018.7
1995030218,7.1,0,0.7,288.5,81.5,1017.1
1995030300,4.6,0,0.6,312.4,92,1015.8
1995030306,5.2,0,1.9,355,72,1014.8
1995030312,9.5,0,2.7,278.3,33.5,1012.5
1995030318,5.3,0,2.9,54.8,57,1012.8
1995030400,1.6,0,2,343.2,47.5,1014.6
1995030406,0.7,0.3,2.5,339.6,92,1014.8
1995030412,4.8,0,3.1,38.2,63.5,1014.9
1995030418,1.7,0,1,350.5,69,1016.8
1995030500,-0.8,0,1.3,5.8,65.5,1018.9
1995030506,1.9,0,3,15.5,41.5,1019.2
1995030512,11.1,0,3.4,320.7,25,1018.2
1995030518,7.2,0,1,333.4,30.5,1017.7
1995030600,1.5,0,1.2,333.4,61,1020.1
1995030606,3.6,0,1.2,274.3,62,1020.5
1995030612,13.7,0,3.5,154.3,23.5,1018.5
1995030618,9.1,0,1.9,324.1,33.5,1018.1
1995030700,4.4,0,0.7,342.7,67,1020
1995030706,5.1,0,0.3,325.3,78.5,1020.7
1995030712,15.8,0,2.8,163.4,33,1019.3
1995030718,10.9,0,0.7,350,65.5,1018.8
1995030800,5.8,0,0.5,0,77,1020.9
1995030806,7.3,0,1,234.9,71,1022.6
1995030812,16.4,0,4,60,20,1022.4
1995030818,9.8,0,1.7,0.5,57,1024.8
1995030900,4.6,0,0.6,346.6,77,1024.6
1995030906,5.8,0,0.9,359.4,85.5,1023.7
1995030912,12.3,0,3.9,156.6,55.5,1019
1995030918,9.1,13.4,3.5,138.5,94,1013.3
1995031000,9.1,17.3,2.9,83.5,94,1005.4
1995031006,8.6,1.8,4.1,40.9,77,1002.5
1995031012,11.4,0,5.1,333.4,20,1004.3
1995031018,7,0,6.1,340,22,1005.5
1995031100,5.1,0,4.4,350.2,49,1007.8
1995031106,6.5,0,2.2,17.7,57.5,1012.5
1995031112,11.5,0,2.9,91.4,42,1012
1995031118,8.6,0,0.8,0.9,56,1011.5
1995031200,5.3,0,1.4,6.8,79.5,1010.2
1995031206,5.8,0.2,3.6,1.3,66,1008.2
1995031212,9.1,0,4.1,343,43.5,1011.5
1995031218,6.2,0,1.6,333.2,47,1015.2
1995031300,3.8,0,1.3,346.8,73.5,1018.9
1995031306,6.1,0,1.9,3.4,70,1021.9
1995031312,11.3,0,3.9,73.4,39,1022.6
1995031318,7.6,0,1.5,26.2,62,1024.8
1995031400,3.2,0,0.6,355,84.5,1026.4
1995031406,5,0,0.7,325,86.5,1028.5
1995031412,12.3,0,2.8,110,43,1028.6
1995031418,8.3,0,0.9,250,55,1029.1
1995031500,3.1,0,0.9,286.4,84.5,1028.9
1995031506,5.1,0,0.5,33.2,86,1028.4
1995031512,13.7,0,3.4,106.5,40,1027
1995031518,9.7,0,2.6,90,56.5,1024
1995031600,9.7,3.4,1.3,0,81.5,1018.7
1995031606,11.8,19.9,4.7,193.1,93,1011
1995031612,16.5,2.9,3.3,275.1,76.5,1007.2
1995031618,13.9,0,1.2,29.7,75,1010.3
1995031700,10.2,0,3.9,316.3,74,1013.9
1995031706,6.4,0,4.4,346.5,31.5,1017.3
1995031712,6.9,0,3.8,350,22.5,1021.9
1995031718,3.1,0,2.2,353.5,21.5,1023.5
1995031800,-0.6,0,2.3,28.5,36,1025.1
1995031806,1.2,0,4.1,353.4,43,1024.3
1995031812,9.2,0,3.3,14.2,23.5,1022.2
1995031818,5.9,0,1.5,9.7,31,1022.1
1995031900,1.5,0,0.8,339.1,43,1023.9
1995031906,3.6,0,2,331.9,42.5,1024.7
1995031912,11.2,0,3,215,23,1023.8
1995031918,7.8,0,2,258.6,33.5,1022.8
1995032000,4.1,0,0.7,302,56.5,1023.8
1995032006,7.9,0,1.7,221.3,55,1023.8
1995032012,16.3,0,5.9,209.9,24.5,1020.4
1995032018,12.4,0,4.1,220.1,40.5,1020.2
1995032100,11.7,0,2.1,209.1,65.5,1019.9
1995032106,14.1,0,3.6,249.1,64.5,1018.8
1995032112,18.4,0,5.9,228.4,43,1015.4
1995032118,14.3,0,3.1,158,64,1015.4
1995032200,9.4,0,1.9,80,82.5,1019.3
1995032206,8.9,0,1.8,45.3,82.5,1021.3
1995032212,9.4,0.2,0.8,35,87,1020.9
1995032218,8.6,0,1,343.4,88,1019.5
1995032300,6.8,0,0.5,355.4,92,1019.5
1995032306,9.1,0,0.6,291.9,88.5,1019.9
1995032312,12.1,0,3.1,128.4,75,1018.3
1995032318,9.2,0,2.7,236.6,86,1018
1995032400,7.9,0,1.5,195,83,1018.2
1995032406,7.9,0,1.4,174.2,85,1017.2
1995032412,9.3,0,2.3,38.2,70,1015.5
1995032418,7.3,0,2.1,13.4,74.5,1016.2
1995032500,5.6,2.1,2.5,346.6,90,1016.5
1995032506,5.4,1.7,2.2,0,92,1016.8
1995032512,6.2,0.3,3,3.3,79,1016.7
1995032518,4.7,0,1.9,350,77,1015.9
1995032600,2.6,0,0.8,323,85.5,1015.1
1995032606,4.6,0,1,254.8,83.5,1014.9
1995032612,13.5,0,2.7,324.5,23.5,1012.9
1995032618,8.9,0,1.2,346.8,28.5,1013.1
1995032700,4.4,0,0.4,307.8,60,1015.1
1995032706,5.1,0,0.7,287.5,68.5,1015.6
1995032712,15.1,0,2.8,5.8,26.5,1012.6
1995032718,8.4,1.1,2.2,352.5,74,1015.2
1995032800,3.8,0,1.3,347,73,1020.9
1995032806,5.2,0,1.4,150,73,1024.3
1995032812,10.5,0,3.5,86.9,34,1024.1
1995032818,7.4,0,1.8,44.7,44,1022.4
1995032900,5.6,0,1.2,298.4,60,1021.1
1995032906,7.5,0,0.5,350,66,1019.5
1995032912,14.2,0,3.1,136.9,48.5,1017.7
1995032918,11.5,0,1.5,244.5,54,1016.5
1995033000,9.6,0,0.2,353.6,72,1014.6
1995033006,10.6,0,1.4,26.6,77.5,1012.3
1995033012,11.5,0.9,2.7,31.8,78.5,1010.5
1995033018,9,0,1.4,1.3,69.5,1011.7
1995033100,4.8,0,0.3,340,85,1013.9
1995033106,7,0,0.6,340.5,87.5,1013.5
1995033112,14.6,0.4,4.1,243.7,63,1009.7
1995033118,9,0.1,4,346.8,33,1008.6
1995040100,3.7,0,3.2,340,41.5,1013.8
1995040106,6.5,0,3,325.3,41,1017
1995040112,13.9,0,4.1,1,17,1016.2
1995040118,8.9,0,0.8,17.1,27.5,1016.8
1995040200,4,0,0.9,0.4,51,1018
1995040206,5.6,0,4.1,24.1,46,1020
1995040212,11.5,0,4.4,317.4,17,1020.4
1995040218,5.5,0,2.7,36.5,35.5,1022.2
1995040300,1.4,0,0.8,23.7,57,1025.1
1995040306,4.7,0,1.9,323.5,45.5,1025.8
1995040312,13.4,0,2.7,79.7,20.5,1022.5
1995040318,9.4,0,1,325,25,1020.7
1995040400,3.8,0,1.5,280.2,49.5,1021.8
1995040406,8.1,0,2,274.3,44,1022.3
1995040412,18,0,2.9,86,13.5,1019.6
1995040418,13,0,1.7,330.7,22.5,1018.4
1995040500,7.4,0,0.9,355.3,42.5,1019.1
1995040506,10.8,0,1.5,292,45,1019.7
1995040512,18.9,0,3.4,145.3,29.5,1016.5
1995040518,12.9,0,1.6,265.2,30,1015.8
1995040600,7.3,0,0.5,343.4,46.5,1015.2
1995040606,9.7,0,0.5,328.7,60.5,1012.8
1995040612,21,0,2.9,290.9,14,1007.8
1995040618,15.4,0,2.4,105,38.5,1006.9
1995040700,8,0,0.5,350.2,51.5,1011.4
1995040706,9.9,0,1,70,51.5,1013.1
1995040712,19.3,0,4.2,179,29.5,1011.4
1995040718,15,0,2,311.6,29.5,1012
1995040800,9.7,0,0.8,275,46.5,1013.8
1995040806,12.8,0,2.3,331.9,56.5,1013.8
1995040812,19.7,0,4.5,268.4,41.5,1012.1
1995040818,16.6,0,2.2,260,64.5,1013.2
1995040900,16.2,0,2.3,238.5,70,1013.2
1995040906,14.1,4.3,1.7,20.3,87.5,1012.3
1995040912,12.1,1.3,1.5,39.8,81,1012.6
1995040918,9.5,0,0.9,350,66.5,1014.7
1995041000,6.1,0,1.9,17.7,60,1018.2
1995041006,8.4,0,2.3,320.5,31,1020.7
1995041012,14.7,0,2.9,226.3,19,1020
1995041018,10,0,1.7,143.5,45.5,1021.1
1995041100,8.5,0,0.6,45,69.5,1021.5
1995041106,11,0,1.5,160,64.5,1019.7
1995041112,15.3,0,3.2,163.4,41.5,1014.2
1995041118,10.9,1.2,2.8,305,71,1009.8
1995041200,6.5,0.1,3.6,3.3,70,1008.9
1995041206,8.5,0,3.7,356.7,49.5,1011.7
1995041212,16.6,0,3.6,353.6,19.5,1013.9
1995041218,12.2,0,1.6,305,27.5,1013.9
1995041300,6.6,0,0.5,324,45,1016.5
1995041306,9.4,0,1,150,53.5,1018.2
1995041312,19.2,0,4.1,180,15,1016.5
1995041318,14.4,0,2.4,238.5,32.5,1016.1
1995041400,10.8,7,1.5,257.1,68,1015.5
1995041406,10.4,6.6,0.8,57.4,91.5,1012.7
1995041412,11.9,0.5,2.5,73.4,89.5,1011.2
1995041418,9.9,0,2.2,4.3,83.5,1012.8
1995041500,8.8,0,1.2,25.6,82,1015.5
1995041506,9.9,0,2,24.9,74,1017.3
1995041512,11.2,0,2,40.1,71.5,1017
1995041518,10.1,0,1.2,356.6,74.5,1016.3
1995041600,9.4,0,1.6,336.6,76.5,1015.8
1995041606,11.4,0,1.2,223.2,72.5,1015.2
1995041612,19,0,3,134.5,45,1013.4
1995041618,14.4,0,1.4,24.5,71.5,1013.9
1995041700,13.5,0,1.4,53.3,63,1015.7
1995041706,15.4,0,1.8,106.7,57.5,1017.8
1995041712,19.6,0,3,119.9,41,1017.3
1995041718,14.1,0,1.4,85.9,70,1016.9
1995041800,10.8,0,0.7,317.6,88,1016.1
1995041806,13.9,0,0.9,235,78.5,1014.2
1995041812,20.6,0,2.5,90.4,42.5,1008.7
1995041818,16.5,0,1.5,35,73.5,1006.5
1995041900,14,0,1.4,333.7,60.5,1006
1995041906,12.7,0,3.6,336.7,46.5,1009.7
1995041912,14.1,0,3.8,86.8,39.5,1014.2
1995041918,9.9,0,1.7,69.5,47,1017.6
1995042000,5.2,0,0.6,356.7,77,1020.4
1995042006,9.5,0,1.5,326.3,72.5,1021.8
1995042012,19.5,0,3.4,226.7,28,1020.3
1995042018,14.6,0,1.9,260,46.5,1019.9
1995042100,8.8,0,0.6,317.6,74.5,1020.9
1995042106,11.8,0,1.8,252.6,78,1019.9
1995042112,17.5,0,3.4,173.6,53,1015.8
1995042118,13.5,17.6,1.6,246.1,84.5,1011.8
1995042200,14.9,3.4,1.2,123.4,91,1007.3
1995042206,18.9,0,1.2,142.4,89.5,1005.9
1995042212,22.5,0,3.2,226.8,61,1003.5
1995042218,18.8,10.2,2.3,215,87.5,998.8
1995042300,15.6,12.4,2.5,152.2,88.5,995.7
1995042306,14.8,0,4.2,18.8,57,1002.4
1995042312,21.2,0,4.2,319.1,19,1006
1995042318,16.5,0,2.7,343.3,14.5,1010.5
1995042400,11.8,0,1.7,344.9,18.5,1015.2
1995042406,13.2,0,0.6,297.4,26,1016.7
1995042412,18.2,0,2.6,220.1,18,1014.3
1995042418,14.5,0,1.3,296.7,24.5,1013.7
1995042500,9.4,0,0.8,344.3,47,1014.8
1995042506,12.9,0,1.4,266.4,54,1013.2
1995042512,21.8,0,3.7,206.6,18,1009.4
1995042518,16.9,0,3,279.4,26,1007.1
1995042600,11.3,0,2.6,353.2,33.5,1011.2
1995042606,14.2,0,3.6,296.8,24.5,1013.9
1995042612,22.2,0,3.3,49.7,14.5,1015.3
1995042618,15.4,0,1.5,48.2,60,1017.5
1995042700,10.4,0,0.8,328.1,79,1020.1
1995042706,12.6,0,0.5,235,56,1020.7
1995042712,19.5,0,2.9,176.9,29,1019.8
1995042718,15.5,0,1.1,235,43.5,1017.8
1995042800,9.8,0,0.2,353.6,65,1018.4
1995042806,13.7,0,0.6,244.9,67,1018.2
1995042812,22.3,0,3.3,170,24,1017.5
1995042818,16.3,0,1.2,209.6,61,1017.1
1995042900,11.7,0,0.6,353.4,85.5,1017
1995042906,14.5,0,1.2,60,78.5,1014.7
1995042912,20.2,0,2.6,151.1,68.5,1012.4
1995042918,16.4,0.2,0.9,125,85,1011.8
1995043000,13.6,0,1.1,270,88.5,1012.6
1995043006,16.8,0,2.1,10.4,62.5,1014.2
1995043012,23.7,0,3.3,83.9,18,1014.2
1995043018,18.5,0,1.3,73.1,27,1014
1995050100,14.1,0.2,0.4,27.9,60,1013.4
1995050106,14.2,3.9,1.3,17.2,88.5,1011.5
1995050112,14.9,9,2.8,19.7,89,1010.5
1995050118,14.1,2,1.2,343.1,89.5,1012.3
1995050200,12.1,0,0.9,316.9,89,1014
1995050206,15.1,0,0.6,278.9,86,1015
1995050212,20.2,0,2.6,86.6,70,1014.3
1995050218,16.6,0,1.4,28.5,83.5,1013.5
1995050300,14.6,0,0.3,354,88.5,1012.3
1995050306,17.1,0,0.9,355,77,1012
1995050312,23.9,0,3.4,342.7,23.5,1010.8
1995050318,16.3,0,2,38.2,19.5,1013.2
1995050400,11.4,0,1.5,19.7,19,1015.8
1995050406,13,0,3.3,10,21.5,1016.8
1995050412,16.6,0,2.7,70,22,1015.4
1995050418,13.4,0,2.6,300,27.5,1012.8
1995050500,8.5,0,1.2,352.4,40,1012.8
1995050506,12.9,0,2.3,253.2,39.5,1012.5
1995050512,21.9,0,4.9,231.8,15.5,1010.2
1995050518,17.5,0,3.2,220.3,39,1010.7
1995050600,14.1,0,1.6,282.8,46,1013.5
1995050606,16.7,0,0.9,197.2,38.5,1013.5
1995050612,24.7,0,3.4,274.3,32.5,1011.9
1995050618,15.3,0,2,22.8,49,1015.8
1995050700,10.1,0,0.7,323.1,68.5,1017.5
1995050706,13.3,0,0.9,215,70.5,1017.4
1995050712,20.7,0,3.3,115.6,47.5,1015.3
1995050718,17.2,0,0.9,35,56.5,1013.6
1995050800,12.2,0,0.3,339.1,63.5,1013.8
1995050806,15.9,0,0.8,223.3,70,1014.5
1995050812,23.6,0,3.3,84.1,41.5,1013
1995050818,18,0,1.1,44.3,61.5,1012.3
1995050900,13.4,0,0,0,62.5,1013
1995050906,17.6,0,1.3,84.8,63.5,1013.6
1995050912,26.4,0,4.2,225.7,31,1011.8
1995050918,21.1,0,3.4,240,53,1012.1
1995051000,19.6,0,3,223.4,72.5,1012.2
1995051006,21.6,0,3.6,218.2,71,1011
1995051012,23.2,0.3,5.2,200,56.5,1008.7
1995051018,12.9,6.5,2.3,346.6,85.5,1010.7
1995051100,8.9,0.1,3.2,340,67,1012.5
1995051106,12.6,0,2.1,10.3,37.5,1015.6
1995051112,19.3,0,3,80,17,1016.5
1995051118,14.2,0,1.4,134.9,34.5,1018.5
1995051200,8.8,0,0.8,305.5,70.5,1020.5
1995051206,13.1,0,2.1,52.4,63.5,1021.6
1995051212,19.5,0,4.4,100.2,19.5,1021.5
1995051218,14.4,0,1.8,13.9,21,1020.3
1995051300,8.3,0,0.8,286.7,54,1020.2
1995051306,11.4,0,1.3,28.5,71.5,1019.3
1995051312,15.8,0,3.3,70,48.5,1016.7
1995051318,11.6,16.7,1.2,325,82,1014.7
1995051400,10.9,2.3,0.8,284.7,91,1010.9
1995051406,12.1,0.4,1.4,319.5,91,1007.5
1995051412,13.9,0,1.5,15,84,1006.8
1995051418,12.4,0,1,340,81.5,1007.1
1995051500,11.6,0,1,299.9,88,1006.8
1995051506,12.6,0.2,1.6,356.6,88,1006.6
1995051512,13.9,0.1,2.1,23.2,83,1005.8
1995051518,13.1,0,2.1,349.8,85.5,1005.2
1995051600,10.6,0,0.4,10,66,1006.4
1995051606,13.4,0,0.5,302.2,64.5,1007.5
1995051612,18.8,0,2.5,182.7,45,1009.2
1995051618,15,0,1.2,342.6,62,1011
1995051700,10.1,0,0.1,353.6,86.5,1012.9
1995051706,14.8,0,1,233,79.5,1014.9
1995051712,21.3,0,3.5,136.8,44.5,1015.8
1995051718,17.4,0,1.4,96.1,74.5,1016.5
1995051800,14,0,0.4,346.2,89.5,1017.9
1995051806,16.3,0,0.8,160,85,1020
1995051812,24.9,0,3,160,19.5,1019.2
1995051818,19.1,0,1.1,205.6,32,1019.6
1995051900,11.7,0,0.7,343.3,84,1019.5
1995051906,15.2,0,1,233.1,67,1019.5
1995051912,24.1,0,3.3,228.1,46.5,1016.5
1995051918,21.4,0,2.1,246.6,41,1015
1995052000,18,0,1.2,257.8,62.5,1013
1995052006,17.5,7.6,2.9,228.4,85,1009.8
1995052012,16.9,3.3,3.4,209.6,90,1006.8
1995052018,16.7,7.6,2.4,180,90,1003.8
1995052100,16.9,6.5,1.5,125.4,90,1001.6
1995052106,15.4,0.6,3.4,29.9,83,1002.7
1995052112,17.2,0,3.4,18.2,69,1002
1995052118,15.9,0,2.7,356.7,55.5,1002.5
1995052200,12.5,0.2,0.9,317,67.5,1004
1995052206,15.2,0,0.9,191.8,74.5,1006.3
1995052212,21.4,0,3.7,166.4,44,1006.8
1995052218,17.4,0,1.1,69.5,73.5,1007.4
1995052300,13.1,0,0.2,350,87.5,1009.1
1995052306,18.5,0,2.1,8.6,55.5,1011.8
1995052312,26,0,3.1,240.2,16,1013.1
1995052318,20.9,0,2.1,230.4,27,1013.2
1995052400,15.2,0,0.3,19.5,65.5,1014.1
1995052406,18.4,0,0.6,269.7,72.5,1014.9
1995052412,26.9,0,3.8,217.1,19.5,1012.2
1995052418,21.9,0,2.5,183.4,28.5,1012.2
1995052500,19.9,0,2,198,47.5,1011.3
1995052506,20,1.3,2.6,256.4,78.5,1010.2
1995052512,20.6,0.2,3.4,241.9,73.5,1008.3
1995052518,18.3,0,1.7,244.5,83,1006.6
1995052600,17,0,1.3,353.4,90,1008
1995052606,20.5,0,1.6,10.1,57.5,1010.4
1995052612,26.1,0,2.8,316.8,19,1010.1
1995052618,21.2,0,1.8,310.9,27,1010.1
1995052700,15.6,0,2.9,346.6,31,1013.6
1995052706,19.5,0,2.8,29.1,26,1017.2
1995052712,25.3,0,2.6,106.8,17.5,1016.8
1995052718,19,0,1.5,256.3,21.5,1017.2
1995052800,13.5,0,0.3,331.9,46.5,1018.3
1995052806,15.2,0,1.4,280.4,50,1017.6
1995052812,18.4,1.5,1.6,90,45,1016.7
1995052818,13.4,16.5,0.3,351.8,88,1013.9
1995052900,14.1,3.3,0.8,102.7,91,1010.5
1995052906,15.1,0,1.2,18.2,90.5,1008.4
1995052912,20.9,0,2.6,116.6,67,1007.7
1995052918,17.8,0,1.4,50.1,79.5,1007.8
1995053000,15.3,0,0.6,331,88,1010.3
1995053006,18.8,0,1.2,313.4,74,1011
1995053012,24.1,0,2.8,87.2,54.5,1008.6
1995053018,20,0,1.2,352.2,66,1008.6
1995053100,14.5,0,0.9,348,80,1011.3
1995053106,19,0,1.6,344.6,46.5,1014
1995053112,25.7,0,2.8,116.4,25,1013.9
1995053118,20.2,0,1.7,67.9,36,1014
1995060100,14.9,0,0.9,303,69,1015.2
1995060106,20.2,0,1.3,48.9,58,1015.8
1995060112,26.3,0,3.4,155.7,22,1015.4
1995060118,20.5,0,1.4,184.7,35.5,1015.7
1995060200,14.3,0,1,305.5,68.5,1015.7
1995060206,17.8,0,0.7,246.9,68.5,1015.6
1995060212,24.9,0,2.7,110,34,1013.9
1995060218,19.6,0,1.9,83.5,64,1012.5
1995060300,17,43.3,1.9,346.1,78,1009.3
1995060306,16.3,29.4,0.9,329.3,91,1004.3
1995060312,18.5,4.9,1.2,356.9,90.5,1000.2
1995060318,18.2,0,1,295,86,999.8
1995060400,16.8,0,0.5,351.4,89.5,1001.8
1995060406,18.2,0,2,90,83,1004.3
1995060412,18.8,0.1,3.5,83.5,65.5,1006.8
1995060418,14.7,2.7,1.6,74.2,84,1008.2
1995060500,13.6,0.2,0.6,333.1,89,1008.2
1995060506,17.5,0,1.3,354.6,82.5,1008.1
1995060512,24.8,0,2.8,50.8,37.5,1006.3
1995060518,18,2.4,2.2,6.8,62.5,1007.5
1995060600,14.6,0,1,347.4,87,1009.9
1995060606,18.9,0,1.2,128.7,77.5,1011.8
1995060612,23.2,0,2.9,150,56.5,1012.9
1995060618,18.5,0,1.2,100.2,69.5,1014
1995060700,14.7,0,0.8,310.1,84.5,1015.2
1995060706,16.6,0,1.4,48.7,79,1016.5
1995060712,19.4,0,2.8,90,66.5,1016.2
1995060718,17.4,0,2.4,70,70,1016.6
1995060800,16.3,0,1.6,37.7,75.5,1016.2
1995060806,17.6,0,2.5,34.2,74,1015.7
1995060812,19.7,0,3.9,62.4,64.5,1013.5
1995060818,18.1,0,2.5,43.4,66.5,1011.8
1995060900,16.2,0.5,1.7,23.2,82.5,1011.3
1995060906,15.9,0.5,2.2,7.9,87,1011
1995060912,18.3,0,2.2,35,76.5,1010.3
1995060918,16.6,0.5,2.1,45.1,77.5,1009.6
1995061000,15.7,0,1.5,356.6,85.5,1010
1995061006,17.5,0,2.2,19.3,79.5,1011.2
1995061012,21.5,0,3.5,78.4,62,1011.8
1995061018,18.2,0,3.2,66.6,73.5,1012.6
1995061100,16.8,0,2,35,79.5,1014.7
1995061106,17.1,0,2.8,48.4,76.5,1016.2
1995061112,18.5,0,3.5,60,72,1016.6
1995061118,17.3,0,2.9,56.6,74,1016.2
1995061200,16.3,0,2.3,38.2,76.5,1016.9
1995061206,16.7,0,2.8,60,76.5,1017
1995061212,17.6,0,2.7,59.8,68.5,1016.8
1995061218,15.6,4.1,1.4,18.9,81,1014.6
1995061300,14.8,2.9,1.6,8.7,89,1013.2
1995061306,16.5,0,2.3,45.1,79.5,1012.1
1995061312,21.1,0,3.8,60,48.5,1011.2
1995061318,17.3,0,1.9,37.1,58,1011.5
1995061400,15.9,0,1.6,0,74.5,1012.2
1995061406,17.6,0,1.4,25.3,72,1012.6
1995061412,20.4,0,4.4,103.6,50.5,1011.2
1995061418,17.3,0,1.6,41.6,71,1011.2
1995061500,16.5,0,1.5,228.7,78.5,1011
1995061506,18.7,0,0.9,263,73.5,1010.8
1995061512,22.7,0,3,135.2,50.5,1009.4
1995061518,19.6,0,1.7,155.2,76.5,1009.7
1995061600,17.9,0,0.4,355.2,85,1009
1995061606,21.6,0,1.1,41.3,74,1007.5
1995061612,25.1,0,2.8,142.3,47.5,1006.9
1995061618,20.4,0,1.5,246.6,63,1007
1995061700,17,0,0.2,346.9,84.5,1008
1995061706,19.2,0,0.7,10.5,87.5,1007.9
1995061712,21.8,0,2.5,138.4,72,1007.7
1995061718,20.3,0,2.5,128.4,65.5,1006.3
1995061800,18.1,3.4,0.8,36,83,1005.2
1995061806,16.9,4.9,0.8,46.1,88.5,1003.4
1995061812,18.4,0.8,1.6,343.4,87.5,1001.4
1995061818,18.4,0,0.2,21.9,83.5,1001.8
1995061900,17.7,0,0.9,59.3,85.5,1001.7
1995061906,20.5,0,1.5,270,76.5,1002.3
1995061912,27.2,0,1.9,320,46,1000.5
1995061918,24.1,0,0.7,0,59.5,1001.2
1995062000,19.8,0,0.9,359.3,71,1003.8
1995062006,22.6,0,2,355.6,65,1006.3
1995062012,27.6,0,2.9,144.5,41,1005.5
1995062018,21.7,0,2,98.4,74.5,1006.5
1995062100,19.5,0,0.2,11.4,83,1007.7
1995062106,20.2,0,2.3,73.4,81,1007.8
1995062112,20.1,0,3,76.8,74.5,1008.2
1995062118,18.5,0,2.5,53.3,72,1007.9
1995062200,16.3,0.3,0.8,4.3,86,1008.1
1995062206,17.6,0,2.2,58.5,80,1007.5
1995062212,19.1,0,3.4,93.4,73,1007.2
1995062218,17.6,0,1.8,53.3,78,1006.3
1995062300,17,0,0.5,7.7,81,1005.9
1995062306,19.1,0,1.1,32.4,75.5,1005.4
1995062312,24.3,0,2.4,155.6,56,1004
1995062318,20.4,0,1.4,196.2,71,1004.5
1995062400,17.2,0,0.1,350,85.5,1004.2
1995062406,21.5,0,0.7,319.9,81,1004.8
1995062412,28.1,0,3.2,190.2,39.5,1004.1
1995062418,23.1,0,1.4,93.7,67,1003
1995062500,20.2,0,0.4,12.4,85.5,1002.6
1995062506,21.8,0,0.6,303.1,80,1000.1
1995062512,26.4,0,2.1,164.8,55,996.6
1995062518,22.3,0.6,1.8,46.8,75,996
1995062600,19.6,4.1,0.5,342.8,87,997.9
1995062606,21.4,0,0.3,9.4,85.5,998.8
1995062612,24.5,6.2,2.2,155,66.5,999
1995062618,21.6,0,1.7,43.6,72,1001.1
1995062700,19.7,0,0.3,13.6,84.5,1002.8
1995062706,21,0,1,63.4,84.5,1003.6
1995062712,25.1,0,3.2,151.9,57.5,1003.7
1995062718,21.2,0,1.7,98.3,72.5,1004.5
1995062800,20.2,2.1,0.3,346.8,85,1005.1
1995062806,21.3,0,0.8,329.1,87,1006.1
1995062812,25.6,0.9,3.3,157.1,57,1005.4
1995062818,23,0,1.3,77.4,71.5,1005.8
1995062900,19.7,0,1.2,313.4,80,1008.3
1995062906,23,0,0.9,256.8,70.5,1009.5
1995062912,29.5,0,3.5,218.1,37,1008
1995062918,25.5,0,1.6,275.8,47,1007.5
1995063000,19.4,0,0.1,348.7,64.5,1008.7
1995063006,21.4,0,0.9,270.2,66,1008.3
1995063012,24,0.2,2.3,227.6,65.5,1007
1995063018,21.3,0.1,1.7,198.2,85.5,1004.9
1995070100,19.7,0,0.1,348.7,87.5,1004.8
1995070106,22.9,0,1.1,39.8,79,1004.3
1995070112,28,0,3.3,188.7,61.5,1004.2
1995070118,24.5,0,2.4,206.7,79,1004.9
1995070200,22.5,0.4,1,295,83.5,1005.8
1995070206,22.2,1.9,0.3,32.1,89,1004.8
1995070212,22.5,9.2,0.3,11.2,86.5,1004.1
1995070218,20.8,5.2,0.6,16.5,87.5,1003.5
1995070300,20.2,0,0.6,347.1,88.5,1004.3
1995070306,21.1,0,0.6,286.9,88.5,1004.9
1995070312,26.3,0,1.5,135.1,67,1004.9
1995070318,24,0,0.3,8.6,74.5,1005.8
1995070400,21.5,0,0.3,350,85.5,1006.9
1995070406,22.2,0,0.7,299.2,86,1007.8
1995070412,25.2,0,1.7,176.6,68,1008.2
1995070418,22.5,0,0.8,23.2,75,1008.7
1995070500,21,0.2,0,0,86,1009.3
1995070506,21,0.7,0.4,346.4,87.5,1010.5
1995070512,25.1,0,1.6,210.3,59.5,1009.8
1995070518,22.6,0,0.9,107.2,57,1008.5
1995070600,20.1,0,0.4,11.3,78.5,1009.4
1995070606,21.7,0,1,324.2,75.5,1011.2
1995070612,26.9,0,1.1,221.4,47.5,1011
1995070618,23.3,0,1.4,45,66,1010.6
1995070700,21.3,0,0.3,7,79,1011.5
1995070706,21.1,7.8,0.2,0.2,84.5,1012.7
1995070712,21.3,34.2,1.2,17,87,1011.7
1995070718,21.1,2.5,0.4,309.4,86.5,1011.5
1995070800,21.2,4.4,0,0,86.5,1011.9
1995070806,23.4,0.1,0.6,41.3,87,1012.3
1995070812,29,0,3.3,204.3,63.5,1011.7
1995070818,26.5,0,3.3,250,69,1010.7
1995070900,25.5,0,3,230.2,78.5,1009
1995070906,26.4,0,2.8,209.9,74,1008.1
1995070912,30,0,3.9,259.8,58.5,1008.1
1995070918,27.4,0,3.2,211.6,65,1006.9
1995071000,26.2,0,2.7,253.4,74,1006.5
1995071006,26.9,0,2.9,248.7,78.5,1006.3
1995071012,28,0.6,3.2,253.4,71.5,1005.9
1995071018,26.8,0,4,256.8,74.5,1005.4
1995071100,25.2,0,1.6,285.6,80.5,1006.3
1995071106,26.5,0.2,1.9,247.7,79.5,1007.6
1995071112,30.5,0,3.8,230,60.5,1007.5
1995071118,27.7,0,2.3,231.8,71,1008.1
1995071200,25.6,0,1.8,240,79,1009.8
1995071206,26.7,0,2.6,255.8,77,1010.8
1995071212,30.4,0,4.7,263.4,58,1011.5
1995071218,27.8,0,3.6,260,68,1011.1
1995071300,26.3,0,2.2,256.6,73,1011.2
1995071306,28.3,0,3.9,250,66,1010.8
1995071312,31.5,0,5,260,50.5,1009.4
1995071318,28.8,0,3,280.4,61.5,1008.2
1995071400,26.4,0,1.1,304.2,73.5,1008.7
1995071406,27.8,0,1,105,71,1008.3
1995071412,32.7,0,2,175.1,51.5,1006.2
1995071418,29,0,1.3,263.4,64,1004.9
1995071500,25,0,0.7,325.1,82.5,1004.8
1995071506,26.6,0,1.6,131.4,79.5,1004.1
1995071512,30.6,0,4.1,285.8,58,1002.2
1995071518,28,0,2.9,226.8,70.5,1001.2
1995071600,26.8,0,2.9,223.8,77,1000.7
1995071606,26.8,0,3.2,278.7,78,1000.3
1995071612,28.7,0,4.2,271.9,71.5,999.7
1995071618,26,0,2,29.8,77,1000.2
1995071700,22.3,0,0.9,75.7,83.5,1002.8
1995071706,22.6,0,2.4,98.7,84,1005.6
1995071712,24.7,0,3.7,128.4,63.5,1006.4
1995071718,21.4,0,2.1,74.8,72.5,1007.8
1995071800,20.1,0,0.7,41.3,78.5,1009.1
1995071806,20.7,0,0.8,0,77,1009.9
1995071812,22.8,0,2.2,48.1,65,1009.7
1995071818,20,0,1.5,7.2,74.5,1009.8
1995071900,18.4,0,0.2,338.1,85,1008.5
1995071906,20.1,0,0.8,295,81.5,1007.6
1995071912,23.5,0,2.5,200.2,73,1006.1
1995071918,22.9,2,0.7,297.7,83,1003.7
1995072000,24,0.3,0.9,33.9,88.5,1002.3
1995072006,26.4,0,1.6,152.2,80.5,1003
1995072012,29.8,0,2.5,141.8,57.5,1003.2
1995072018,24.9,0.2,0.9,289.3,77,1004.7
1995072100,22.9,1.2,0.7,5.3,85,1004.6
1995072106,23.4,7.4,1,11.8,87.5,1005.1
1995072112,24.9,0.9,1,123.1,86,1004.8
1995072118,24.2,0,0.5,80,85.5,1004.6
1995072200,23.2,0,0.2,8.6,87,1005.3
1995072206,24.4,0,0.9,84.7,86.5,1006.9
1995072212,26.4,0,2.1,191.2,77,1007
1995072218,23.3,6.3,1.3,256.6,82,1008.4
1995072300,21.6,0.2,0.6,2.6,87,1008
1995072306,22.2,0.1,1.1,13.9,87,1007.7
1995072312,25,3.2,6,90,81,1003.5
1995072318,23,14.1,6.3,211.6,85.5,998.8
1995072400,24.1,4.2,5,236.4,83.5,1003.2
1995072406,25.8,0,3.1,228.4,76.5,1008.8
1995072412,28.8,0,3.4,248.6,59.5,1011.2
1995072418,26.4,0,1.6,250,71.5,1012
1995072500,23.9,2.8,0.3,351.1,87.5,1014.4
1995072506,26,0,2,150.4,84.5,1014.3
1995072512,31,0,5,230,57,1014.5
1995072518,27.1,0,2.7,250,66,1015.2
1995072600,23.3,0,0.1,27.9,83.5,1016.7
1995072606,26.1,0,1.9,91.4,80.5,1017.3
1995072612,32.2,0,4.1,270,37.5,1016.4
1995072618,28,0,2.7,260,54,1016.1
1995072700,23.5,0,0.1,353.6,81,1017.1
1995072706,26.2,0,0.7,334.5,77.5,1017.1
1995072712,32.6,0,1.9,86.6,43.5,1016.4
1995072718,28.9,0,1.3,286.7,50.5,1015.2
1995072800,23.1,0,0.2,338.1,78.5,1015.4
1995072806,26.3,0,1.3,267.2,75,1015.6
1995072812,34,0,2.6,230,38.5,1013.2
1995072818,28.2,0,1.1,7.9,56,1011.7
1995072900,23,0,0.5,323.1,81.5,1011.8
1995072906,26.1,0,0.7,333.3,73.5,1011.2
1995072912,35.2,0,2.8,258.4,33,1008.5
1995072918,29.8,0,1.9,307.2,51,1007.9
1995073000,24.2,0,0.8,305,74.5,1009
1995073006,27.2,0,1.5,298,71,1009
1995073012,32.6,0,5.1,235,43.5,1009.2
1995073018,28.4,0,3,226.8,61,1009.4
1995073100,26.5,0,2,226.8,72.5,1010.2
1995073106,28.8,0,3.6,250,65.5,1011.7
1995073112,32.8,0,3.8,223.8,50.5,1011.2
1995073118,29.1,0,3.5,220.1,64,1011.5
1995080100,27,0,1.9,202.4,75,1012.7
1995080106,28.3,0,2.2,215,75,1012.2
1995080112,33.5,0,3.4,223.8,50.5,1010.1
1995080118,29.5,0,3,174.5,68,1009.2
1995080200,27.7,0,1.5,263.1,77,1008.9
1995080206,29.4,0,3.1,243.4,69.5,1008.7
1995080212,33.5,0,4.3,245.6,48.5,1007.8
1995080218,29.6,0,3.5,250,62.5,1007.5
1995080300,27,0,2.1,204.3,77.5,1009.2
1995080306,29.1,0,2.5,294.6,71.5,1010.2
1995080312,34.7,0,4.3,221.5,40,1009.3
1995080318,30.3,0,2.5,275.8,56.5,1010
1995080400,25.5,0,0.3,350.2,82,1012.3
1995080406,28.5,0,1.6,284.1,73,1012.9
1995080412,34.2,0,3.7,233.3,38.5,1011.6
1995080418,29.7,0,2.2,265.1,55,1011
1995080500,25.6,0,0.8,295.5,79,1012
1995080506,28.2,0,1.2,295.3,72.5,1012.2
1995080512,34.8,0,2.8,246.6,38.5,1010.7
1995080518,30.2,0,2,286.5,57.5,1010.1
1995080600,26.5,0,1.2,333.4,78,1011.3
1995080606,28.7,0,1.8,284.9,75,1011.6
1995080612,33.9,0,4,233.3,46,1010.1
1995080618,29.7,0,2.8,243.2,62.5,1009.7
1995080700,27.5,0,1.7,257.8,72,1010
1995080706,29.4,0,3.6,226.8,67.5,1009.9
1995080712,34.3,0,4.5,215,45.5,1008
1995080718,30,0,2.9,215,58.5,1007.7
1995080800,27.4,0,2.4,206.6,75.5,1008.5
1995080806,29.4,0,2.6,223.4,68,1009.2
1995080812,34.2,0,4.2,212.9,44,1008.1
1995080818,29.3,0,3.2,191.2,66,1008.2
1995080900,27.8,0,3.1,235,74,1008.5
1995080906,29.6,0,3.2,231.5,67.5,1008.9
1995080912,31.8,0,4.2,193.4,53.5,1008.3
1995080918,27.7,0.2,2.6,264.7,76.5,1008.8
1995081000,26.1,0,1.6,288.6,76,1010
1995081006,26.9,0,0.8,357.6,80,1010.6
1995081012,33.2,0,2.6,253.4,46.5,1009.7
1995081018,29.2,0,1.5,231.9,61,1008.9
1995081100,25.1,0,1.1,328.4,79,1009.9
1995081106,27.8,0,1.3,254.6,74,1010.3
1995081112,33,0,3,121.6,43,1010
1995081118,27.5,0,0.9,21.9,63.5,1009.2
1995081200,24.8,0,0,0,79,1009.1
1995081206,28,0,0.7,322.4,78,1008.5
1995081212,33.2,0,2.7,132.9,51,1006.8
1995081218,30,0,2.2,266.6,64.5,1006.3
1995081300,26.8,0,0.6,353.6,83.5,1007.3
1995081306,29,0,0.8,35,78,1007.9
1995081312,36.3,0,2.7,167.2,44.5,1007
1995081318,26.2,7,1.2,28.4,82,1009.2
1995081400,25.8,0,0.4,351.8,88,1010.4
1995081406,28.2,0,0.7,282.6,83.5,1011.7
1995081412,34.3,0,2.8,152.1,50.5,1011.8
1995081418,28.4,0,1.3,66,66,1012.7
1995081500,27.1,0,0.8,323.1,79,1013.8
1995081506,29.2,0,0.9,236.2,76,1014.6
1995081512,29.9,0,2.8,194.5,61,1014.5
1995081518,25,0,0.7,318.4,84.5,1015.2
1995081600,23.6,0,0.4,342.7,87.5,1015.6
1995081606,26.6,0,1.2,277,81,1015.8
1995081612,32.8,0,3.1,61.1,45.5,1014
1995081618,27.8,0,1.3,35,59,1014.2
1995081700,24.6,0,0.6,323.1,79.5,1014.8
1995081706,26.8,0,1,218,82.5,1014.7
1995081712,31.4,0.3,2.2,176.7,60.5,1013
1995081718,28,0,1.1,320.4,75.5,1012
1995081800,25.8,0,0.2,345.6,81.5,1011.2
1995081806,27.9,0,2.5,73.4,70,1010.9
1995081812,33.8,0,4,217.2,44,1010.1
1995081818,29.8,0,2.8,158.4,56.5,1010.2
1995081900,27.4,0,1,271.4,73.5,1011.9
1995081906,29.8,0,1.6,179.9,71,1011.9
1995081912,32,0,2.8,195,55,1010.6
1995081918,27.8,0.4,2,253.1,77.5,1011.3
1995082000,26.7,0,1.6,246.1,81,1010.8
1995082006,26.9,3.2,1.7,223.6,85,1009.8
1995082012,26.3,0.4,2.9,223.5,84.5,1009.9
1995082018,25.7,0,1.8,248.1,78.5,1009.8
1995082100,23.1,0,0,0,88,1010.3
1995082106,24.9,0,0.6,94.9,85.5,1011.1
1995082112,27.6,0,2.5,191.4,73,1010.5
1995082118,25.1,0.2,0.8,326.4,73.5,1011.1
1995082200,23.6,0,0,0,86.5,1012
1995082206,24.8,0,0.3,341.6,85.5,1012
1995082212,29.6,0,2.4,160,62.5,1010.6
1995082218,27,0,0.6,17.9,79,1010.5
1995082300,25,11.7,0.2,10,87,1010.8
1995082306,26.1,2.6,0.9,308.1,87,1010.8
1995082312,31.1,0,3.1,218.1,67,1010.8
1995082318,28.6,0,2.4,249.1,74,1010.8
1995082400,27,0,1.2,252.8,84.5,1011.3
1995082406,29.1,0,2.6,254.5,72,1011.7
1995082412,32.5,0,3.7,212.9,55.5,1012.2
1995082418,29,0,3.5,229.8,71.5,1012.2
1995082500,27.8,0,1.8,243.2,77.5,1012.1
1995082506,28.3,3.8,2.1,257.6,74.5,1012
1995082512,28.1,20.8,3.5,265.2,85.5,1011.6
1995082518,27.6,0,1.1,296.7,75,1011.5
1995082600,25,0,0.3,54.9,86.5,1011.9
1995082606,25.9,0,1.1,43.5,88,1010.9
1995082612,26.8,12.1,2.5,201.3,85,1009.7
1995082618,25.6,14.2,3.2,206.6,87.5,1006.1
1995082700,24.1,0,1.9,206.6,84,1004.2
1995082706,26.4,0,3.7,235.3,71,1004.5
1995082712,29.4,0,2.6,180.7,54.5,1006.9
1995082718,23.6,0,0.9,4.8,71.5,1010.5
1995082800,21.8,0,0.4,335.9,84,1012.9
1995082806,23.5,0.6,0.3,16.7,85.5,1013.8
1995082812,28.3,0,3,160,65,1012.4
1995082818,25.3,0,0.9,172.9,80,1011.9
1995082900,22.2,0,0.3,338.1,90,1013.2
1995082906,24.1,0,0.5,311.7,87,1013.7
1995082912,29.9,0,2.8,180,60,1013
1995082918,26.2,0,1.3,244.9,75.5,1012.8
1995083000,22.6,0,0.3,338.1,86.5,1012.5
1995083006,22.8,3.3,0.1,350,85.5,1011.7
1995083012,25,1.1,0.8,117,86.5,1010.5
1995083018,24.2,2.9,0.2,0,86,1008.8
1995083100,23.4,5.8,0,0,88.5,1009.4
1995083106,24.8,9.3,0.8,17.8,90,1010.6
1995083112,29.4,0,2.2,160,62.5,1010.2
1995083118,25,0,1,20.8,78.5,1011.8
1995090100,22.2,0,0.2,3.3,87,1014.1
1995090106,23.7,0,1.2,3.8,77,1015.5
1995090112,28.1,0,3.1,101.2,33,1015.7
1995090118,23.2,0,0.8,345.1,58,1015.5
1995090200,21.7,0,0.9,340,76.5,1013.2
1995090206,24.5,0,1.8,223.6,78,1009.4
1995090212,27.5,0.8,3.3,235.3,77,1004.8
1995090218,27.4,0,2,225.3,75.5,1002.5
1995090300,25.1,0,0.9,162.7,86.5,1002.5
1995090306,26,0,1,354.9,86.5,1002.3
1995090312,28.6,0,1.8,357.6,45.5,1000.7
1995090318,25.2,0,1.1,329.6,66,1000.7
1995090400,21.7,0,1.2,348.8,64,1001.3
1995090406,23,0,0.8,335.9,73,1002.5
1995090412,29.6,0,2.3,156.1,40.5,1001.9
1995090418,24.6,0,1.1,345.2,50.5,1001.7
1995090500,20.4,0,1.2,316.9,64,1003.8
1995090506,22.2,0,1.4,358,67.5,1005.5
1995090512,26.7,0,3.5,74.4,55.5,1006.5
1995090518,22.8,0,1.1,27.2,64.5,1006.8
1995090600,20.2,0,0.8,305.5,84,1007
1995090606,21.2,0,0.4,39.4,85.5,1007.2
1995090612,25.1,0.1,2.1,87,65.5,1006.2
1995090618,20.7,0.7,1,271.6,85,1007
1995090700,20.5,0,0.5,308.8,86.5,1006.8
1995090706,20.8,0.2,0.7,28.1,87.5,1008
1995090712,23.4,0,1.5,52.7,71,1009.7
1995090718,21.5,0.3,0.8,338.6,74.5,1011.2
1995090800,19.5,4.1,0.9,342.8,88.5,1012.2
1995090806,17.8,1.4,0.8,333.4,88.5,1014.4
1995090812,20.1,0,1,320.2,86,1014.8
1995090818,19.9,0,0,0,82.5,1014.5
1995090900,18.8,0,0,0,87,1013.4
1995090906,20.7,0,0.1,348.7,86.5,1012.1
1995090912,24.8,0,1.3,222.8,63,1009
1995090918,22.7,0,1.2,39.6,77,1008.4
1995091000,20.5,0,0.2,10,84.5,1008.5
1995091006,22.4,0,0.5,357,82,1008.3
1995091012,27.5,0,2,45,51,1007.2
1995091018,23.8,0,1.1,353.6,58.5,1008.2
1995091100,19.8,0,2.5,0,54,1012.3
1995091106,18.8,0,2.5,350.4,41,1016.3
1995091112,22.8,0,2.9,290.8,36.5,1016.3
1995091118,19.1,0,1,305,54,1016.9
1995091200,16.6,0,1.4,62.6,58.5,1019.6
1995091206,18.2,0,1,278.9,61.5,1021.2
1995091212,24,0,1.6,137.4,34.5,1019.7
1995091218,19.2,0,0.8,340,50.5,1017.9
1995091300,15.9,0,0.3,327.8,81.5,1017.8
1995091306,17.2,0.1,1.1,295,78,1016.9
1995091312,18.2,1.1,1.4,330.7,77.5,1016.4
1995091318,15.3,0.1,0.5,317.6,84.5,1015.9
1995091400,13.8,0,0.9,277.5,87.5,1015.7
1995091406,17.9,0,1.1,28.5,81,1015.2
1995091412,24.1,0,3.3,93.4,50,1015.1
1995091418,19.3,0,2,351.6,67,1015.9
1995091500,15.8,0,1,321.8,86.5,1016.1
1995091506,19.1,0,1.2,355.4,82.5,1016.2
1995091512,24.3,0,3.4,103.4,53.5,1014.4
1995091518,19.8,0,1.1,25,74,1013.8
1995091600,16,0,0.2,344.8,87.5,1013.2
1995091606,18.9,0,1.7,344,83.5,1012.8
1995091612,23,0,4,40.1,50,1012.5
1995091618,19.5,0,3.4,40.1,62.5,1012.9
1995091700,17.4,0,3.1,125,60.5,1012.2
1995091706,18.4,0,3.4,6.6,49.5,1013.1
1995091712,21.6,0,3.6,18.2,37,1013.2
1995091718,16.3,0,2.2,353.2,46.5,1015.8
1995091800,12.5,0,1,310.2,71.5,1017.1
1995091806,16.4,0,1.7,351.9,70,1018.7
1995091812,22.3,0,3.9,65.7,39,1018
1995091818,17.5,0,2,19.7,54,1018.6
1995091900,14.2,0,0.2,323,80.5,1019.8
1995091906,18.2,0,2.8,7.9,75,1020
1995091912,22.3,0,4.3,63.4,35.5,1019.3
1995091918,17.5,0,2.3,0.9,57,1019.5
1995092000,15.9,0,2.2,284.3,70,1018.6
1995092006,18,0,2.5,318,68,1018.5
1995092012,20.8,0,3.6,56.6,59.5,1018.2
1995092018,17.4,0,2.6,0,80,1018.8
1995092100,16,0,1.5,29.7,93,1018.3
1995092106,18.5,0,2,45.3,87.5,1019
1995092112,22.8,0,3.9,70,60,1017.7
1995092118,18.4,0,1.5,331.6,73,1017.3
1995092200,15.2,0,0.5,301.9,93,1017.4
1995092206,17,0,0.6,340.9,90.5,1017.5
1995092212,21.9,0,1.8,55.3,70,1017
1995092218,20.3,0,1.7,46.8,85.5,1016.8
1995092300,19.8,6,1.6,74.2,96,1015.7
1995092306,20.2,13.1,2.4,110.2,94,1014.5
1995092312,20.4,8.3,3.2,119.9,97.5,1012.4
1995092318,20.2,5,2.1,68.6,97.5,1010
1995092400,20,4.2,1.1,11.6,98,1005.8
1995092406,21.6,0,1.2,312.4,96.5,1006.5
1995092412,27.6,0,2.3,330.6,53,1007.8
1995092418,22.3,0,1.6,60,81.5,1011.9
1995092500,19.1,0,0.2,342.8,91.5,1013.7
1995092506,20.4,0,0.7,0,91.5,1015.3
1995092512,25.4,0,2.4,159.7,56,1014.2
1995092518,20.9,0,1.2,327.7,72.5,1014.5
1995092600,17.2,0,0.2,11.4,88,1015.6
1995092606,18.3,0,0.4,344.3,77.5,1016.6
1995092612,24.1,0,2,260,39,1014.6
1995092618,18.4,0,0.4,353.6,61.5,1014.7
1995092700,15.5,0,1.7,263.1,84,1014.8
1995092706,18.1,0,2.9,264.1,64.5,1015.3
1995092712,23.9,0,3.4,299.3,32.5,1015.2
1995092718,17.5,0,1.5,344.6,48,1018.2
1995092800,12.7,0,0.3,336.3,77.5,1019
1995092806,15.9,0,1.4,8.1,74.5,1019.9
1995092812,24.2,0,1.9,187.5,38,1018.7
1995092818,18.9,0,0.8,198.2,59,1018
1995092900,14.2,0,0.6,317.6,85.5,1019.3
1995092906,17,0,1.1,232.7,83.5,1020.5
1995092912,24.2,0,1.4,151.8,41,1019.5
1995092918,19.4,0,0.4,321.3,73.5,1020
1995093000,16.1,0,0.2,338.1,91,1021.6
1995093006,18.1,0,0.8,15.5,86,1023.1
1995093012,22.3,0,2.5,54.8,65,1023.7
1995093018,19.9,0,1.1,342.1,79,1023.8
1995100100,19.5,0,0.7,328.3,87.5,1023
1995100106,20.5,0.9,2.2,6.4,89,1021.1
1995100112,19.8,11.4,2.8,52.7,95.5,1017.6
1995100118,18.3,0.8,2.3,353.4,91,1016.7
1995100200,16.2,0,0.5,346.9,92.5,1016.7
1995100206,17.9,0,0.6,329.4,92.5,1017.9
1995100212,26.2,0,1.9,161.4,52,1016.1
1995100218,21,0,0.4,354.2,72,1015.8
1995100300,16.3,0,0.5,330.5,90.5,1016.2
1995100306,18.6,0,0.9,321.7,85,1016.1
1995100312,26.8,0,1.7,80,41.5,1013.2
1995100318,21.3,0.4,1.1,326.1,70.5,1013.4
1995100400,19.2,0,0.9,346.2,81.5,1011.7
1995100406,20.1,0,1.7,344.6,81,1012.7
1995100412,23.9,0,1.8,333.4,52.5,1013.2
1995100418,18.6,0,2.4,312.7,43,1015.1
1995100500,16.5,0,1.7,317.2,59.5,1016.3
1995100506,16.8,0.1,1,265.8,81,1017
1995100512,21.3,0,2.3,339.6,40.5,1015.8
1995100518,16.4,0,1.5,11.2,42,1018
1995100600,11,0,1.8,353.2,50,1022.2
1995100606,12.6,0,1.9,5.7,60,1024.6
1995100612,18.3,0,3.1,86.8,44,1024.6
1995100618,13,0,1,320,64,1024.3
1995100700,10.4,0,0.5,323.1,87.5,1024.6
1995100706,12.3,0,0.6,346.4,82.5,1023.7
1995100712,18.5,0,1,25,48.5,1022.4
1995100718,14.8,0,1.2,293.5,67.5,1022.3
1995100800,10.6,0,0.7,335.6,90.5,1022.2
1995100806,13.6,0,1.4,323.6,77,1021.9
1995100812,21,0,1.9,61,40,1019.8
1995100818,15.5,0,0.5,305.5,67,1019.9
1995100900,12.2,0,0.7,320.2,89,1020.1
1995100906,15,0,0.8,314.9,87,1020.9
1995100912,21.6,0,3.2,37.4,50.5,1020.1
1995100918,16.5,0,1.6,13.9,69,1021.6
1995101000,12.1,0,0.6,281.6,89,1022.8
1995101006,14.5,0,1.2,354.4,88,1024.2
1995101012,20.9,0,3.8,87,45.5,1023.7
1995101018,15.1,0,0.9,327.9,65,1024.4
1995101100,11.1,0,0.1,350,88,1024.8
1995101106,14,0,0.7,272.4,86,1025.2
1995101112,22.8,0,2.7,139.8,41,1023.2
1995101118,16.7,0,0.8,18.2,74.5,1023.2
1995101200,11.9,0,0.3,317.6,92,1022.8
1995101206,14.1,0,0.6,301.3,90,1023.4
1995101212,23.5,0,2.3,106.1,43,1021.7
1995101218,16.8,0,0.8,325,75.5,1020.8
1995101300,11.1,0,0.5,325,92.5,1021
1995101306,13.3,0,0.6,262.2,84.5,1020.8
1995101312,25.8,0,1.8,146.1,35.5,1018.7
1995101318,18,0,1,290,58,1017.6
1995101400,11.7,0,0.4,338.1,84.5,1017.3
1995101406,13.7,0,0.7,240.5,84.5,1016.2
1995101412,26.3,0,3.4,283.9,49,1012.8
1995101418,21.9,0,1.6,43.4,62.5,1013.3
1995101500,19.9,0,0.3,17.1,85.5,1014.4
1995101506,20.3,24.9,1.1,100,96,1012.6
1995101512,20.2,7.9,2.4,243,92.5,1011.7
1995101518,18.2,0,0.7,327.8,95,1011.5
1995101600,14.3,0,1,318.7,92,1012.3
1995101606,14.7,0,1.4,267.2,74.5,1013.8
1995101612,21.8,0,2.4,339.5,39.5,1013.9
1995101618,15.6,0,1.5,353.2,54.5,1016.8
1995101700,11.8,0,0.9,303.4,79.5,1019.2
1995101706,13.7,0,1,306.2,82.5,1020.6
1995101712,22,0,2.1,160,44.5,1019.9
1995101718,16.7,0,1,2.8,81,1019.9
1995101800,13,0,0.4,325,93,1020.3
1995101806,14.4,0,0.8,289.2,93.5,1020.1
1995101812,23.1,0,1.8,80,44,1018.6
1995101818,17.4,0,1.4,358.8,62,1019.5
1995101900,16.1,0,1.5,11.5,86,1020
1995101906,17.2,0,3.2,45.1,71.5,1021.5
1995101912,18.2,0,3.7,47.6,51.5,1022.3
1995101918,15,0,2.6,37.1,61,1023.1
1995102000,12.8,0,2.4,356.6,67.5,1023.2
1995102006,14.2,0,2.8,11.5,71.5,1023.1
1995102012,17.1,0,2.8,40.1,55.5,1021.3
1995102018,15.3,0,2.9,13.4,64,1020.8
1995102100,14.7,0,2.5,6.6,71.5,1020.1
1995102106,15.7,0,2.6,6.8,73,1020.2
1995102112,16.6,0,2.7,29.6,71,1018.5
1995102118,15.3,0,1.6,346.6,72,1018.8
1995102200,14.7,0,2.2,0,78.5,1019
1995102206,16.5,0,2.3,18.2,73.5,1019.7
1995102212,19.9,0,3.1,61.9,57.5,1019.7
1995102218,14.9,0,1.4,319.3,80.5,1021.8
1995102300,11.5,0,0.7,317.6,92,1022.2
1995102306,13.7,0,0.8,280.5,87.5,1023.3
1995102312,21.4,0,1.8,139.1,52,1020.3
1995102318,18.2,0,1.1,276.6,78,1019
1995102400,16,0.8,0.6,340,88.5,1018.3
1995102406,14.8,0.4,1.1,309.4,91,1017.2
1995102412,18.5,0,2.8,300.6,59,1014.9
1995102418,13.7,0,1.6,323.8,48.5,1016.2
1995102500,10.2,0,3.2,329.8,56,1018.7
1995102506,12,0,2.5,16,58.5,1020.8
1995102512,18.8,0,2.2,150.2,31.5,1020.5
1995102518,12.1,0,1.1,281.1,60,1020.9
1995102600,7.7,0,0.9,266.8,82,1021.4
1995102606,11.6,0,1.6,319.7,76.5,1021.3
1995102612,22,0,2.9,334.2,32,1019.7
1995102618,14.7,0,0.6,345.8,59,1020.7
1995102700,9.5,0,0.8,326.4,85,1022.6
1995102706,12.4,0,1.3,357,85.5,1024.2
1995102712,19.1,0,4.1,83.4,46.5,1024.2
1995102718,16.6,0,3.1,86.7,55.5,1024.8
1995102800,15.1,0,1.6,41.9,57.5,1024.3
1995102806,16.1,0,2.5,76.6,61.5,1023.5
1995102812,18.6,0,2.8,76.6,49.5,1021.1
1995102818,13.4,0,1.3,307.5,69,1020.3
1995102900,9.5,0,0.4,325,88.5,1019.2
1995102906,11.4,0,0.8,277.7,88,1018.6
1995102912,21.2,0,2,166.8,38,1014.8
1995102918,14.4,0,0.8,234.8,62,1013.8
1995103000,10.1,0,0.1,0,89.5,1012.4
1995103006,14,0,1.4,299.5,80.5,1011.6
1995103012,20.5,0,1.5,4.4,39.5,1010
1995103018,14.5,0,1.1,346.1,43,1010.8
1995103100,12,0,0.9,1,46.5,1009.8
1995103106,11.7,0,1.6,291.6,54,1009.2
1995103112,16.9,0,4.8,274.4,34.5,1006.3
1995103118,11.5,0,3,285,44,1008.2
1995110100,6.5,0,3.1,316.3,65,1011.2
1995110106,6.6,0,4.1,308.2,49.5,1015.8
1995110112,11.8,0,4.6,296.6,18,1016
1995110118,6.5,0,1.5,329.8,40,1016.2
1995110200,4.1,0,2.2,333.7,61.5,1018
1995110206,6.3,0,3.5,301.8,57,1019.9
1995110212,13.6,0,3.6,296.6,28.5,1017.8
1995110218,9.5,0,2.7,331.2,43,1016.7
1995110300,9.7,0,4.3,289.7,56.5,1015.7
1995110306,12.4,0,3.7,313.8,54.5,1016.8
1995110312,19.9,0,3.9,310.7,25,1015.7
1995110318,11.8,0,1,282.9,44.5,1016.2
1995110400,8.8,0,1.1,307.8,70,1018.1
1995110406,12.7,0,1.9,342.4,60.5,1020
1995110412,19.4,0,2.1,179.9,33,1019.3
1995110418,12,0,0.6,303.4,59,1021
1995110500,6.9,0,0.6,259.8,82.5,1022.3
1995110506,9.1,0,0.7,182.1,82.5,1024
1995110512,19.5,0,2,147.7,28,1022.8
1995110518,11.6,0,0.5,286.8,53,1023
1995110600,6.2,0,0.3,338.1,81.5,1022.9
1995110606,8.2,0,0.4,283,81,1022.6
1995110612,20,0,1.7,226.3,36.5,1020
1995110618,12.4,0,0.9,274.3,48,1019.2
1995110700,6.5,0,0.3,315,86,1017.3
1995110706,9,0,0.8,327.1,87,1013.6
1995110712,20.5,0,5,246.6,35,1003.9
1995110718,8,0.1,6.6,303.2,58,1006.5
1995110800,4,0,4.7,315.1,52.5,1014.2
1995110806,3.8,0,3.4,320.3,38,1016.9
1995110812,9.4,0,4.3,326.6,41.5,1015.7
1995110818,4.2,0,2.2,332.7,50,1017.3
1995110900,1.2,0,2.7,336.7,60.5,1017.9
1995110906,5.1,0,5,325,49,1019.2
1995110912,12.4,0,3.7,336.6,27.5,1017.8
1995110918,6.7,0,0.9,315.1,43.5,1017.2
1995111000,3.3,0,0.3,335.6,71,1016.2
1995111006,7.3,0,1.2,226.6,86.5,1013.4
1995111012,15.6,0,4.8,283.5,42.5,1007.3
1995111018,8.7,0,2.8,322.3,42.5,1011.2
1995111100,5.5,0,2.8,285.5,53,1015.3
1995111106,7.1,0,2.1,346.1,50.5,1016.9
1995111112,15.6,0,2.4,340,24.5,1015.9
1995111118,8.8,0,0.7,322.3,41,1017.5
1995111200,3.8,0,0.9,336.6,70,1019.3
1995111206,6,0,0.8,225,80.5,1020.8
1995111212,18.9,0,2.2,180,39.5,1020.5
1995111218,11.4,0,0.6,311.9,65,1021.7
1995111300,6.6,0,0.2,344.8,89,1023.2
1995111306,8.7,0,0.6,334.8,88,1023.7
1995111312,19.3,0,3.6,267.6,54,1020.1
1995111318,17.5,0,2.2,251.4,67,1018.2
1995111400,14.7,0.4,0.9,217.6,82.5,1015.2
1995111406,12.6,1.6,2.9,350,69,1014.7
1995111412,13.9,0,4.3,330,24,1015.2
1995111418,7,0,4.2,321,21.5,1018.6
1995111500,2.5,0,2.2,320.7,38,1022.2
1995111506,3.2,0,1.2,309.2,48,1024.4
1995111512,12.4,0,1.7,154.6,24,1024.2
1995111518,6.3,0,0.9,271,56.5,1024.8
1995111600,1.6,0,0.3,335.9,78.5,1023.8
1995111606,4.2,0,0.7,231.5,72.5,1023.6
1995111612,17.2,0,1.3,111.6,26.5,1021.9
1995111618,9.4,0,0.4,310.9,37,1023.1
1995111700,4.3,0,1.4,290,59.5,1024.3
1995111706,7.4,0,1,285.1,65.5,1026.5
1995111712,16.5,0,2.4,70,39.5,1026
1995111718,11.7,0,1.9,305,67,1028.2
1995111800,8.4,0,0.5,239.7,87,1029.4
1995111806,9.1,0,0.6,270.5,89,1030
1995111812,16.5,0,1.5,130.5,43.5,1028.2
1995111818,9.9,0,1,297.2,71.5,1026.6
1995111900,5.9,0,0.3,334.8,92,1024.8
1995111906,7.7,0,0.6,329,90,1023.1
1995111912,17.3,0,2.4,235,43.5,1018.5
1995111918,13.8,0,1.6,250,56,1016.8
1995112000,9,0,3.2,336.6,61.5,1016.8
1995112006,5.8,0,2.5,317.9,56.5,1020.6
1995112012,12.4,0,2.2,23.1,40,1021
1995112018,6.4,0,1.5,270.3,38,1021.8
1995112100,3.4,0,3,105,44.5,1022.3
1995112106,4.8,0,3.8,339.8,54,1023.1
1995112112,11.5,0,2.5,350,31,1021.6
1995112118,5.8,0,1.3,323.5,42.5,1022.7
1995112200,1.5,0,1.1,329.8,67.5,1023.6
1995112206,2.8,0,0.9,242.3,79,1024.2
1995112212,13.3,0,1.5,176.6,41.5,1021
1995112218,8.4,0,0.2,353.6,54.5,1019.5
1995112300,6.8,0,0.4,342.8,74,1017.4
1995112306,8.4,0,1.6,341,80.5,1014.8
1995112312,9.7,0,3.2,344.8,31,1014.2
1995112318,3.1,0,2.4,330,47,1016
1995112400,0.6,0,3.6,342.2,55,1015.5
1995112406,2.2,0,1.9,285,60,1015.2
1995112412,9.2,0,4.1,273.4,43.5,1012.8
1995112418,6.4,0,1.2,342.1,63.5,1013.8
1995112500,4.7,0,1.6,335.6,73.5,1016
1995112506,5.2,0,2.2,322.3,59.5,1017.9
1995112512,11.6,0,2.1,160,37,1016.3
1995112518,5.5,0,0.8,334.2,55,1016.8
1995112600,0.9,0,0.7,288.6,76.5,1017.1
1995112606,2.7,0,0.6,340,88.5,1016.2
1995112612,14.4,0,2.8,273.8,44.5,1013.6
1995112618,9.7,0,1.8,3.8,50.5,1014.3
1995112700,3.9,0,2.1,307.4,43.5,1018.5
1995112706,3.4,0,1.5,2.1,50.5,1021.7
1995112712,11.7,0,1.6,99.6,31.5,1020.8
1995112718,5.2,0,0.5,328.2,46.5,1021.6
1995112800,0.8,0,1,312,53,1023.2
1995112806,2,0,0.9,285.1,61,1024.4
1995112812,11.7,0,2.5,83.6,24,1022.4
1995112818,5,0,0.7,322.3,32,1023.8
1995112900,1,0,1,266,63.5,1024.2
1995112906,3.1,0,0.8,278.1,80,1025.1
1995112912,11.9,0,1.8,43.8,49.5,1023.5
1995112918,6.7,0,1.8,246.5,65.5,1023.3
1995113000,3.2,0,0.8,304.7,85.5,1022.6
1995113006,3.5,0,1.5,301.9,90.5,1021.1
1995113012,11.9,0,3,339.7,30,1017
1995113018,5.7,0,1.4,313.4,38,1016.2
1995120100,3,0,2.3,353.8,58.5,1016.9
1995120106,3.5,0,2.4,356.6,64.5,1018.1
1995120112,9.7,0,2.1,6.3,35,1016.8
1995120118,4,0,0.9,312.4,43,1018.8
1995120200,0.4,0,0.9,277.5,58.5,1020.3
1995120206,2,0,1.2,351.5,68,1021
1995120212,10,0,1.6,46.3,38.5,1019.5
1995120218,5.6,0,2.1,0,49.5,1019.2
1995120300,2.5,0,2,297.7,73.5,1019.7
1995120306,3.5,0,2.3,28.5,76,1019.5
1995120312,9.2,0,3.7,343.3,41,1017
1995120318,4.4,0,3.2,333.4,54.5,1017.5
1995120400,1.5,0,1.7,55.7,61,1019.2
1995120406,2.4,0,3.1,302.3,50.5,1021.1
1995120412,8.3,0,3.2,271.9,29,1018.8
1995120418,4.2,0,2.3,288.5,51,1017.8
1995120500,-0.4,0,2.1,350,65,1019.6
1995120506,0,0,2.2,350,71.5,1019.8
1995120512,3.9,0,4.2,340,43.5,1019.5
1995120518,-0.7,0,4.6,339.6,54,1020.4
1995120600,-2.2,0,5,349,59.5,1021.1
1995120606,-1.9,0,3,353.1,54.5,1022.5
1995120612,4.8,0,3.2,353.4,35,1022.5
1995120618,1,0,2.2,45.1,37,1023.8
1995120700,-1.5,0,2.2,47.4,55.5,1024.7
1995120706,0.1,0,2.5,60,63.5,1024.8
1995120712,7.8,0,3.8,49,32.5,1022.4
1995120718,2.7,0,2.4,39.2,50,1022.8
1995120800,0.8,0,3.2,3.3,62,1023.2
1995120806,0.7,0,2.9,356.8,63.5,1024.4
1995120812,6.9,0,3.4,11.5,29,1024.5
1995120818,1.4,0,1,339.9,36,1027.2
1995120900,-0.9,0,0.9,304.1,53.5,1029.9
1995120906,-0.4,0,0.7,10.5,62,1030.8
1995120912,9.8,0,1.7,223.5,46,1028.9
1995120918,3.8,0,0.6,333.1,58,1029.1
1995121000,-1.1,0,0.7,298.4,75.5,1028.7
1995121006,0.9,0,1.1,283.1,78.5,1028.9
1995121012,12,0,2.2,228.7,48,1025.8
1995121018,6.3,0,1.1,359.3,64,1025.8
1995121100,0.6,0,0.7,346.8,77.5,1025.4
1995121106,2.2,0,1.4,273.9,79,1024.6
1995121112,12.1,0,2.1,15,31,1021
1995121118,8.4,0,0.4,11.6,43.5,1020.5
1995121200,6.1,0,0.9,15.8,64,1020.2
1995121206,5.7,0,2.2,355.2,81.5,1021.2
1995121212,10.2,0,2.9,3.8,54.5,1021.8
1995121218,5.2,0,1.4,328.4,83.5,1025.3
1995121300,1.6,0,0.7,311,93,1025.8
1995121306,1.6,0,0.5,275.3,90,1025.2
1995121312,12,0,1.4,25,37.5,1021
1995121318,8.7,0,1,342.1,39.5,1020.8
1995121400,5.9,0,0.6,250.6,54.5,1019.9
1995121406,4.8,0,1.4,13.9,67.5,1020.6
1995121412,10.5,0,1.9,326.3,39,1018.7
1995121418,8.4,0,0.8,302,36,1018.9
1995121500,5.3,0,0.6,326.3,55,1020.1
1995121506,5.3,0,1.4,39.5,60,1022.2
1995121512,8.6,0,3.9,315.1,36,1023.3
1995121518,3.6,0,1.5,1.3,26,1025.9
1995121600,0.2,0,0.8,281.8,32.5,1026.7
1995121606,-0.4,0,1.1,316.7,42,1027
1995121612,6.3,0,1.4,56.5,23.5,1024.2
1995121618,4.4,0,2.8,75.9,16,1023.5
1995121700,1.5,0,3.1,10.6,28,1024.6
1995121706,0.6,0,1.5,40.2,49,1026.4
1995121712,7,0,2.4,58.8,21.5,1025.8
1995121718,2,0,1.5,357.7,20.5,1027.5
1995121800,-2,0,0.9,285.5,37.5,1028.2
1995121806,-1.5,0,1.2,311.6,54,1027.7
1995121812,7.2,0,1.5,237.9,33,1024.9
1995121818,3.9,0,2.4,338.7,32,1024.4
1995121900,1.8,0,4,307.2,37,1024.5
1995121906,1.9,0,2.4,343.9,42,1026.7
1995121912,9.3,0,1.9,11.2,23,1026.1
1995121918,3.9,0,1.5,350,26,1026.7
1995122000,-1.6,0,1.6,291.6,44.5,1026.4
1995122006,0,0,0.8,260,58.5,1026.4
1995122012,9.4,0,2.7,3.3,28.5,1023.9
1995122018,4,0,1.3,353.4,38,1023.7
1995122100,2,0,2.9,328.5,50,1025.1
1995122106,2.2,0,2.6,320,45,1026.6
1995122112,7.9,0,2.8,0,26.5,1026.8
1995122118,3,0,2,10,28.5,1028.7
1995122200,-2.5,0,1.4,288.4,45,1029.1
1995122206,-2.1,0,0.9,263.9,60,1028.7
1995122212,9,0,2.4,289.6,27,1025.3
1995122218,3.2,0,1.4,318.7,28.5,1025.5
1995122300,0.6,0,1.4,309.2,51,1026.1
1995122306,0.6,0,1,291.2,71.5,1025.4
1995122312,9.6,0,2,247.2,39,1022.1
1995122318,5.2,0,1.3,262.1,46.5,1020.3
1995122400,3.1,0,3.2,258.9,58,1018.6
1995122406,2.2,0.2,6,289.7,46.5,1019.4
1995122412,2,0,6.7,335.6,27.5,1022.6
1995122418,-2.8,0,4.1,334.9,25,1026.1
1995122500,-5.8,0,3.7,353.6,38.5,1029.3
1995122506,-6,0,4.4,357,37.5,1031.6
1995122512,0.1,0,5.1,340,21.5,1030.6
1995122518,-3.5,0,3.1,27.4,21,1030.8
1995122600,-6.8,0,1.2,13.5,34.5,1033.1
1995122606,-6.1,0,1.2,25.3,46,1034.1
1995122612,2.8,0,2.1,53.5,22.5,1032.6
1995122618,-1.3,0,1.3,62.6,19.5,1032.6
1995122700,-4,0,1.4,336.9,29.5,1033.8
1995122706,-2.7,0,0.7,259.7,35,1035.1
1995122712,7.9,0,1.5,188.7,28.5,1033.4
1995122718,2.5,0,0.8,326.9,51.5,1032.8
1995122800,-2.1,0,0.3,332.7,70,1030.6
1995122806,-0.3,0,0.7,281.9,68,1027.8
1995122812,8.5,0,2.6,266.7,28,1022.5
1995122818,5,0,2.4,307.2,49.5,1019.2
1995122900,1.5,0,3.6,308.2,41.5,1018.2
1995122906,0.1,0,1.8,307.2,49.5,1019.8
1995122912,5,0,3.2,283.4,33,1018.2
1995122918,0.2,0,2.6,331.9,41.5,1016.1
1995123000,-3,0,2.4,333.4,52,1016.5
1995123006,-3.9,0,5.1,346.6,44.5,1017.8
1995123012,2.3,0,2.7,359.5,24.5,1019.2
1995123018,-2,0,1.4,25.7,24,1021
1995123100,-5.9,0,0.6,318.8,38,1020.6
1995123106,-4.5,0,0.9,268.4,47.5,1019
1995123112,8.8,0,2.7,239.8,28.5,1015.5
1995123118,6.3,0,2,322.3,42.5,1014.4
1996010100,-0.5,0,2.8,6.4,30,1017.9
1996010106,-1.5,0,2.3,45.3,30,1020.4
1996010112,6.1,0,2.2,9,13.5,1021.5
1996010118,0.9,0,1,346.6,16.5,1022.2
1996010200,-2.5,0,1.4,277.5,35,1021.5
1996010206,-1.1,0,0.8,260.2,55,1020.3
1996010212,11.8,0,2.1,227.1,23.5,1016.8
1996010218,5.8,0,1.3,249.7,21.5,1016.1
1996010300,6.4,0,2,205,61,1013.1
1996010306,6.4,0,3.1,309.8,37.5,1013.2
1996010312,4.2,0,4.3,313.7,21,1016.1
1996010318,-2.2,0,3.6,330,22.5,1021.7
1996010400,-6,0,1.8,353.9,36,1024.4
1996010406,-5.2,0,2.2,20.2,38.5,1026.2
1996010412,4.9,0,2,337.9,14,1024.1
1996010418,0,0,1.1,340.7,10.5,1022.6
1996010500,-3.1,0,1,299.1,28.5,1022.3
1996010506,-0.4,0,1.2,236,36.5,1022.7
1996010512,8.5,0,1.3,211.1,34.5,1021.4
1996010518,7.5,0,1.2,267.7,49,1021.5
1996010600,6.5,0,0,0,58,1021.1
1996010606,6.4,0,0.6,176.3,72.5,1021.2
1996010612,9.7,0,2.1,49.8,73.5,1022.8
1996010618,6.6,0,1,327.7,79.5,1025.5
1996010700,2.8,0,0.2,348.7,88.5,1026.6
1996010706,2,0,0.8,291.2,89,1026.5
1996010712,6.6,0,0.1,4.8,78,1023.4
1996010718,5.9,0,0.6,339.7,78,1018.3
1996010800,6.2,0.1,2.7,330,73,1016
1996010806,3,0.2,3.7,0,53.5,1015.9
1996010812,0.1,0,6.5,318.4,18,1019.3
1996010818,-4.9,0,2.8,346.8,12,1023.5
1996010900,-7.1,0,1.2,45.9,21.5,1025
1996010906,-5.3,0,3.9,0.5,27,1024.8
1996010912,1.7,0,4,294.7,13.5,1022
1996010918,-1.2,0,2.2,340,19.5,1021.3
1996011000,-3.3,0,0.9,2.8,30.5,1021.8
1996011006,-0.8,0,2.8,323.9,36,1022
1996011012,6.4,0,3.3,353.8,16,1020.5
1996011018,1.6,0,2.2,5.1,12.5,1021.7
1996011100,-2.1,0,1.4,43.6,25.5,1023.8
1996011106,-1.6,0,1.3,329.6,27.5,1025.6
1996011112,8.3,0,1.8,128.4,16,1025.8
1996011118,1.8,0,0.8,347.7,33.5,1028.4
1996011200,-2,0,0.2,332.1,49.5,1030.4
1996011206,0.5,0,0.9,80,66.5,1032.9
1996011212,8.6,0,3.3,63.4,54,1032.8
1996011218,5.4,0,2.2,7.7,63,1034.7
1996011300,4.1,0,0.7,246.4,70.5,1034.1
1996011306,2.7,0,0.3,309.6,83.5,1033.2
1996011312,10.1,0,3,80,61.5,1029.8
1996011318,8.8,0,1.3,25.8,72,1027.2
1996011400,6.8,1,0.6,33.9,87.5,1024.5
1996011406,7.8,4.1,1.2,256,93.5,1020.9
1996011412,11.8,5.6,1.7,245.5,93.5,1015.2
1996011418,9.7,0.3,2.4,81.8,88,1016.7
1996011500,6.6,0,0.9,317.2,86,1019
1996011506,6.7,1.8,1.1,350.5,84.5,1018.7
1996011512,6.2,11,1.5,7.8,92,1014.7
1996011518,3.5,8.4,2.7,11.7,89.5,1014.6
1996011600,2.3,0,2.1,346.4,75.5,1015.9
1996011606,2.4,0,2.7,331.9,55.5,1018.2
1996011612,4.9,0,4.1,320.3,27.5,1020.1
1996011618,-0.1,0,3.8,350,26.5,1022.6
1996011700,-3.4,0,4.6,313.4,39,1023
1996011706,-2.7,0,3,35.3,31.5,1024.9
1996011712,2.2,0,2.1,40.1,27.5,1023.2
1996011718,0.8,0,2.6,15,32,1023.3
1996011800,-0.8,0,2,35,35,1023.9
1996011806,-1,0,1.7,14.7,36,1025
1996011812,5.7,0,2,40.7,26.5,1024
1996011818,1.7,0,1.2,320.7,45,1024
1996011900,-1.2,0,0.8,291.6,66,1023.3
1996011906,-0.6,0,0.7,354.9,53,1021
1996011912,6.7,0,2.2,34.3,20,1017.9
1996011918,2.4,0,1.8,25,19,1017.2
1996012000,0.3,0,2.5,353.4,33,1018.1
1996012006,1,0,3.8,350,51.5,1019.7
1996012012,7.7,0,2,348.5,32,1019.5
1996012018,2.6,0,1.8,35,42,1021.6
1996012100,-0.9,0,1.6,336.8,61,1024.2
1996012106,1,0,2.1,331.7,53,1025.4
1996012112,6.2,0,2.3,35,30.5,1023.5
1996012118,2,0,1.1,355.8,40.5,1023.4
1996012200,0.3,0,0.7,305.5,54.5,1022.5
1996012206,1.7,0,1.3,353.7,48.5,1021.8
1996012212,7.7,0,1.8,52.3,19.5,1019.7
1996012218,3.4,0,1.4,29.9,20.5,1018.5
1996012300,1.7,0,3.5,346.6,34,1018.2
1996012306,2,0,2.5,343,44,1019.5
1996012312,6.9,0,3.4,350,22.5,1018.9
1996012318,1.6,0,2.1,346.6,18.5,1020.5
1996012400,-1.1,0,1.5,332.7,30.5,1021.6
1996012406,-1.3,0,3.6,343.4,44.5,1022.5
1996012412,3.6,0,4.1,340,22.5,1023
1996012418,-0.7,0,1.7,343.3,28,1023.3
1996012500,-2.7,0,2.7,348.3,43.5,1022
1996012506,-2.2,0,4.7,336.6,45,1021.1
1996012512,1.7,0,4.5,321.8,29.5,1021
1996012518,-1.6,0,3.2,333.4,25,1021.6
1996012600,-5.6,0,2.5,349.8,30,1023.8
1996012606,-5.1,0,3.3,343.4,36.5,1025.3
1996012612,3.1,0,2.3,13.4,19.5,1024.3
1996012618,-1.1,0,1.2,340.5,16,1024.4
1996012700,-4,0,1.8,70,30,1025.8
1996012706,-3.3,0,2.5,40.7,34,1026.3
1996012712,6.9,0,2.3,335.8,21.5,1023.9
1996012718,1.1,0,1.5,304.5,29.5,1024.2
1996012800,-2.4,0,1.1,299.9,45,1024.6
1996012806,-2.4,0,0.5,303.4,63,1023.8
1996012812,8.1,0,3.3,266.9,34.5,1020
1996012818,4.4,0,1.4,330.7,57,1018.5
1996012900,1,0,0.3,338.1,75,1018.7
1996012906,0.8,0,1.7,304.1,69.5,1020.5
1996012912,7.4,0,3,336.6,15,1020.3
1996012918,3.3,0,1.6,313.8,15.5,1020
1996013000,0.1,0,3,319.8,33.5,1021.5
1996013006,-2.9,0,2.4,26.6,25,1026
1996013012,0.9,0,3.8,350,18,1026.3
1996013018,-1.7,0,2.7,313.4,22.5,1027.4
1996013100,-3.8,0,1.9,280,35.5,1028.4
1996013106,-4.1,0,1.5,353.6,36.5,1029.3
1996013112,1.7,0,2.7,280,18.5,1026
1996013118,0,0,3,276.3,29,1022.4
1996020100,-4.9,0,3.3,333.2,49,1024.7
1996020106,-5.2,0,3.2,353.5,46.5,1025.3
1996020112,1.4,0,4.9,346.8,26,1021.7
1996020118,-3.1,0,3.8,336.7,33,1020.8
1996020200,-8.4,0,3.9,336.6,43.5,1023.2
1996020206,-8.9,0,3,343.4,40,1027.1
1996020212,0.2,0,3.1,321.8,21.5,1025.6
1996020218,-4,0,2.4,0.9,23,1025.2
1996020300,-5.5,0,3.4,35,34,1024.9
1996020306,-3.7,0,4.5,351.3,44,1024.6
1996020312,5.7,0,2.8,337.6,24.5,1023.1
1996020318,0.6,0,1.3,0.4,23.5,1022.2
1996020400,-3.8,0,0.7,331,48.5,1021.6
1996020406,-1.4,0,0.4,329.4,61,1021.7
1996020412,6.8,0,2.5,215,34.5,1019.3
1996020418,2.3,0,1,296.7,43.5,1017.8
1996020500,1.6,0,0.9,38,70,1015.4
1996020506,2.1,0,3.8,311.5,52,1015.5
1996020512,2,0,5,333.4,18.5,1018.3
1996020518,-3.2,0,3.1,333.4,21,1022.2
1996020600,-5.6,0,5.6,323.3,39.5,1025.4
1996020606,-4.9,0,3.8,346.8,47.5,1027.7
1996020612,3.2,0,3.4,356.9,20.5,1028.8
1996020618,-1.4,0,1.4,15.3,20,1030.8
1996020700,-5.9,0,1.1,314.5,44,1032
1996020706,-5,0,0.8,282.6,53,1031.8
1996020712,7,0,2.5,229.7,40,1027.6
1996020718,4.3,0,1.1,307.8,50.5,1026.7
1996020800,2.6,0,0.3,356.7,62,1025.8
1996020806,2.4,0,1.4,6.8,48,1024.8
1996020812,2.7,0,2.2,288.9,68.5,1022.9
1996020818,1,0,1.3,295.5,72,1021.5
1996020900,-2.1,0,2.3,322.3,70,1021.8
1996020906,-2.9,0,2.3,313.8,52.5,1022.1
1996020912,1.1,0,5.1,322.3,36,1019.8
1996020918,-3,0,4,0,37,1021.2
1996021000,-5.6,0,3.7,6.8,47,1023.1
1996021006,-4.2,0,4.6,353.4,48.5,1024.7
1996021012,3.3,0,3.4,325.3,23.5,1025.2
1996021018,-0.7,0,1.5,340,19.5,1025.7
1996021100,-4.5,0,0.7,276.8,35.5,1024.6
1996021106,-2.7,0,1.4,3.4,42,1023
1996021112,10,0,2.6,222.6,13.5,1018.4
1996021118,6.9,0,2.1,225.3,23,1017.2
1996021200,7,0,3,263.4,59.5,1014.9
1996021206,9.5,0,3.8,258.1,64,1012.5
1996021212,16.4,0,3.8,260,37,1009.7
1996021218,11.6,0,1.9,287.7,37,1008.2
1996021300,9.3,0,2,298.4,70,1006.8
1996021306,10.9,0,0.3,335.6,80,1005
1996021312,20.1,0,3.1,245.6,33.5,1002.2
1996021318,15,0,1.7,276.8,46.5,1003.6
1996021400,7.1,0,0.5,323.1,81,1005.8
1996021406,7.1,0,0.4,272.7,85,1007.2
1996021412,20.9,0,1.6,189.6,24,1004.5
1996021418,13.7,0,1.9,356.5,35.5,1006.2
1996021500,9.5,0,1.7,357.7,40,1008.2
1996021506,8.1,0,2.8,52.7,67.5,1012.8
1996021512,8.4,0,3.1,45.7,57.5,1015.5
1996021518,4.7,0,1.3,327.9,72,1016
1996021600,1.8,0,3.2,0,53,1018.1
1996021606,0.8,0,3.2,357,18,1021.8
1996021612,5.2,0,3,6.6,32,1022.8
1996021618,2.3,0,2.5,350,74.5,1023.6
1996021700,1.2,0.1,1.8,342.8,81,1023.3
1996021706,1,1,2.6,4.3,91,1024.8
1996021712,2.9,0,2.3,29.1,64,1024.1
1996021718,2.3,0,2.2,353.4,69,1025.1
1996021800,1.5,0,2.1,353.4,82.5,1027.1
1996021806,1.6,1,2.2,0.9,87,1028.9
1996021812,3,0.1,2.7,43.8,69,1030.7
1996021818,0.2,0,1.6,313.7,74.5,1033.1
1996021900,-1.4,0,1,331.4,74,1033.4
1996021906,-0.5,0,1.6,28.7,72.5,1034.4
1996021912,5.3,0,2.7,28.7,35.5,1032.9
1996021918,1.2,0,1.6,356.6,28,1032.9
1996022000,-1.5,0,1.1,20.2,28.5,1033.5
1996022006,-1.6,0,1.4,22.4,32.5,1033.8
1996022012,5.2,0,3.4,325.3,14,1030.2
1996022018,-0.1,0,3.1,340,13.5,1029.8
1996022100,-4.1,0,3.3,0,25,1031.2
1996022106,-3.9,0,2,12.8,32.5,1032.4
1996022112,4.8,0,2,306.7,14.5,1030
1996022118,0.8,0,0.9,325.8,14.5,1028.9
1996022200,-2.8,0,3,346.8,27,1029.3
1996022206,-1.6,0,3.4,346.8,38,1029.1
1996022212,6.6,0,3,332.1,18,1027.3
1996022218,2.2,0,2.9,356.7,19.5,1027.9
1996022300,-0.9,0,2.2,2.8,28.5,1028.7
1996022306,1.1,0,2.1,15,45.5,1029.1
1996022312,8.2,0,2.3,249.9,25.5,1026.4
1996022318,3.5,0,1.6,37.5,38,1027.4
1996022400,-0.1,0,0.9,316.1,52.5,1029.8
1996022406,0.9,0,1.4,329.9,57.5,1031.1
1996022412,7.4,0,3.1,93.4,38,1029.4
1996022418,3.7,0,1.6,342.8,55,1028.3
1996022500,-0.4,0,0.6,335.5,71.5,1027.2
1996022506,0.5,0,0.9,271.3,80,1025.3
1996022512,9.6,0,1.5,98.7,29,1021.6
1996022518,4.9,0,2.9,356.4,33.5,1021.2
1996022600,1.5,0,2.3,28.4,35.5,1021.8
1996022606,2,0,0.9,110,43,1022.7
1996022612,9.9,0,2.5,169.7,17,1019.3
1996022618,6.1,0,1.4,295,27,1017.3
1996022700,2.9,0,1.4,356.5,34.5,1016.2
1996022706,1.7,0,4.1,347.6,43,1017.2
1996022712,7.4,0,4.6,320,17,1018
1996022718,2.6,0,2.5,321.8,17,1021.3
1996022800,-1.7,0,1.9,51.8,34.5,1024.2
1996022806,-0.8,0,1,281.5,45,1026.7
1996022812,11.1,0,2.2,112.6,19,1023.9
1996022818,6,0,1.4,330.7,18.5,1023.2
1996022900,-0.3,0,0.7,70,39,1022.8
1996022906,1.3,0,0.7,295.5,48.5,1021.2
1996022912,8.4,0.1,3,256.9,65.5,1017.5
1996022918,4.7,0.2,1.5,316.8,84.5,1015.7
1996030100,1.7,0,1,293.2,84.5,1013.9
1996030106,2.9,0.2,3.7,308.1,62.5,1013.3
1996030112,7.6,0,4.7,316.8,14,1014.7
1996030118,3.4,0,3.3,318.4,15.5,1016.9
1996030200,0.1,0,3.8,326.6,28.5,1018
1996030206,1.7,0,3.1,347.6,36,1019.9
1996030212,10.6,0,2.9,348.2,16,1018.4
1996030218,5.9,0,2,343.4,15.5,1018.1
1996030300,1.5,0,1.9,322.8,28,1020.2
1996030306,2.7,0,2.1,319.8,31,1021
1996030312,10.9,0,3.1,250,14.5,1018.5
1996030318,6.8,0,1.2,313.7,15,1017.6
1996030400,3.2,0,1.9,350.2,31.5,1019.6
1996030406,4.2,0,1.6,213.3,32.5,1019.8
1996030412,12.4,0,4.1,333.2,15.5,1015.8
1996030418,3.2,0,3,25.1,66.5,1020.2
1996030500,0.3,0,1.4,35,71.5,1023.7
1996030506,2.5,0,1.6,333.4,61,1025.3
1996030512,7.1,0,2.9,116.2,40,1025.1
1996030518,4.6,0,1.7,205,50,1024.6
1996030600,-0.5,0,0.8,310.9,75,1024.2
1996030606,1.8,0,1.1,311.2,81.5,1023.9
1996030612,12.8,0,3.5,209.9,35.5,1020.7
1996030618,9.3,0,1.9,226.8,56,1019.5
1996030700,8,0.2,0.8,302.9,68,1018
1996030706,7.7,21.9,1.4,39.8,92,1014.1
1996030712,8.7,13.5,1.4,337,90.5,1008.8
1996030718,9,0,0.7,8.7,85.5,1008.2
1996030800,7,0,2,353.6,84,1008.2
1996030806,4.4,0,4.6,318.4,32,1011.5
1996030812,9.7,0,4.9,321.8,15.5,1012.2
1996030818,5.8,0,1.8,342.7,20,1015
1996030900,1.9,0,1.2,335.6,43,1017
1996030906,3.3,0,1.3,332.2,52,1017.8
1996030912,9.8,0,3,348.4,28.5,1014.4
1996030918,4.9,0,2.9,339.6,40.5,1015.3
1996031000,1.5,0,3.2,0.9,47,1017.7
1996031006,2.4,0,2.2,329.8,51.5,1019.2
1996031012,10.1,0,2.5,240.7,19.5,1015.8
1996031018,6.8,0,1.1,322.8,36.5,1015.1
1996031100,2.8,0,0.7,283.5,45,1015.6
1996031106,4,0,2,300.7,43,1014.6
1996031112,8.3,0,4.9,313.4,22,1014.5
1996031118,2.9,0,2.1,55.7,32,1019.8
1996031200,-1.4,0,1.3,346.8,40.5,1024.9
1996031206,0.3,0,1,274.1,43,1025.6
1996031212,7.8,0,3,180.4,31,1023.2
1996031218,5.3,0,2,252,43.5,1021.7
1996031300,0.3,0,0.9,322.3,58.5,1020.9
1996031306,2.2,0,0.8,223.9,65.5,1020.3
1996031312,13.8,0,2.8,156,27.5,1018.7
1996031318,9.9,0,2.9,270.4,29.5,1019
1996031400,5.8,0,0.9,334.3,50.5,1019.5
1996031406,7.9,0,0.6,132.6,50,1020.1
1996031412,15.5,0,1.8,134.3,26.5,1017.7
1996031418,10.9,0,2.8,36.6,52.5,1016.1
1996031500,6.1,16.4,2.6,32.8,87.5,1013.5
1996031506,6,13.4,4.4,55.3,85,1006.9
1996031512,7.6,5.5,3.6,16.5,74.5,1006.2
1996031518,5.3,0,1.4,3.5,54.5,1012.7
1996031600,1.7,0,1.3,340,85,1015.7
1996031606,3.1,0,0.9,350,85,1017
1996031612,9.8,0,2.4,124.4,52.5,1013.8
1996031618,7.8,13,0.9,314.9,89.5,1006.6
1996031700,8.6,20.5,1.2,22,90.5,998
1996031706,10.9,1,2.7,345.8,82,999.1
1996031712,15,0,4,328.8,37.5,1003.8
1996031718,10.1,0,3.6,353.5,22.5,1007.1
1996031800,4.1,0,3.2,346.6,23.5,1013.5
1996031806,4.1,0,2.8,12.2,29.5,1018.3
1996031812,11,0,3.1,277,14,1016.3
1996031818,6.6,0,1.6,324.4,27.5,1015.2
1996031900,2.4,0,2.7,346.8,32,1018.2
1996031906,2.5,0,2.4,343.8,32.5,1021.7
1996031912,8.9,0,2.6,125,17.5,1022.1
1996031918,5.4,0,1,215,31,1021.8
1996032000,2.6,0,0.5,318.4,45,1023.2
1996032006,3.2,0,1,283.6,62,1024.2
1996032012,10.4,0,3.4,83.5,36.5,1023.5
1996032018,6.9,0,1.5,14.9,51,1023.4
1996032100,4.3,0,0.4,359.4,72.5,1023.2
1996032106,6.4,0,1,338.6,78.5,1021.8
1996032112,8.9,7.9,2.2,38.2,90,1016.1
1996032118,6.8,19.2,3.1,0.9,88.5,1012.9
1996032200,5.6,2.1,2.8,343.4,85,1013.2
1996032206,6.5,0,2.4,37.1,64.5,1017.1
1996032212,7.8,0,2.9,66.7,58.5,1021.5
1996032218,6.3,0,1.4,16.7,68.5,1023.5
1996032300,6.3,0,1.6,25.5,74,1025.4
1996032306,5.7,0,3.8,50,70.5,1028.8
1996032312,5.7,0.1,3.7,63.4,54.5,1030.5
1996032318,5.1,0,2.2,50,52.5,1031.2
1996032400,4.5,0,1.7,43.5,55.5,1029.6
1996032406,5.4,0,1.8,49.3,56.5,1027.4
1996032412,7.6,0,2.1,93.4,43.5,1023.4
1996032418,5.9,0.6,1.1,343.2,62.5,1020
1996032500,4.6,0.7,0.6,318.4,85.5,1018.8
1996032506,7.5,0,1.9,313.3,71.5,1019.4
1996032512,14.2,0,3.1,69.1,27.5,1018.9
1996032518,9.5,0,1.3,283.8,52.5,1020.2
1996032600,5.7,0,2,17.3,39,1021.5
1996032606,7.6,0,2.3,45.5,45,1024.3
1996032612,13.1,0,3.3,90,36.5,1025.2
1996032618,9.2,0,1.7,27.3,48,1025.8
1996032700,6.2,0,0.6,321.5,73,1025.6
1996032706,9,0,1,343,68,1026.2
1996032712,15,0,3.1,90,23.5,1024.4
1996032718,8.6,0,1.9,25.7,56,1025.8
1996032800,5.2,0,1.3,297.7,79,1027.2
1996032806,7.4,0,1.8,351.4,80,1027.2
1996032812,10.8,0,3.6,80.2,53.5,1026.7
1996032818,8.5,0,1.8,31.1,64,1026.2
1996032900,7.1,0,1.1,343.4,73.5,1024.7
1996032906,9.2,0,1.9,56.4,78,1023.2
1996032912,11,0.2,2.4,71.1,75.5,1019.8
1996032918,9.1,2.5,1,314.4,95,1014.2
1996033000,10.4,17.5,0.6,0,96,1006.8
1996033006,14.3,3.7,2.8,232.3,93,1001.4
1996033012,14.9,0,5.2,230.3,48.5,999
1996033018,10.9,0,2.5,260.2,58.5,1004
1996033100,7.9,0,1.5,319.8,67.5,1008.7
1996033106,8.6,0,2.8,293.3,70,1011
1996033112,15,0,3.2,335.7,28,1009.3
1996033118,9.9,0,2.4,10.2,31.5,1011
1996040100,4.4,0,1.6,18.4,64.5,1013.7
1996040106,6.1,0,1.6,14.6,59.5,1014.2
1996040112,9.8,0,3.2,80.2,35,1012.3
1996040118,5.3,0,2.3,22.6,62.5,1013.4
1996040200,2,0,1.9,10.2,48,1015
1996040206,3.8,0,3.5,343.3,53,1015
1996040212,9.7,0,4.2,318.4,23,1013
1996040218,5.2,0,3.2,336.7,21.5,1014
1996040300,1.1,0,2.5,333.2,38.5,1016.8
1996040306,3.2,0,4.1,333.4,39.5,1017.3
1996040312,10.7,0,3.4,302.3,19.5,1016.3
1996040318,6.6,0,2.4,353.2,18.5,1016.7
1996040400,1.9,0,1.7,307.2,31,1019.8
1996040406,4.3,0,2.5,307.1,39,1020.5
1996040412,12.5,0,4.9,316.8,19.5,1019.3
1996040418,8.8,0,2.9,333.4,18,1020
1996040500,4.4,0,2.2,291.6,32,1022.5
1996040506,7.6,0,2.6,320.7,31.5,1023.7
1996040512,15.4,0,4,64.8,23,1022.7
1996040518,10.9,0,2.2,270.9,33,1022.5
1996040600,7.3,0,0.7,316.2,48.5,1023.6
1996040606,9.2,0,0.9,302,59,1022.7
1996040612,13.2,0,3.6,236.6,35,1019
1996040618,11,0,1.6,201.5,74,1016.8
1996040700,10,0,1.6,35,85,1015.1
1996040706,12.2,0,3.2,342,70.5,1015.2
1996040712,19.4,0,3.1,296.6,29,1014.2
1996040718,14,0,2,325,45.5,1014
1996040800,9.3,0,3,346.8,44.5,1015.2
1996040806,10.3,0,2,13.5,56.5,1016.8
1996040812,15.2,0,4,80.2,38,1016.6
1996040818,10.1,0,1.6,215,58.5,1018.1
1996040900,7.9,0,1.4,10,62,1019.3
1996040906,10.6,0,3.3,324.2,34,1019.9
1996040912,15.1,0,2.8,305,18.5,1019.1
1996040918,11.3,0,1.2,266.5,26.5,1017.8
1996041000,7.7,0,1.2,15,46.5,1019.1
1996041006,9.4,0,2.3,11.9,32.5,1020
1996041012,14,0,3.3,98.9,25.5,1018.8
1996041018,8.2,0,1.7,39.8,48,1020.4
1996041100,2.9,0,1.3,319.3,73.5,1021.9
1996041106,6.1,0,2.3,350,49,1023
1996041112,13.1,0,4.4,22.8,16,1021.2
1996041118,6.6,0,2.7,20.3,50.5,1023.1
1996041200,1.7,0,1,316.6,59.5,1026.4
1996041206,5,0,1.5,325.5,61.5,1029.1
1996041212,12,0,3.4,115.7,28,1027.7
1996041218,7.9,0,1.9,258.7,42.5,1027.9
1996041300,3.8,0,0.6,295.3,60,1029.2
1996041306,6.7,0,1.2,238.7,57.5,1030.1
1996041312,16.4,0,3.1,194.7,21.5,1027.5
1996041318,10.9,0,1.9,234.2,35.5,1026.6
1996041400,6.3,0,0.8,331.7,57.5,1027.1
1996041406,10.1,0,2,283.3,42.5,1026.4
1996041412,14.8,0,2.8,215,33,1022.2
1996041418,11.9,0,1.2,285.8,37.5,1019.6
1996041500,5.5,0,0.5,328.1,60.5,1018.8
1996041506,10.3,0,1.1,235.5,61,1017.3
1996041512,17.7,0,2.9,146.4,38,1013.1
1996041518,13.4,0,1.7,163.7,60.5,1009.6
1996041600,9.7,3,1.3,306.5,81,1006.8
1996041606,10.8,0.3,1.7,299.9,78,1003.6
1996041612,18.6,0,2.9,189.7,29,1001.6
1996041618,14.6,0,2.1,299.2,34.5,1002.6
1996041700,11.8,0,1.5,292.9,62.5,1005.2
1996041706,12.8,8.3,2.2,233.6,91.5,1003.4
1996041712,16.2,3.3,3.8,225.1,85.5,999.6
1996041718,15.7,0,3.4,294.9,55,1001
1996041800,8.8,0,4,296.6,34.5,1007.7
1996041806,11.2,0,3.9,263.6,22.5,1012.3
1996041812,18.9,0,4,289.5,14.5,1012
1996041818,14.3,0,2.4,346.1,13.5,1013.1
1996041900,10.2,0,1.6,15,17.5,1015.7
1996041906,10.3,0,2.1,26.5,25.5,1015.2
1996041912,13.4,0,4.7,103.4,37.5,1013.8
1996041918,9.6,0,1.8,28.7,47,1014.6
1996042000,5.9,0,0.9,339.1,74.5,1015.3
1996042006,7.1,2.6,2,20.4,88,1016.2
1996042012,9.7,1.7,2.7,53.7,66.5,1017.7
1996042018,7.7,0,1.4,31.9,69.5,1020.2
1996042100,5.1,0,0.3,342.8,87,1021.3
1996042106,8.6,0,1.1,355.4,76,1020.9
1996042112,17.4,0,2.8,175,28,1019
1996042118,12.3,0,0.7,80,44.5,1019
1996042200,7.5,0,0.5,0,67.5,1020.9
1996042206,11,0,1.5,301.3,60.5,1021.6
1996042212,20.6,0,3.5,194.7,21.5,1019.3
1996042218,15.5,0,1.8,287.9,27,1019.1
1996042300,10.8,0,0.6,322.3,45,1021
1996042306,13.6,0,1.3,263.7,54.5,1022
1996042312,23.9,0,2.7,223.2,31,1019.3
1996042318,16.3,0,1.6,42.4,57.5,1019.3
1996042400,9.9,0,0.7,349.5,66,1020.5
1996042406,13.9,0,0.6,333.3,69,1020.6
1996042412,23.7,0,2.9,218.8,29.5,1017.8
1996042418,18,0,1.5,289.1,51,1016.8
1996042500,13.6,0,1.6,318.4,75,1018.3
1996042506,15.9,0,1.3,263.4,72.5,1018.8
1996042512,23.4,0,3,173.2,44,1016.8
1996042518,18.5,0,1.1,68.3,55.5,1016.2
1996042600,14.9,0,1.1,302.3,73,1016.2
1996042606,18,0,1.5,296.7,67,1016.2
1996042612,24.6,0,3.2,155.7,39,1014.8
1996042618,18.1,0,1.1,65.3,70,1014
1996042700,15.9,0,1.1,3.9,78,1015.2
1996042706,20.2,0,2.4,309.8,64,1016
1996042712,26.7,0,2.7,85.4,35,1013.8
1996042718,20.8,0,1.2,64.9,65.5,1013.2
1996042800,16.6,0,1.6,296.6,73,1014.2
1996042806,19,0,1.1,244.4,75.5,1014.9
1996042812,22.5,0,2.2,130.7,59,1014.2
1996042818,18.2,0,1.1,59.6,78,1012.9
1996042900,16.3,0,0.4,71.2,88,1012.4
1996042906,17.5,0,0.9,321,79.5,1012.5
1996042912,17.5,6.8,2.9,235.3,74,1011.4
1996042918,14.8,5.6,2.2,195.5,93.5,1010.6
1996043000,14.2,4.6,3.7,143.3,93.5,1008.7
1996043006,14.5,2.2,3.2,140,94,1008
1996043012,15.3,13.2,2.2,150,94.5,1006.2
1996043018,15.4,12.1,1.3,95.7,94,1003.8
1996050100,15.2,1,0.4,353.5,93.5,1002.8
1996050106,14.6,0,2,91.3,93,1004.2
1996050112,16.4,0,1.1,122,82,1006.6
1996050118,15.1,0,1,125,82,1008.5
1996050200,13,0,0.7,332.2,90.5,1010.7
1996050206,16.2,0,2.6,295,70.5,1012.2
1996050212,25.2,0,3.8,329.8,22.5,1012.8
1996050218,20.4,0,1.5,346.4,20,1014.8
1996050300,14.6,0,1.8,90,34.5,1018.3
1996050306,16.5,0,0.8,8.6,39,1020
1996050312,23.3,0,2.5,173.5,23,1018.9
1996050318,18.3,0,0.6,329.7,30.5,1017.2
1996050400,14.5,0.2,0.9,16.2,54,1015.1
1996050406,13.8,4,0.9,7.5,82.5,1012.2
1996050412,13.6,7.9,3.5,72.4,88,1007.8
1996050418,12.3,4.7,2.3,9,92,1006.7
1996050500,11.7,0,1.8,325.3,92.5,1007.2
1996050506,15.2,0,2.4,4.3,78,1009.1
1996050512,16.7,0,4.4,86.7,60,1010.6
1996050518,12.4,0,1.3,24.9,73,1013.6
1996050600,10.9,0,0.3,9.6,78,1015.8
1996050606,12.8,0,1.4,84.9,75.5,1017.1
1996050612,17.6,0,2.4,133.4,48,1016.8
1996050618,13.9,0,1,60,45.5,1016.2
1996050700,10.4,0,1,317.6,80.5,1015.7
1996050706,12.6,0,1.3,48.7,80,1014.2
1996050712,15.7,0,1.8,69.6,57,1012.6
1996050718,14.5,0.4,1.3,301.4,68.5,1010.7
1996050800,12.6,1.3,0.5,342.8,92.5,1008.7
1996050806,13.3,0.7,0.9,284.3,94.5,1006.5
1996050812,19.8,0.1,2.2,146,61.5,1003.5
1996050818,16,0,1.2,333.2,41.5,1003.4
1996050900,9.9,0,0.7,326.4,58.5,1006.6
1996050906,13.4,0,0.7,293.6,64,1008
1996050912,22.7,0,4.3,242.1,21.5,1006.6
1996050918,18.8,0,4.1,241.1,27.5,1005.8
1996051000,14.9,0,3,280,37.5,1007.2
1996051006,16.3,0,1.8,96.7,49,1011.2
1996051012,24.2,0,2.9,190.3,40.5,1010.8
1996051018,22.2,0,2.4,199.7,31,1009
1996051100,19.4,0,1.4,272.4,36.5,1009.8
1996051106,19.4,0,2.2,213.5,55,1010.4
1996051112,21.7,0,2.6,277.1,42,1009.9
1996051118,17.6,0.1,1.6,352.6,49.5,1010.4
1996051200,10.4,0,0.7,333.1,82.5,1013
1996051206,14.5,0,1.7,333,70,1013.3
1996051212,20.8,0,3.3,165.6,36,1013.7
1996051218,16.5,0,1.3,283.5,50.5,1013.6
1996051300,11.8,0,0.4,350.3,78.5,1015.1
1996051306,16.2,0,0.7,259.3,71.5,1016.4
1996051312,21.1,0,3.5,136.9,56.5,1016
1996051318,16.3,0,1.2,235,84.5,1016.1
1996051400,12.9,0,0.7,326.9,93,1016.4
1996051406,14.6,0.1,1.6,225,91.5,1016.8
1996051412,20,0,3.2,133.8,56.5,1016.7
1996051418,15.3,0,2.2,21.2,72.5,1018.2
1996051500,11.9,0,0.4,337.6,89,1020.3
1996051506,15.1,0,1,247.4,85,1021
1996051512,22.4,0,3,135.1,44.5,1020.2
1996051518,17.1,0,1.1,27.2,76,1020.6
1996051600,12.9,0,0.7,311.9,87,1021.6
1996051606,17.5,0,0.6,303.5,78,1021.6
1996051612,26.4,0,2.8,130.4,35,1019.9
1996051618,20.2,0,0.8,359.9,48,1018.9
1996051700,14,0,0.3,346.4,73,1019.5
1996051706,17.5,0,0.3,7.5,71,1019
1996051712,22.6,0,3.6,83.4,41,1018
1996051718,14.7,0,1.8,63.4,74,1017.7
1996051800,10.6,0,1.3,46.8,91.5,1017.2
1996051806,13.4,0,1.5,60.7,83.5,1016.6
1996051812,21.3,0,2.3,136.8,52.5,1014.6
1996051818,15.4,0,1.4,80,73,1013.2
1996051900,13.5,0,1.1,313.8,89,1013.5
1996051906,14.7,0,1.1,254.1,88.5,1013
1996051912,21.9,0,2.6,90,60.5,1011.3
1996051918,21,0,1.9,255.2,46.5,1011
1996052000,18.2,0.1,1.4,351.5,64,1012.6
1996052006,18.1,0.6,1.2,190.3,86,1012.3
1996052012,19.3,0.4,3.3,204.9,85.5,1011.5
1996052018,18.6,0,2.1,223.8,82.5,1010.3
1996052100,17.1,0.3,0.5,325,90.5,1010.8
1996052106,17.3,6.2,1.5,219.6,92.5,1010.7
1996052112,23.9,0,2.3,295,49,1008.5
1996052118,19.3,0,0.8,301.6,44,1009
1996052200,12.3,0,0.7,344.3,72,1010.2
1996052206,17,0,1.7,347.4,55.5,1010.9
1996052212,23,0,3.2,127.6,38,1010.7
1996052218,18,0,1.3,170,46,1011.3
1996052300,12.9,0,1,310.9,77.5,1011.8
1996052306,18.8,0,1.5,288.5,66.5,1011.8
1996052312,26.1,0,2.6,121.3,39,1010.2
1996052318,21.3,0,1.7,10,45,1010.2
1996052400,15.4,0,0.4,330.5,75,1011.1
1996052406,19.4,0,1,246.4,76.5,1011.6
1996052412,27.1,0,2.5,149.8,41.5,1011.2
1996052418,22.5,0,1.3,271.2,35.5,1011
1996052500,16.3,0,0.4,342.8,58,1011.7
1996052506,20.2,0,0.6,288.2,63,1013.2
1996052512,30.3,0,2.9,227.2,28,1012.2
1996052518,24.3,0,1.9,275.1,25.5,1012
1996052600,18.1,0,0.2,350.2,49.5,1013.3
1996052606,21.6,0,0.9,333.4,58,1013.6
1996052612,28.8,0,3.2,260,26.5,1011.9
1996052618,24,0,1.5,321.8,44,1012.1
1996052700,20.4,0,1.2,311.9,61,1012.3
1996052706,21.6,0,0.9,289.3,57.5,1012.8
1996052712,26.3,0,3.2,243.2,38.5,1012.3
1996052718,21.8,0,1.1,329.6,55,1012
1996052800,16.1,0,0.4,346.9,79,1012.8
1996052806,19.9,0,0.9,256.7,75,1012.8
1996052812,27.3,0,3.1,153.4,36.5,1011.5
1996052818,21.9,0,1.3,59.9,57,1011.2
1996052900,19,0,0.9,343,71.5,1011.5
1996052906,18.5,4.8,1,345.8,86,1012.4
1996052912,18.6,3.3,1.7,93.3,93.5,1012.3
1996052918,17.6,1.3,1.3,66.6,94,1013
1996053000,17.3,0,0.2,3.3,93,1013.5
1996053006,19.1,0,0.7,6.6,90,1013.7
1996053012,23.6,0,2.3,146.6,67,1012.3
1996053018,19.5,4.6,1,39,83.5,1011.5
1996053100,17.2,0,0.4,336.6,92.5,1011.2
1996053106,20.8,0,0.7,355.1,86.5,1011.2
1996053112,27.8,0,3.1,90,49.5,1011.6
1996053118,21.1,0,1.9,53.3,66.5,1013.3
1996060100,17.1,0,0.6,16.2,89,1014.8
1996060106,18.2,0,1.3,50.5,89,1015.5
1996060112,23.9,0,2.1,170,63.5,1014.2
1996060118,20.1,0,1.5,173.9,78.5,1013.4
1996060200,17.6,0,0.8,312.4,91,1013.5
1996060206,21.4,0,0.7,204.1,86,1012.5
1996060212,27,0,2.2,60,59,1010.7
1996060218,25.5,0,1.4,244.4,54,1010.1
1996060300,22.5,0,2,280.5,58.5,1009.9
1996060306,23.6,0,2.9,260.2,67,1008.7
1996060312,23.8,6.7,2.1,255.9,71.5,1006.8
1996060318,20.2,1.2,2.3,278.2,93,1005.5
1996060400,18.2,0,0.9,317.6,92,1004.6
1996060406,21.8,0,1.5,343.5,82.5,1005.2
1996060412,26.9,0,3.9,66.6,22,1004
1996060418,20.3,0,2.4,60,62.5,1006
1996060500,16.9,0,0.8,26.6,85,1009.6
1996060506,19.8,0,1.2,51.2,67,1011.5
1996060512,24.9,0,3,125,29,1012.8
1996060518,19.5,0,1.2,273,41.5,1013.1
1996060600,13.6,0,0.8,310.9,73.5,1014.8
1996060606,18.5,0,1.2,23.9,68.5,1016.5
1996060612,26.9,0,2.3,141.8,32.5,1016
1996060618,22,0,1.6,329,60.5,1016.2
1996060700,18,0,0.8,339.7,87.5,1016.5
1996060706,18,5.7,0.3,353.6,90,1016.8
1996060712,17.1,34.9,1,24.1,96,1016.6
1996060718,17.9,9.1,1.2,73.4,96,1014.5
1996060800,18.9,4.3,2,190,96,1012.8
1996060806,19.5,4.2,0.6,114.5,96,1012.1
1996060812,21.3,0.3,1.7,73.4,93.5,1012.1
1996060818,19.8,0,0.9,343.2,88.5,1012.9
1996060900,18.9,0,0.9,331.9,90.5,1013.8
1996060906,19.3,0,1.5,31.9,89,1014.8
1996060912,20.2,0,2.3,70,81.5,1014.6
1996060918,18.9,0,1.2,56.4,85,1014.5
1996061000,18,0.2,0.8,54.1,90,1013.9
1996061006,17.8,6.5,0.8,61.8,94,1012.7
1996061012,19.3,0.3,0.4,49.5,94.5,1010
1996061018,19.7,0,0.3,32.4,92,1008.2
1996061100,18.9,0,0,0,94,1009.4
1996061106,19.1,0,1.7,87,92.5,1010.8
1996061112,21.3,0,1.6,128.1,77.5,1011.1
1996061118,19.4,0,1,100.1,83.5,1009.8
1996061200,18.2,0,0.2,13.6,91.5,1008.9
1996061206,20.4,0,1,310.6,88,1009.4
1996061212,24.4,0,3,155.7,71.5,1009.3
1996061218,21.5,0,1.6,134.7,84,1010
1996061300,19.9,0,1.1,71.6,88.5,1011
1996061306,21,0,1.3,69,84,1012.5
1996061312,25,0,2.3,113.1,64,1011.4
1996061318,20.9,0,1.3,94.1,77,1011.2
1996061400,18.6,0,0.5,342.8,89.5,1011.6
1996061406,20.3,0,1.2,136.5,89,1010.1
1996061412,26.2,0,1.9,181,68,1008.7
1996061418,23.5,0,1.4,66.2,79,1007.2
1996061500,20.1,0,0.2,10,93,1008.4
1996061506,22.8,0,0.9,250,91.5,1010.1
1996061512,27.5,0,3,121.1,63,1009.6
1996061518,23.9,0,1.5,75.1,80.5,1009
1996061600,21.9,0,0.5,326.2,88,1009.4
1996061606,26,0,1.9,111.6,81,1009.5
1996061612,29.2,0,2.5,115.5,61.5,1007.9
1996061618,24,0,1.4,83.2,83,1005.9
1996061700,21.5,1.4,1.8,93.9,92,1005.8
1996061706,20.7,2.3,1.4,338.6,95,1004.8
1996061712,20.6,21.9,1.3,106.2,93.5,1001.8
1996061718,20.3,15.5,0.8,88.9,95,994.8
1996061800,22.5,0,3,228.4,87.5,988.6
1996061806,23,0,3.7,294.1,60.5,988.2
1996061812,23.3,0,4,343.4,55.5,995
1996061818,20.2,0,1.9,205.7,67.5,1000.9
1996061900,15.9,0,0.5,314.2,90.5,1003
1996061906,20.8,0,0.3,340.5,80,1002.5
1996061912,27,0,2.5,252.5,49,1001.1
1996061918,23,0,2.3,236.6,58.5,999.5
1996062000,19.9,0.1,1.1,198.7,83,999.3
1996062006,19.3,3.4,2,121.6,93.5,998.2
1996062012,20.3,4.5,1,64.3,95,996.3
1996062018,20.5,0,0.9,325,95,996
1996062100,19.5,0,0.2,355.2,95,997.9
1996062106,21.2,0,0.7,355,95,999.7
1996062112,25.7,0,3.8,245,64.5,1000.5
1996062118,22.5,0,2.8,205,73,1001.6
1996062200,20.8,0,1.7,281.8,73.5,1003.7
1996062206,22.2,0,1.3,99.6,82.5,1005.5
1996062212,25.4,0,2.2,223.4,67,1005.9
1996062218,22,0,2.1,97.3,78.5,1007
1996062300,18.9,0,1.3,70,89.5,1010.1
1996062306,18.6,0,1.5,66.1,91,1011.9
1996062312,21,0,1.6,76.4,82.5,1013.1
1996062318,19.9,0,1.4,73.4,79.5,1012.8
1996062400,18.4,0,0.6,39.8,89,1012.6
1996062406,18.6,13.6,1.5,79.8,95.5,1011.4
1996062412,18.8,34.4,1.3,49.5,96,1008.4
1996062418,18.1,55.5,1.2,334.2,96.5,1007
1996062500,16.9,37.9,0.4,314.4,96.5,1007.1
1996062506,16.6,53.3,1,327.1,96.5,1007.2
1996062512,17.1,21.3,1.5,340,96,1007.6
1996062518,16.6,7,0.8,323.5,96,1008.9
1996062600,15.9,0,0.6,346.6,95,1010.8
1996062606,17.1,0,1,343.1,94.5,1012.2
1996062612,22.1,0,1.6,175.6,75.5,1012.2
1996062618,19.3,0,1.2,203.1,83,1012.5
1996062700,17.2,0,0.5,301.5,93.5,1011.8
1996062706,18.2,1.1,1.1,25.6,94,1011.3
1996062712,19.5,14.5,1.1,153.4,94.5,1009.3
1996062718,20,3.2,0.4,8.9,94.5,1005.8
1996062800,19.8,3.2,1.4,219.2,95.5,1005.9
1996062806,22.8,0,1.2,193.8,90,1006.8
1996062812,29.1,0,3.2,240.3,57.5,1004.8
1996062818,24.8,0,1,84.7,81,1005.7
1996062900,21.6,0,0.5,31.8,91.5,1007
1996062906,22.5,0,1.1,116.8,92.5,1006.8
1996062912,25.9,0,3.8,204.9,83.5,1002.1
1996062918,24.7,3.5,5,230,87,997
1996063000,22,0,1.9,313.2,75.5,998.2
1996063006,23.8,0,1.6,298.7,68.5,1000.6
1996063012,26.2,0,2.3,228,60,1001.3
1996063018,24.2,0,1.2,195,72.5,1001.2
1996070100,22,0,1.5,270,81,1001.9
1996070106,24.4,0,1.2,33.6,80.5,1004.3
1996070112,29.1,0,3.1,80,55.5,1004.5
1996070118,26.8,0,2,282.4,66,1006
1996070200,22,0,0.4,338.1,85,1007.6
1996070206,25,0,0.9,303.7,80.5,1009.2
1996070212,29.1,0,3.2,107.2,61,1009.1
1996070218,26.9,0,1.4,308.5,70,1009.4
1996070300,21.7,0,1.1,258.6,86,1012.1
1996070306,20.7,0,1.2,35.9,90,1013.2
1996070312,22.5,0,3.2,106.7,73,1012.9
1996070318,19.4,0,1.8,76.4,82,1013.4
1996070400,17.4,0,1.2,80.3,93.5,1013.4
1996070406,18,2.1,0.9,150,95.5,1012.1
1996070412,19,16.9,0.4,26.3,97,1009.2
1996070418,19.4,14,0.7,305,97,1004.4
1996070500,19.9,9.4,1.6,80.2,97,998.1
1996070506,18.6,2.2,0.7,26.2,96.5,1000.5
1996070512,20.9,0,1.7,98.7,77.5,1004.3
1996070518,19.2,0,1.4,72.2,72.5,1006.3
1996070600,16.9,0,0.7,301.8,90,1006.2
1996070606,19.3,0,1.5,159.4,85.5,1006.2
1996070612,23.4,0,2.8,113.3,60.5,1007
1996070618,19.3,0,3.5,70,74.5,1008.4
1996070700,17.6,0,2.5,50,84.5,1009.8
1996070706,18,0,3.2,48.4,83,1011.9
1996070712,19.4,0,3.1,45.1,79,1012.9
1996070718,17.8,0,2.7,63.4,80.5,1014.4
1996070800,15.9,0.2,1.8,37.1,93,1015.5
1996070806,16.9,0,2.7,56.6,89,1016.2
1996070812,18.3,0,3.3,56.6,75.5,1015.9
1996070818,17.2,0,2.2,26.6,75.5,1014.8
1996070900,16.3,0,2.2,6.6,85.5,1014.3
1996070906,16.9,0,2.1,43.8,90.5,1013.6
1996070912,18.6,0,3.3,51.8,76,1012.3
1996070918,17.2,0,2.5,50.3,78,1011.8
1996071000,15.9,0,1.9,40.1,89.5,1011.1
1996071006,16.2,0,2.2,43.4,91,1010.8
1996071012,17.8,0,2.7,40.1,82.5,1009.8
1996071018,17.1,0,1.9,35,76.5,1009.9
1996071100,16,0,1.1,19.7,83,1009.8
1996071106,17.3,0,1.9,49.1,88,1010.3
1996071112,19.3,0,2.1,56.4,79,1010.4
1996071118,17.9,0.3,1,35,85,1010.2
1996071200,16.6,0,0.5,0,91.5,1010.3
1996071206,17.1,7.4,0.6,340,94.5,1011
1996071212,19.4,0,1.3,61.3,78.5,1011.6
1996071218,18.6,0,0.9,47.2,76,1011.8
1996071300,17.9,6.4,0.9,29.2,88,1011.5
1996071306,18.3,12.5,0.8,36.1,95.5,1011.4
1996071312,21.2,0,1,120.2,94,1011.2
1996071318,20.6,0,0.8,63.4,91.5,1011.9
1996071400,19.6,0,0.5,323.2,95.5,1013.4
1996071406,19.7,0.8,0.6,348.2,96.5,1013.8
1996071412,24.5,0,0.9,83.7,87.5,1012.8
1996071418,23.3,0,0.9,52.1,81,1011.3
1996071500,21.9,26.2,0.5,15.7,93.5,1011.3
1996071506,23.1,5.9,0.5,334.4,95.5,1010.8
1996071512,28.6,0,3.7,221.5,77.5,1008.9
1996071518,26.8,0,2.5,220.1,80.5,1007.8
1996071600,26.2,0,2.9,220.1,83.5,1007.1
1996071606,25.8,2.3,3.2,220.1,90,1006
1996071612,28.8,0,4,236.6,70,1006.7
1996071618,26.6,0,1.9,263,67,1007.8
1996071700,23.3,6.9,0.7,356.3,88.5,1010.2
1996071706,26.4,0,2.2,277.4,84.5,1010.3
1996071712,32,0,3.2,270,53,1009.8
1996071718,28.7,0,1.7,15,67.5,1010
1996071800,24,0,0.3,6.5,90.5,1010.7
1996071806,26.6,0,0.7,328.2,84,1011
1996071812,33.4,0,2.3,162,51.5,1009.3
1996071818,29.5,0,1.2,77.4,65.5,1007.7
1996071900,25.5,0,0.8,323,84,1007.5
1996071906,27.6,0,1.1,3.4,84,1007.8
1996071912,33.2,0,2.3,56.2,60.5,1007
1996071918,29.4,0,0.8,93,71,1006.7
1996072000,25.5,0,0.7,325,91,1008
1996072006,28.3,0,1.4,293.8,84,1008.3
1996072012,34,0,3,259.8,46.5,1007.7
1996072018,27.8,0,1.7,24.6,70.5,1008.2
1996072100,25.6,0,0.6,346.8,87.5,1008.3
1996072106,27.4,0,0.7,54.9,89.5,1009
1996072112,30.9,0,2.3,228.7,65,1008
1996072118,27.2,3.3,1.3,244.9,85.5,1008.2
1996072200,26.1,0,1.4,184.3,93.5,1007
1996072206,27.6,0,2.2,233.7,86,1006.8
1996072212,31.5,0,4.2,270,61,1005.6
1996072218,29.2,0,2.3,277.8,69.5,1005.9
1996072300,25.4,0,0.7,331.9,88,1007.2
1996072306,27.5,0,1.2,25,82.5,1008.2
1996072312,32.5,0,2.5,110.2,54,1007.3
1996072318,29.4,0,1.3,321,70.5,1006.4
1996072400,25.9,0,0.7,342.7,90.5,1007.6
1996072406,28.2,0,1.1,283.9,86.5,1008.4
1996072412,33.8,0,3.7,259.8,49.5,1007.4
1996072418,29.5,0,2.2,267.6,64.5,1007.9
1996072500,26.9,0,2.1,285,82,1008.7
1996072506,29.3,0,2.5,260,68,1010.5
1996072512,33.2,0,4.2,225.1,50.5,1009.1
1996072518,29.1,0,2,247.7,60.5,1009.1
1996072600,26,0,0.9,301.6,78,1010.7
1996072606,28.4,0,1.5,230,80.5,1012.3
1996072612,32,0,3.7,235.3,67,1011.3
1996072618,29.1,0,2.2,253.3,68.5,1011.5
1996072700,25.4,0,0.4,346.9,86,1011.8
1996072706,27.2,0,1.2,245.4,85,1012.2
1996072712,31.1,0,2.4,215,69.5,1012
1996072718,28.4,0,2,249.6,72.5,1011.9
1996072800,25.3,0,0.6,351.9,85,1012
1996072806,27.6,0,0.9,277.1,80.5,1012.8
1996072812,32.7,0,3.2,230,63,1011.2
1996072818,29.4,0,1.4,271.3,67,1011.3
1996072900,26.3,0,0.6,335.6,84,1011.9
1996072906,28.9,0,1.5,319.4,80.5,1011.5
1996072912,34.1,0,3.1,236.6,51.5,1010.3
1996072918,30.7,0,2,243.2,59.5,1009.5
1996073000,26.1,0,0.6,317.2,82.5,1009.8
1996073006,28.9,0,1,333.7,77.5,1010.2
1996073012,34.6,0,2.2,127.5,46,1009.1
1996073018,29.9,0,2,130.7,67,1009.2
1996073100,26.1,0,0.8,5.8,85.5,1010.3
1996073106,29,0,0.9,315.9,79,1011.6
1996073112,33.3,0,3.2,152.1,57,1011.5
1996073118,29.3,0,1.3,88.4,65,1011.8
1996080100,24.7,0,0.8,50.2,85.5,1014.4
1996080106,26.4,0,0.8,65.4,90,1015
1996080112,32.2,0,2.6,153.4,57,1014.8
1996080118,28,0,1.6,146.1,77,1014.9
1996080200,25.2,0,0.9,335.6,89.5,1015.2
1996080206,27.5,0,0.5,324.4,87.5,1014.3
1996080212,33.9,0,2.4,166.6,49,1013.8
1996080218,28.1,0,1.1,35,72.5,1013.9
1996080300,25.1,0,0.9,321.4,90,1015.1
1996080306,27.5,0,0.6,80,82,1014
1996080312,33.4,0,3.2,80,55.5,1011.9
1996080318,31.1,0,1.8,303.8,62.5,1011.3
1996080400,27.3,0,1.5,308.2,83.5,1011.7
1996080406,29.6,0,2.1,342.9,78.5,1011.5
1996080412,35.2,0,2.6,5,48,1009.5
1996080418,29,0,1.5,25.8,73,1009.8
1996080500,25.8,0,0.5,40.7,85,1009.4
1996080506,25.8,0,2,48.4,78.5,1010.5
1996080512,28.9,0,3.6,86.6,57,1009.4
1996080518,24.7,0,1.6,55,70,1008.6
1996080600,22.3,0,1.1,350.2,84,1008.5
1996080606,25.3,0,1.5,70.1,80.5,1007.8
1996080612,29.4,0,3.6,111.6,56.5,1006.4
1996080618,25.1,0,2.1,55.7,71,1006.9
1996080700,22.3,0,0.9,323.5,88.5,1007.6
1996080706,24.3,0,0.6,1.7,84.5,1007.9
1996080712,29.5,0,2.2,109,61,1007.5
1996080718,25.4,0,1.5,66.6,72,1007.1
1996080800,23.2,0,0.5,355.9,87,1007.5
1996080806,26.3,0,0.5,287.3,77,1007.6
1996080812,33.8,0,2.9,145,40,1005.8
1996080818,29.3,0,1,135.9,76,1006
1996080900,26.7,0,0.6,334.3,85.5,1006.4
1996080906,28.9,0,1.3,9.5,77.5,1007.4
1996080912,31.7,0,4.1,93.4,55.5,1007
1996080918,27.1,0,1.7,22.6,76.5,1008.3
1996081000,25.5,0,1,13.1,89,1009
1996081006,26.8,0,1.7,49.8,90,1009.5
1996081012,29.9,0,4.2,90,65.5,1009.1
1996081018,26.9,0,1.5,48.4,79,1009.5
1996081100,25.3,0,1,16.1,89,1009.7
1996081106,26.6,0,1.4,48.7,87,1009.8
1996081112,31.7,0,3.1,105,55.5,1008.5
1996081118,27.3,0,1.5,52.5,77.5,1008.2
1996081200,25.2,0,0.4,330.5,89,1007.8
1996081206,27.9,0,1.3,60.7,84,1007.5
1996081212,32.8,0,3,153.4,51.5,1006.2
1996081218,28.3,0,1.5,160,66.5,1004.8
1996081300,25.1,0,0.3,308.4,86,1004.2
1996081306,27.2,0,1.5,48.1,84,1003.6
1996081312,32.6,0,2.9,134.3,55,1002.6
1996081318,28.6,0,2.2,49.8,72,1001.7
1996081400,27.4,0.1,2.3,50,88,999.5
1996081406,27,0.4,3.2,62.1,88,997.3
1996081412,28.8,0,3.7,26.6,75.5,994.8
1996081418,27.6,0,1.4,8.7,75.5,997.6
1996081500,25.1,2.4,0.4,357,94,1001.5
1996081506,27.2,0,1.4,324.2,86,1004.5
1996081512,33.6,0,2.2,340,38,1005
1996081518,29.2,0,1.3,16.2,51,1006.2
1996081600,24.1,0,0.7,19.4,66,1008.7
1996081606,26.5,0,1.1,44.2,67,1010.6
1996081612,32.2,0,2.9,161,42.5,1010.3
1996081618,27.5,0,1.2,181.3,67.5,1010.4
1996081700,23.3,0,1.1,299.9,87,1010.8
1996081706,25.5,0,0.9,14.4,83.5,1012.1
1996081712,31.4,0,3.3,103.4,44,1011.7
1996081718,26.9,0,1.1,19.3,68.5,1012
1996081800,23.7,0,0.9,305,86,1013.6
1996081806,25.8,0,1,37.5,84.5,1014.3
1996081812,31.8,0,3,136.9,48,1012.9
1996081818,26.6,0,1.4,53.5,69.5,1013.3
1996081900,22.5,0,0.7,300,88,1014.8
1996081906,25.1,0,0.8,254.1,82.5,1014.9
1996081912,31.8,0,2.9,162.8,48,1013.8
1996081918,28.1,0,1.4,110,69.5,1012.9
1996082000,25.8,3.4,0.7,351.8,81,1012.5
1996082006,26.1,0,1.1,350,90,1013.3
1996082012,31.5,0,2.5,170.4,55.5,1012.1
1996082018,28.3,0,1.4,301.6,60,1011.3
1996082100,24.9,0,0.6,350,82.5,1011.9
1996082106,24.9,0.1,1.3,314.4,89,1011.7
1996082112,27.5,0,1.8,180,77,1010.8
1996082118,26.4,0.6,1.4,162.1,86,1010.2
1996082200,24.9,0.6,1.2,222.6,94.5,1010.1
1996082206,26.1,0,0.7,331.7,90,1009.4
1996082212,30,0,2.3,174.1,66.5,1007.8
1996082218,26,0,2.2,59.8,82.5,1007.5
1996082300,24,0,0.6,31.4,89.5,1007.2
1996082306,25,0,0.9,55,89,1007.5
1996082312,26.6,0,3.7,83.4,73,1008
1996082318,22.8,0,3.5,55.3,76.5,1011
1996082400,21.9,0,2.3,40.1,74,1012.8
1996082406,22.1,0,2.5,43.4,71.5,1014.7
1996082412,25,0,4.3,70,48,1014.4
1996082418,22.3,0,2.2,48.4,61,1015.3
1996082500,20.9,0,1.4,23.2,71,1015.3
1996082506,23.2,0,2.4,49.7,71.5,1015.2
1996082512,25.4,0,3.5,80,53.5,1014.7
1996082518,22.8,0,1.6,35,70,1014.7
1996082600,21.2,0,1,293.2,80,1014.6
1996082606,22.5,0,1.2,19.8,82,1014.4
1996082612,23.1,1.2,1.2,70.5,78.5,1013.8
1996082618,20.3,0.3,1,351.5,91,1013.8
1996082700,19.6,2.4,0.8,332.1,93,1013.2
1996082706,20.1,4,0.5,321.4,95,1011.8
1996082712,22.3,1.1,1,3.9,91,1009.5
1996082718,20.7,6.1,1.1,340,93,1008.8
1996082800,20.1,4.1,0.6,330.8,94,1007.6
1996082806,19.9,11,1.2,348,95,1005.8
1996082812,21.9,1.4,1.9,0,92,1004.9
1996082818,21.1,0,1.7,350,83,1005.7
1996082900,20.3,0,0.9,338.6,85.5,1006.9
1996082906,22.4,0,1.8,15.8,82,1007.8
1996082912,25.9,0,3.3,87.1,59,1008.8
1996082918,22.6,0,2,59.8,70,1010.7
1996083000,20.6,0,1.5,7.5,83,1012.1
1996083006,21.8,0,1.7,16.5,81.5,1013.3
1996083012,22.8,1.3,1.6,14.7,79.5,1013.3
1996083018,21.3,4.2,1.2,3.9,91,1012.9
1996083100,20.9,4.1,0.9,47.4,96,1013.3
1996083106,20.3,20.3,1.5,61.5,96,1013.7
1996083112,20.5,5.5,2.3,51.8,94,1012
1996083118,20.4,0,2.6,3.3,90,1012
1996090100,19.5,0,2,353.4,86.5,1012.1
1996090106,21.4,0,2.4,11.5,79.5,1012.5
1996090112,25.6,0,3,66.7,49,1012.3
1996090118,21,0,1.7,356.9,64.5,1012.9
1996090200,17.5,0,0.5,336.8,87.5,1013.2
1996090206,20.6,0,1,42.4,79.5,1013.2
1996090212,26.3,0,4.2,76.4,51.5,1011.7
1996090218,21.6,0,1.5,13.9,73.5,1012.4
1996090300,17.7,0,0.5,326.6,91,1013
1996090306,20.2,0,0.6,94.7,86,1013.2
1996090312,27.8,0,2.4,118.5,48.5,1012.7
1996090318,22.6,0,1.2,34.2,75,1013.4
1996090400,18.4,0,0.5,301.3,89,1013.4
1996090406,20.5,0,0.7,283.8,84.5,1013.5
1996090412,28,0,2.6,145,45,1012.1
1996090418,23.7,0,1.1,238.6,68.5,1012.2
1996090500,20.6,0,0.2,338.1,87,1012.8
1996090506,21.6,0,1,351.4,87.5,1013.9
1996090512,23.2,0,2.5,73.4,66,1013.2
1996090518,21.9,0,1.3,328.1,75,1013.6
1996090600,20.5,0,0.6,335.6,83.5,1012.9
1996090606,20.5,0.5,0.3,18.4,90.5,1012
1996090612,21,0,1.4,67.2,87.5,1012.5
1996090618,19.7,0,0.7,20.7,86,1013.4
1996090700,18.4,0,0.4,10,84,1014.4
1996090706,20.8,0,1.3,57.7,80,1015.7
1996090712,26.1,0,3.8,96.6,48,1016.1
1996090718,21.1,0,1.3,16.2,68,1017.1
1996090800,18,0,0.8,324.2,87.5,1017.3
1996090806,21,0,1,51.8,85,1017.4
1996090812,25.8,0,2.8,108.2,61.5,1015.4
1996090818,22.9,0.9,1.2,12.8,86,1015.6
1996090900,19.9,3.7,0.5,350.2,93,1015.2
1996090906,17.8,18.6,2,342.9,94,1013.8
1996090912,18.3,2.5,2.1,356.6,94,1012.6
1996090918,18.4,0,1.1,0,90.5,1012.5
1996091000,16.2,0,0.4,328.3,89.5,1013.2
1996091006,19.6,0,1.1,300.2,85.5,1013.7
1996091012,26.4,0,2.2,128.4,50,1012.7
1996091018,22,0,0.9,22.4,67,1013.4
1996091100,17.7,0,0.6,320.2,88.5,1013.9
1996091106,18.8,0,0.5,319.9,89,1014.7
1996091112,26.5,0,1.9,144.4,51,1013.2
1996091118,22.1,0,0.8,5,72.5,1013.2
1996091200,17.7,0,0.4,328.3,89,1013.3
1996091206,20.2,0,0.5,215,86.5,1013.3
1996091212,27.4,0,2.5,123.8,39,1011.8
1996091218,23,0,0.8,354.9,60.5,1012
1996091300,20.5,0,0.4,346.9,81.5,1011.2
1996091306,22.2,0,0.7,350.3,79,1010.3
1996091312,26.9,0,3.8,90,55,1009.8
1996091318,22.4,0,1.1,355.1,77,1010.5
1996091400,19,0,0.3,335.9,90,1011.5
1996091406,21.2,0,0.5,2.3,86.5,1012.2
1996091412,27.9,0,2.1,58.2,39.5,1011.7
1996091418,23.6,0,1.1,29.1,67.5,1013.6
1996091500,18.8,0,0.3,338.1,88,1014.7
1996091506,20.6,0,0.6,284.1,86.5,1015.1
1996091512,28,0,2.3,156.1,50,1014.6
1996091518,23.5,0,1,150,66,1013.8
1996091600,19.6,0,0.8,333.1,87.5,1013.4
1996091606,21.5,0,0.7,302,86.5,1012.7
1996091612,27.4,0,2.5,143.9,48,1010.5
1996091618,23.8,0,1.4,273.5,74,1010
1996091700,21.2,0,1.5,338,84,1009.2
1996091706,22.4,0,0.9,119.7,81,1009.4
1996091712,25.6,0,2.7,118.4,64,1008.8
1996091718,22.1,0,1.7,70,78.5,1009.6
1996091800,20.6,0,1.1,6.3,81.5,1010.2
1996091806,21.6,0,1.7,18,80,1010.8
1996091812,25.3,0,3.2,100,61,1009.8
1996091818,21,0,1.6,6.1,78,1009.7
1996091900,18,0,0.8,323.1,89,1008.9
1996091906,20.4,0,0.7,49.5,86,1008.7
1996091912,25.2,0,1.2,72.3,61,1007.3
1996091918,22.5,0,0.9,345.6,74,1007.8
1996092000,20.3,0,1.1,322.3,86.5,1008.1
1996092006,21.3,0,1.4,333.7,73.5,1008.8
1996092012,26,0,1.2,286,50.5,1008.1
1996092018,22,0,1.2,15,65,1009.4
1996092100,16.9,0,1.3,337.2,82.5,1011.1
1996092106,18.6,0,1.5,320.4,68,1012.6
1996092112,24.2,0,3.9,76.6,43.5,1011.2
1996092118,18.9,0,2.2,339,63.5,1011.4
1996092200,16.4,0,1.2,0,76.5,1011
1996092206,18.9,0,2.6,7.7,68.5,1010.8
1996092212,24.6,0,3.7,80.2,40.5,1009.7
1996092218,19,0,1.1,350.2,58.5,1012.1
1996092300,14.2,0,0.8,316.3,82,1013.9
1996092306,17.2,0,0.4,316.8,82.5,1015.8
1996092312,26.9,0,2.9,159.6,43.5,1015.3
1996092318,21.7,0,1,280.1,64.5,1016.7
1996092400,17,0,0.1,346.9,85.5,1018.5
1996092406,19.6,0,0.8,305.7,79.5,1019.9
1996092412,29,0,2.2,148.8,35.5,1018.6
1996092418,22.8,0,0.9,334.9,69,1018.3
1996092500,16.7,0,0.4,339.1,80,1018.3
1996092506,19.1,0,0.7,295,78.5,1017.8
1996092512,27.5,0,2.1,150.6,48,1015.9
1996092518,22.9,0,1.1,1.1,65.5,1015.8
1996092600,18.6,0,0.5,305,80,1016.2
1996092606,20.6,0,1.2,243.7,73,1016.8
1996092612,27.1,0,3.6,76.8,48.5,1016.2
1996092618,22.4,0,1.8,1.3,78,1017.8
1996092700,20,0.6,1.8,343.4,88,1019.8
1996092706,20.9,0,2.6,35,83,1022
1996092712,23.2,0,4.3,76.6,48,1023.2
1996092718,20,0,2,50,51,1023.3
1996092800,19.6,0,2.2,65.6,62,1023.2
1996092806,19.8,0,2.7,70,57.5,1023.1
1996092812,21.9,0,3.8,66.7,55,1021.6
1996092818,20,0,1.4,40.4,66,1020.4
1996092900,19.4,0,0.5,350.3,75.5,1018.2
1996092906,20.5,0,1.1,11.2,80.5,1016.8
1996092912,22.1,0,1.4,26.6,80.5,1014.9
1996092918,20.5,0,1.6,8.1,84,1013.7
1996093000,19.1,0,2,0.4,86.5,1011.5
1996093006,21.1,0,3,40.4,78.5,1011
1996093012,23.8,0,4.4,60,55.5,1010.6
1996093018,20.5,0,3.1,43.4,68,1011.2
1996100100,20.2,0,3.3,50,72.5,1011.2
1996100106,20.5,0,4.1,50,63,1013.2
1996100112,20.7,0,4.2,45.1,51.5,1014.6
1996100118,15.7,0,2.8,356.6,61.5,1016.2
1996100200,16.2,0,2,353.9,69,1016.7
1996100206,18,0,1.6,3.4,78,1016.2
1996100212,20.9,0,2.1,70,68,1014.3
1996100218,18.2,0,1.4,342.8,78.5,1013.3
1996100300,16.4,0,0.4,10,87.5,1011.8
1996100306,17.1,0.2,0.6,329.9,88,1010.5
1996100312,22.5,0,1.8,24.8,51.5,1008.1
1996100318,17.7,0,1,323,60,1008
1996100400,14.6,0,0.5,335.5,81,1008.4
1996100406,17.8,0,2,20.2,77,1009.7
1996100412,22,0,2.2,65.9,49,1010.8
1996100418,17.7,0,1,345.8,69.5,1013.3
1996100500,13.7,0,0.3,351.8,88.5,1015.5
1996100506,15.3,0,0.6,281.4,88,1017.4
1996100512,23.8,0,2.6,176.6,43.5,1015.7
1996100518,19,0,1,275.8,68,1015.6
1996100600,14.9,0,0.3,346.9,87.5,1015.4
1996100606,16.9,0,0.4,314.9,90,1013.9
1996100612,24.3,0,4.1,230,56,1012.2
1996100618,23.6,0.1,3.8,239.9,59,1009.9
1996100700,16.1,5.1,2.7,5,87,1012.5
1996100706,13.4,3.2,0.4,9.5,91.5,1016.8
1996100712,15.9,0,1.1,5,76,1017.8
1996100718,14.1,0,1.5,350,67,1018.7
1996100800,12.3,0,1.4,19.7,62,1019.2
1996100806,13.5,0,1.4,343.9,66,1019.2
1996100812,21.1,0,3.5,325,34.5,1015.8
1996100818,14.7,0,1.6,312.4,34.5,1017.2
1996100900,11.7,0,1.8,350.2,60.5,1019
1996100906,13.8,0,1.7,310.5,70,1019.8
1996100912,22.5,0,2.2,180.1,40,1018.4
1996100918,16.4,0,0.9,340,59.5,1018.8
1996101000,10.6,0,1,319,60.5,1019.9
1996101006,13.1,0,1.2,320,52,1022
1996101012,21.2,0,2.3,80.2,40.5,1021.5
1996101018,16.1,0,1.4,353.5,68.5,1022.5
1996101100,12.1,0,0.9,321.8,87.5,1023.8
1996101106,14.5,0,0.9,319.5,84.5,1024.6
1996101112,22.4,0,3.6,96.8,45,1023.3
1996101118,17.3,0,1.2,334.3,57.5,1023.9
1996101200,13.4,0,1,292.8,78,1024.4
1996101206,15.6,0,0.7,344.3,81.5,1023.9
1996101212,21.9,0.2,0.8,284,53.5,1023.2
1996101218,17.1,0,0.7,322.3,57,1022.3
1996101300,11.7,0,0.5,319.9,84.5,1022.2
1996101306,14.1,0,0.5,300.3,81,1021.2
1996101312,24.6,0,2.4,148.4,34.5,1018.7
1996101318,17.8,0,0.8,344.6,72,1016.9
1996101400,15,0,0.6,309.5,86.5,1015.2
1996101406,17.8,0,1.1,313.2,74,1013.1
1996101412,25.3,0,2.2,148.8,32,1010
1996101418,18.3,0,0.8,37.1,67,1009.8
1996101500,13.5,0,0.6,320.2,75.5,1010
1996101506,16.1,0,4.2,336.7,49,1010.3
1996101512,22.1,0,3.7,333.2,18.5,1010.5
1996101518,14.9,0,2.5,3.4,36.5,1013.8
1996101600,10.5,0,2.8,353.9,51.5,1016.2
1996101606,11.7,0,1,346.1,60.5,1019.4
1996101612,19.3,0,1.8,178.1,35,1019.6
1996101618,13.2,0,1.4,284.2,56,1020.5
1996101700,7.1,0,0.9,320,78.5,1021.2
1996101706,9.7,0,0.7,268.8,77,1021.7
1996101712,20.7,0,1.4,185,36,1018.8
1996101718,16.3,0,1.3,292,61,1017.7
1996101800,13.5,0,0.8,329.8,76,1018
1996101806,14.7,0,1,273.9,74.5,1017.3
1996101812,22.3,0,2.9,269,42.5,1014
1996101818,18.4,0,0.7,11.5,52,1014.3
1996101900,15.1,0,1.7,314.9,66,1015.2
1996101906,15.9,0,1.8,35,65,1017.1
1996101912,19.8,0,3.3,70,55,1017.2
1996101918,15.5,0,2.8,45.1,70.5,1020.7
1996102000,12.8,0,2.1,327.4,73.5,1023.5
1996102006,13.9,0,1.5,319.4,75.5,1026.1
1996102012,17.7,0,3.9,86.7,50,1026.1
1996102018,13.1,0,1.1,18.3,61.5,1027.2
1996102100,10,0,0.5,298.5,81,1028.4
1996102106,11.1,0,0.4,7.7,85.5,1028.7
1996102112,17.5,0,3.3,50,51.5,1028.1
1996102118,12.9,0,0.9,324.9,64.5,1027.8
1996102200,8.9,0,0.4,305.5,87,1027.6
1996102206,11.9,0,1,0,85.5,1027.3
1996102212,20.1,0,4.4,97.7,50.5,1026.2
1996102218,15.6,0,1.1,15.8,65.5,1026.9
1996102300,11.9,0,0.2,0,86.5,1027.4
1996102306,15.4,0,0.6,63.2,85.5,1027.5
1996102312,22.9,0,2.3,113.1,54,1024.5
1996102318,18.1,0,0.7,23.1,78,1024.2
1996102400,14.5,0,0.6,323.1,91,1023.8
1996102406,16.8,0,0.6,319,85.5,1023.6
1996102412,24.8,0,2.9,148.5,56.5,1021.8
1996102418,21.2,0,0.7,180.6,78.5,1020.9
1996102500,18.2,0,0.5,331.9,87,1018.7
1996102506,18.6,0,0.8,342.4,88,1016.8
1996102512,19.7,0,2.7,347.6,58,1016.1
1996102518,16.4,0,3.1,336.7,52.5,1016.8
1996102600,13.6,0,2.8,343.3,46.5,1017.2
1996102606,11.6,0,3,28.7,39.5,1021
1996102612,13.9,0,3.2,73.1,42.5,1022.6
1996102618,8.9,0,1.1,321.7,59,1023.2
1996102700,4.7,0,0.7,313.4,81.5,1024
1996102706,7.1,0,0.8,274.5,78.5,1025
1996102712,18.6,0,2.9,209.9,33.5,1023
1996102718,11.8,0,1.2,290.2,49.5,1022.7
1996102800,6.2,0,0.3,346.9,77,1022.7
1996102806,9.4,0,0.6,271.3,79.5,1021.7
1996102812,20.1,0,2.7,223.4,41.5,1018.8
1996102818,15.4,0,0.9,295.5,56.5,1018.2
1996102900,10.1,0,0.3,330.5,86.5,1018.5
1996102906,12.1,0,0.9,293.5,86,1020.1
1996102912,22,0,2.2,156.2,41.5,1017.6
1996102918,15,0,0.3,311.2,60.5,1016.8
1996103000,9.1,0,0.4,330.6,84,1017.2
1996103006,11.7,0,0.7,45,82.5,1018.1
1996103012,23.8,0,2.2,130.9,38.5,1016.5
1996103018,18,0,0.4,333,80,1017.3
1996103100,15.9,0,1.4,11.7,82.5,1018.7
1996103106,18.1,0,2.6,49.8,85,1020.5
1996103112,17.4,10.9,3.3,56.4,88,1018.9
1996103118,16.3,12.5,3.6,38.4,95,1016.6
1996110100,16.5,12.3,3,55.3,95,1013.7
1996110106,15.5,6.9,2.1,16.5,92,1012.9
1996110112,14.4,13.9,2,0,94,1011.2
1996110118,13.2,9.3,1.5,356.7,93,1012.7
1996110200,12.4,1.6,0.8,310.9,93,1015.4
1996110206,12.8,0.8,1.1,336.6,93,1018.3
1996110212,15.9,0,1.9,23.2,73.5,1019.8
1996110218,13.2,0,0.8,355,81,1022
1996110300,10.3,0,0.6,305,89,1024.2
1996110306,11.1,0,1.1,286.6,67.5,1027.2
1996110312,17.9,0,2.7,75.6,42,1027.7
1996110318,12.6,0,1.1,315.1,69,1029.3
1996110400,9.4,0,0.1,353.6,86.5,1029.6
1996110406,11.3,0,0.3,330.6,89.5,1028.9
1996110412,19.4,0,2.1,146.4,52.5,1024.9
1996110418,16.6,0,1,292.7,70,1022.4
1996110500,15.7,2,0.6,341.1,90.5,1019.6
1996110506,17.5,5.1,0.7,296.1,93.5,1016.8
1996110512,19.2,0.8,0.8,54.9,92,1015.2
1996110518,16.9,0,1.8,350.2,80.5,1015.7
1996110600,14.4,0,2.8,343.3,53.5,1017.2
1996110606,12.5,0,2.8,23.9,40,1022.4
1996110612,12.8,0,4.6,60,37,1026.2
1996110618,8.9,0,2.3,6.8,52.5,1029.3
1996110700,8.4,0,2.1,346.4,55.5,1028.8
1996110706,8.8,0,1.1,294.5,64,1027.6
1996110712,13.4,0,1.7,66.1,51.5,1024.2
1996110718,9.9,1.3,0.8,355.8,80,1024.2
1996110800,8.9,0.1,0.7,285.6,84.5,1023.8
1996110806,10.2,0,0.7,283.1,75,1024.1
1996110812,15.1,0,1.4,73.3,57.5,1022.8
1996110818,13.4,0.2,0.7,340,75.5,1021
1996110900,12.5,0.3,0.2,1.3,87,1017.5
1996110906,13.5,1,0.6,33.5,91.5,1014
1996110912,17.2,0,2,28.7,73,1014
1996110918,13.4,0,2.2,20.2,60,1018.4
1996111000,10.2,0,1,342,65.5,1020.3
1996111006,10.4,0,0.5,295.7,75.5,1022.3
1996111012,18,0,1.6,110,44.5,1021.4
1996111018,14.2,0,1.1,329.9,75,1021.7
1996111100,10.5,0,0.3,331.9,88,1020.7
1996111106,12,0,1,70.9,89.5,1018.7
1996111112,17.3,0,1.8,6,66,1015.6
1996111118,14.6,0,2.2,1.3,62.5,1013.3
1996111200,11.5,0,2,325.3,84.5,1014.2
1996111206,13.2,0,2.5,4.3,79,1013.8
1996111212,14.9,0,3.5,46.9,52.5,1012.8
1996111218,10,0,2.9,11.7,76,1015.5
1996111300,8.2,0,2.5,343.3,74.5,1017.3
1996111306,8.6,0,2,346.6,75.5,1020.3
1996111312,11.5,0,2.6,66.6,53,1021.6
1996111318,7.6,0,1.3,313.9,72,1023.3
1996111400,4.3,0,0.4,328,89,1023.8
1996111406,6.6,0,2.9,359,73.5,1025.3
1996111412,12.8,0,2.5,346.6,28,1024
1996111418,7.8,0,2.2,350,32.5,1025.7
1996111500,5.2,0,2.9,329.8,44,1027.4
1996111506,5.2,0,2.4,343.4,47.5,1028.5
1996111512,10.4,0,3.9,323.3,25,1027.9
1996111518,4.8,0,2.2,350.2,31,1029.6
1996111600,1.9,0,0.3,18.4,49.5,1031.3
1996111606,3,0,1.1,313.2,57.5,1031.4
1996111612,11.5,0,1.8,188,34,1027.7
1996111618,6.7,0,0.5,320.2,45.5,1026.2
1996111700,5.1,0,0.8,340.3,44.5,1024.3
1996111706,5.9,0,1.3,350,33,1023.2
1996111712,10.9,0,1.1,205.3,32,1020
1996111718,10.2,0,2.3,243.4,48,1018.8
1996111800,7.4,0,2.8,330.6,60,1018.7
1996111806,6.1,0,3.8,346.6,57.5,1021.5
1996111812,10.2,0,4.6,329.8,37.5,1020.6
1996111818,6.6,0,2.1,317.4,45.5,1021.8
1996111900,7,0,3.4,8.1,50,1024.1
1996111906,7.3,0,2,10,58.5,1027.6
1996111912,12.8,0,2.4,91.4,33,1026.9
1996111918,7,0,0.7,325,47.5,1027.9
1996112000,3.6,0,0.4,328.3,75.5,1026.6
1996112006,5.2,0,0.6,308.3,83.5,1025.8
1996112012,14.2,0,3,249.1,43,1021.4
1996112018,11.7,0,1.6,263.9,51.5,1019
1996112100,10.9,0,2,254.6,51,1017.3
1996112106,10.9,0,2.6,294.9,44,1018.5
1996112112,14.2,0,2.9,308.4,29,1019.2
1996112118,8.2,0,2,354.1,39.5,1021.7
1996112200,4.8,0,3.8,350,42,1023.5
1996112206,5.5,0,4.6,346.6,44,1024.8
1996112212,11.5,0,2.6,340,25,1023.8
1996112218,5.7,0,1.4,318.9,30,1024.6
1996112300,0.9,0,0.9,314.5,46,1024.9
1996112306,3.3,0,0.5,285.8,50.5,1023.8
1996112312,11.6,0,1.2,224.7,36,1021.6
1996112318,8.6,0,1.1,310.5,34.5,1021.5
1996112400,4.9,0,0.6,14.3,61.5,1021.1
1996112406,5.7,0,0.1,344.3,81.5,1021.5
1996112412,14.2,0,1.5,50.7,44,1020.7
1996112418,8.3,0,0.2,342.8,38.5,1022.2
1996112500,5,0,1.2,318.7,60,1024.4
1996112506,7.1,0,1.2,314.9,63.5,1026.6
1996112512,14.9,0,3,63.4,46,1026.4
1996112518,10.1,0,0.7,341.2,66,1026.5
1996112600,8.2,0,0.7,302.5,81.5,1026
1996112606,9.8,0,0.9,263.4,83.5,1025.1
1996112612,15.8,0,2.7,116.6,52.5,1020.7
1996112618,13.4,0,1.2,19.1,59.5,1016.8
1996112700,11.6,9.1,1,356.2,92,1012.2
1996112706,11.6,0,3,333.4,59,1014
1996112712,12,0,3.9,336.7,29,1015
1996112718,4.5,0,3,353.2,29,1019.3
1996112800,0.7,0,2.1,6.8,36.5,1022.3
1996112806,0.3,0,2.6,328.3,38.5,1025.4
1996112812,7.2,0,2.9,21.9,17.5,1023.9
1996112818,3.2,0,1.2,325.9,26,1023.2
1996112900,3,0,0.9,317.6,40.5,1022.7
1996112906,4.7,0,1.4,318.4,56,1019.4
1996112912,6.5,0,3.5,332.1,47.5,1018.2
1996112918,2.1,0,2,342.4,44,1018.9
1996113000,0.1,0,2.2,343.4,54.5,1019.2
1996113006,-0.2,0,0.9,326.5,62,1017.5
1996113012,5.1,0,3.9,304,46,1013.4
1996113018,0.3,0.7,3.8,328.3,64.5,1013.9
1996120100,-4.5,0,2.5,330,41.5,1018.3
1996120106,-5,0,3.2,340,45.5,1020.2
1996120112,-1,0,5,336.1,26.5,1021.5
1996120118,-3.8,0,2.1,341.6,30.5,1025.4
1996120200,-5.8,0,1.8,20.6,43,1028.1
1996120206,-2.4,0,2.1,340,50,1028.8
1996120212,5.6,0,3.5,330,26.5,1027.6
1996120218,0.5,0,1.8,330.7,30.5,1028.6
1996120300,-3.1,0,0.8,310.5,50.5,1029.8
1996120306,-1.9,0,1.2,283,61.5,1030.2
1996120312,8.8,0,1.6,93.7,25,1028.6
1996120318,3.5,0,0.9,323.7,25.5,1028.9
1996120400,0,0,0.5,311.9,47.5,1028.1
1996120406,1.5,0,0.3,335.9,55,1025.2
1996120412,5.5,1.1,1.3,299.8,60.5,1019.7
1996120418,5.1,17.4,1.5,314.4,96,1012.8
1996120500,6.3,1.4,1.1,350.2,93.5,1008.5
1996120506,6.3,0,4.3,343.1,77,1009.5
1996120512,5.1,0,3.5,343.4,37,1009.6
1996120518,-0.5,0,3.8,333.2,50,1014.2
1996120600,-4.3,0,2.6,330,34.5,1018.7
1996120606,-3.7,0,2,346.8,37,1020.1
1996120612,3,0,2.7,295.7,23,1019.5
1996120618,-0.3,0,1,316.3,40,1019.1
1996120700,-3,0,0.3,342.8,64,1018.3
1996120706,-1.6,0,2.4,3.3,70,1019.7
1996120712,2.6,0,5,340,23.5,1020.9
1996120718,-1.1,0,2.2,320.7,31,1024.2
1996120800,-2.2,0,1.4,320.6,53,1025.8
1996120806,-0.9,0,0.3,355.3,67,1025.7
1996120812,8.1,0,2.9,246.6,34,1024.7
1996120818,3.6,0,0.8,267.6,49.5,1024.6
1996120900,0.7,0,0.4,350.2,77.5,1025.2
1996120906,0.8,0,0.4,321.4,86,1024.8
1996120912,9.8,0,0.6,3.8,46.5,1022.8
1996120918,4.8,0,0.4,323.1,44,1021.9
1996121000,1.5,0,0.3,341,73,1021.4
1996121006,1.7,0,0.2,350,85,1020.5
1996121012,11.9,0,1.6,292.4,32,1017.4
1996121018,5.8,0,1.1,326.9,46.5,1018.3
1996121100,3.8,0,1.5,336.3,57.5,1020.2
1996121106,3.7,0,0.9,336.8,62,1021.3
1996121112,11.9,0,1.6,283.3,27.5,1020.6
1996121118,5.7,0,0.5,325,42,1021.8
1996121200,1.3,0,1,298.9,67,1022.8
1996121206,1.4,0,0.8,0.7,47.5,1024.1
1996121212,9.3,0,1.4,40.7,26.5,1023
1996121218,6,0,1.4,339.3,28,1023.5
1996121300,0.8,0,0.4,328.3,47,1023.8
1996121306,2.4,0,0.2,0,54,1023.2
1996121312,12.5,0,1.2,121.1,39.5,1020.5
1996121318,6.7,0,0.6,350.4,77.5,1020.3
1996121400,2.3,0,0.6,304.7,83.5,1021.5
1996121406,1.6,0,0.6,286.8,81.5,1022.8
1996121412,12.8,0,1.7,18.2,32,1022.8
1996121418,7,0,0.6,7.3,48.5,1024.2
1996121500,3,0,0.2,338.1,75,1025.6
1996121506,3.1,0,0.1,8.6,86,1026.5
1996121512,14.1,0,1,170.3,46,1025.7
1996121518,8.5,0,0.6,334.2,71,1026.3
1996121600,4.6,0,0.3,6.5,89,1026.7
1996121606,4.8,0,0.1,350,91.5,1027.4
1996121612,15.2,0,1.4,180.9,45.5,1024.8
1996121618,11.4,0,0.8,343.7,60,1024.2
1996121700,9.2,2.6,0.9,358,81,1023.3
1996121706,8.9,4.4,1.1,355.6,95,1020.7
1996121712,12.2,0,1.9,346.5,67,1017.7
1996121718,8.4,0,2.4,353.4,59.5,1018.5
1996121800,2.1,0,4.1,350,42.5,1021.2
1996121806,-0.5,0,5.1,346.8,24.5,1023
1996121812,3.6,0,4.3,350,15.5,1022.9
1996121818,-1.1,0,2.7,336.7,19,1025.2
1996121900,-4,0,1.2,28.2,39.5,1026.6
1996121906,-3.3,0,0.2,337.1,61,1027.2
1996121912,2.5,0,2.7,317.4,50.5,1025
1996121918,0.9,0,0.6,318.3,52,1026.8
1996122000,-1.4,0,1.1,297.5,70,1028.4
1996122006,-1.2,0,1,238.4,71,1028.9
1996122012,7.5,0,1.6,285.9,21.5,1026.8
1996122018,2.1,0,1.3,319.8,34,1026.7
1996122100,-1.1,0,1.2,295,59,1026.1
1996122106,1.1,0,0.6,312.4,63,1025
1996122112,10.1,0,1.2,222.3,38.5,1022.7
1996122118,4.4,0,0.8,320.8,55.5,1021.3
1996122200,0.2,0,0.6,326.9,79.5,1019.5
1996122206,5.3,0,2.8,287,72,1014.8
1996122212,10.6,0.4,5.1,315.1,53,1008.9
1996122218,4.5,0,4.2,318.4,38.5,1012.6
1996122300,1.8,0,3.7,333.2,43,1017
1996122306,1,0,3.5,340,50,1021.5
1996122312,6.5,0,2.6,343.4,27,1022.2
1996122318,1.4,0,1.6,308.4,24.5,1021.9
1996122400,-3,0,0.8,323.1,48.5,1022
1996122406,-2,0,0.7,250,62.5,1020.8
1996122412,10.3,0,2.3,258.5,25,1017.8
1996122418,7.2,0,0.8,258.6,46.5,1018.3
1996122500,5.2,0,0.5,321,73,1019.2
1996122506,4.2,0,0.2,332.1,82,1019.8
1996122512,13.9,0,2.4,357,33,1017.9
1996122518,8,0,1.6,20.7,25.5,1019.7
1996122600,2.7,0,1.8,19.7,39.5,1021.6
1996122606,2.4,0,0.8,316.8,58.5,1023.8
1996122612,10.4,0,2.8,58.1,46.5,1023.5
1996122618,4.8,0,0.7,342.1,66,1023.9
1996122700,0.9,0,0.3,340,85,1024.2
1996122706,1.1,0,0.5,324.1,90.5,1023.5
1996122712,13.4,0,3.4,289,34.5,1019.5
1996122718,8.4,0,0.9,314.7,46,1017.9
1996122800,4,0,0.6,70,67.5,1019.1
1996122806,5.6,0,3.4,23.2,63.5,1020.2
1996122812,12.6,0,1.6,73,18.5,1019.3
1996122818,6,0,0.8,296.6,31,1019.6
1996122900,0.2,0,0.7,286,53.5,1018.8
1996122906,1.1,0,0.8,263.7,60,1018.8
1996122912,13.9,0,1.9,63.9,21.5,1017.3
1996122918,8,0,1.5,312.4,23,1018
1996123000,2,0,0.7,300,47,1019
1996123006,0.9,0,0.2,334.8,59.5,1019.5
1996123012,13.8,0,1.1,134.2,25.5,1017.8
1996123018,7.9,0,0.6,346.2,58.5,1019.6
1996123100,3.4,0,0.8,317.6,90,1021.1
1996123106,4.2,0,0.4,0,91.5,1021.1
1996123112,12.4,0,1.8,100.4,58.5,1019.5
1996123118,8.2,0,0.6,311.3,74,1019.3
1997010100,4.8,0,0.3,338.1,85,1017.7
1997010106,8,0,1.1,302.9,88,1012.3
1997010112,12.9,2.9,7,273.4,50.5,1004.1
1997010118,2.7,0,6.5,290,31.5,1009.4
1997010200,-1.6,0,5.5,294.9,36,1011.9
1997010206,-2,0,3.4,308.1,37.5,1013.3
1997010212,3.1,0,2.5,17.6,23,1015.8
1997010218,-1.2,0,1.2,349.8,26,1019
1997010300,-3.6,0,2.5,346.5,35.5,1020.8
1997010306,-2.5,0,4.2,343.4,37,1022.9
1997010312,3.6,0,3.6,333.4,22.5,1022.5
1997010318,-0.5,0,2.6,330,21,1024.7
1997010400,-3.3,0,2.1,19,30,1025
1997010406,-2.8,0,1.2,278.6,30.5,1026.1
1997010412,4.7,0,2.2,70.8,16,1026.1
1997010418,0.8,0,0.7,330.8,28,1026.1
1997010500,-0.7,0,0.5,350.2,49.5,1024.7
1997010506,0.9,0.4,1,301.6,72,1019.8
1997010512,2.1,6.9,1.4,316.3,95,1015.5
1997010518,0.7,0.3,4.5,331.9,75,1016.7
1997010600,-2.1,0,6,343.3,54.5,1019.9
1997010606,-3.1,0,5.5,346.8,45,1024.2
1997010612,0.6,0,4.4,340,33,1025.4
1997010618,-3.9,0,2.8,352.4,41.5,1028.5
1997010700,-6.2,0,1.4,42.1,54.5,1029.8
1997010706,-4.9,0,1.2,308.7,61,1030.3
1997010712,1.5,0,2.7,16.2,48,1028.6
1997010718,-0.2,0.3,2.5,326.4,72.5,1028.6
1997010800,-0.5,0,3.2,353.4,74,1028.6
1997010806,0.2,0,3.5,340,60.5,1030.2
1997010812,4.7,0,2.2,0.4,38,1030.6
1997010818,0.5,0,0.9,2.1,39,1030.6
1997010900,-3.8,0,0.9,300.3,62.5,1030.1
1997010906,-1.5,0,2.7,357.3,51,1029
1997010912,4.9,0,3.7,353.2,21.5,1026.2
1997010918,0.8,0,2.3,28.7,39,1026.8
1997011000,-1.6,0,1.5,26.6,59,1026.3
1997011006,-1.6,0,1.1,31.8,67,1025.9
1997011012,4.7,0,2,37.1,39.5,1023.7
1997011018,1.1,0,1.2,296.6,50,1023.7
1997011100,-1.2,0,0.7,304.2,66.5,1023.8
1997011106,-0.3,0,1.8,25,75.5,1023.6
1997011112,5.3,0,2.2,49.8,70,1022.8
1997011118,4.8,0,1.6,3.3,68.5,1023.7
1997011200,2.8,0,0.9,281.9,77,1024
1997011206,3.8,0,0.7,326.9,80.5,1024.4
1997011212,7.2,0,1,31.6,60,1023.9
1997011218,5.1,0.1,0.7,16.7,71,1025.1
1997011300,3.3,0,0.5,327.6,76,1025.3
1997011306,2.8,0,0.3,21.7,82.5,1025.1
1997011312,12.9,0,2.2,214.1,54,1022.8
1997011318,8.4,0,1.7,256.6,56.5,1021
1997011400,3.2,0,1.1,294.7,78.5,1020.7
1997011406,2.4,0,0.8,3.3,79.5,1021.5
1997011412,8.6,0,2.8,305,23,1022.8
1997011418,2.1,0,2.5,356.2,16.5,1024.1
1997011500,-1.8,0,2.1,27.7,34,1025.1
1997011506,-1.2,0,2.3,51.8,36.5,1026.6
1997011512,7.2,0,1.6,68.1,16.5,1024
1997011518,3.1,0,0.7,302,27,1023.7
1997011600,-1.4,0,1.1,283.4,39.5,1022.5
1997011606,0.8,0,0.8,211.3,39.5,1022.2
1997011612,8.6,0,2.4,11.9,16.5,1020.3
1997011618,3.1,0,1.8,352.4,17.5,1021.8
1997011700,-0.9,0,0.7,336.5,50,1023.8
1997011706,-0.9,0,1.3,296.6,68.5,1023.6
1997011712,9.4,0,1.5,35,34,1020.9
1997011718,4.7,0,1.3,354.9,39.5,1019.3
1997011800,2.9,0,1.9,335.7,56,1019.4
1997011806,2.5,0,2.6,350,48.5,1019.8
1997011812,6.7,0,2.3,343.1,16,1019.8
1997011818,1.1,0,2.7,345.9,12,1020.2
1997011900,-3.1,0,2.3,26.6,25,1021.5
1997011906,-2.9,0,1.4,32.9,49.5,1022.4
1997011912,6.6,0,2,72.7,24.5,1020
1997011918,2.3,0,1,311.7,22,1019.6
1997012000,-1,0,0.7,355,39.5,1020.2
1997012006,-0.3,0,1.3,275.2,55.5,1020.3
1997012012,9.6,0,1.8,146.1,41.5,1017.4
1997012018,4.8,0,1.3,297.3,46,1015.3
1997012100,1.1,0,2.3,323.3,62.5,1014.2
1997012106,-0.7,0,4.9,326.6,43,1014.3
1997012112,0,0,4.2,353.2,25,1017.3
1997012118,-6.5,0,3.2,15.5,29,1021.9
1997012200,-9.2,0,2.9,358,38,1025.5
1997012206,-7.8,0,1.9,353.4,38,1026.8
1997012212,3.3,0,1.9,50.2,19.5,1024.2
1997012218,-0.9,0,0.5,1.5,25.5,1023.4
1997012300,-5.1,0,1,305,42,1022.1
1997012306,-2.6,0,0.9,280.1,41,1020.6
1997012312,2.7,0,3.1,325.3,38.5,1018.6
1997012318,1.4,0,1.7,350,57,1017.1
1997012400,-1.5,0,1.8,28.1,63.5,1015.5
1997012406,-2.4,0,1.9,43.4,60,1015
1997012412,2.5,0,3.5,342.7,31,1012.4
1997012418,-0.1,0,4.5,330,22,1012.4
1997012500,-3.7,0,3.5,320,33,1014.7
1997012506,-2.2,0,4.6,318.4,32,1016.6
1997012512,5.7,0,4.5,305,22,1017.4
1997012518,1.9,0,1.6,333.4,32.5,1017.4
1997012600,-3.6,0,0.9,301.3,62,1018.4
1997012606,-3,0,0.7,280,74.5,1019.3
1997012612,8.4,0,2.9,250,32,1017.5
1997012618,3.8,0,0.5,321.7,36.5,1016.7
1997012700,-0.6,0,1,322.8,57.5,1016.8
1997012706,-0.9,0,0.8,250,58,1015.6
1997012712,8.6,0,2.1,273.4,32.5,1012.2
1997012718,3,0,0.9,304.7,45,1012
1997012800,-2,0,0.4,308.8,68.5,1011.4
1997012806,1.9,0,2.5,233.1,64.5,1009.2
1997012812,6.2,0,5.2,277.7,35.5,1008.8
1997012818,0.6,0,1.7,316.8,41,1011.8
1997012900,-1.8,0,2.8,310.1,49.5,1014.3
1997012906,-0.9,0,3,321.8,51.5,1016.1
1997012912,4.4,0,4.3,332.5,33.5,1017.2
1997012918,1.5,0,3.6,328.5,34.5,1017.7
1997013000,-1.4,0,1.7,340,40.5,1020.7
1997013006,-1.2,0,2.2,5,52,1021.9
1997013012,4.9,0,1.7,29.8,17.5,1020.5
1997013018,2.9,0,1.1,6.8,23,1020.5
1997013100,0.6,0,0.7,326.6,30.5,1020.7
1997013106,0.4,0,0.7,315.7,36,1020.7
1997013112,9.6,0,1.6,191.9,19.5,1019
1997013118,3.8,0,2.6,350,45.5,1020.4
1997020100,-0.3,0,2,327.1,63,1023.4
1997020106,-1,0,1.2,325,68.5,1025.5
1997020112,6.7,0,2,98.9,41.5,1025.8
1997020118,3.3,0,0.8,348,58.5,1025.1
1997020200,0.4,0,0.4,328.3,67,1024.9
1997020206,0.9,0,0.3,333,78.5,1023.2
1997020212,9.6,0,1,141.8,56,1019.1
1997020218,4.2,0,2.7,3.3,54,1018.7
1997020300,-1.8,0,1.5,11.2,49.5,1021.2
1997020306,-1.2,0,1.7,12.8,58,1022.3
1997020312,6.2,0,3.1,59.8,38,1022.2
1997020318,0.8,0,1.5,20,63,1024.1
1997020400,-2.1,0,0.8,305,65,1025.2
1997020406,-1.8,0,0.8,313.2,57.5,1026.1
1997020412,6.8,0,2.3,73,47,1025.4
1997020418,3.6,0,1.3,343.1,59,1025.5
1997020500,-0.4,0,0.2,344.3,78.5,1024.9
1997020506,1.4,0,0.3,335.9,85.5,1024
1997020512,10.5,0,1.9,181.7,53.5,1020.3
1997020518,6.1,0,1.2,9.3,39,1019.2
1997020600,1.6,0,3.1,346.4,37,1020.3
1997020606,2.6,0,2.5,350.2,56.5,1020.9
1997020612,6.2,0,4.3,340,35.5,1020.2
1997020618,1.6,0,1.7,13.6,32.5,1022.8
1997020700,-0.3,0,0.8,310,43,1024.4
1997020706,0.7,0,0.6,336.9,49.5,1024.4
1997020712,9.1,0,1.8,227.2,46.5,1022.2
1997020718,6,0,1,292,60,1020.3
1997020800,0.2,0,0.7,311.9,64,1019.7
1997020806,0.5,0,0.5,325,70,1019.3
1997020812,10.9,0,2.2,68.9,22.5,1016.9
1997020818,5.2,0,0.5,359.5,43.5,1017.5
1997020900,0.4,0,0.5,317.2,59.5,1017.4
1997020906,1.3,0,0.2,350.6,66,1017.8
1997020912,12.6,0,2.5,142.3,43,1015.9
1997020918,7.7,0,0.9,0,61,1015.5
1997021000,3.2,0,0.4,305,81,1015.9
1997021006,3.9,0,1.1,287.5,75,1015.5
1997021012,10.9,0,1.9,318.5,23.5,1013.3
1997021018,6.2,0,1.9,344.8,35.5,1011.3
1997021100,0.1,0,2.4,342.3,50,1011.8
1997021106,0,0,3.4,321.4,61.5,1012.4
1997021112,5.2,0,3.7,326.6,38,1013.4
1997021118,1.5,0,3.6,322.7,32,1016.9
1997021200,-1.3,0,5.1,286.7,45,1019.5
1997021206,-1.1,0,2.6,353.9,48.5,1022.4
1997021212,5.7,0,3.2,321.8,29,1022.1
1997021218,1.5,0,1.8,0.9,25.5,1023
1997021300,-2.2,0,1.5,32.9,43.5,1024.9
1997021306,-1.8,0,2,16.5,50.5,1026.2
1997021312,6.4,0,3.4,340,19.5,1024.3
1997021318,2,0,2,340,25.5,1024.8
1997021400,-0.1,0,2,350,38.5,1026.2
1997021406,0,0,1.2,15.2,46.5,1027.8
1997021412,9.1,0,2.5,135,24,1025.2
1997021418,4.1,0,0.6,6.3,44,1024.7
1997021500,-0.5,0,0.7,270,62.5,1023.8
1997021506,-0.1,0,0.4,295,62,1022.8
1997021512,9.1,0,2.2,246.2,29.5,1018.8
1997021518,7.3,0,1.8,285.5,46,1015.7
1997021600,4.4,0,1.6,325,61.5,1012.4
1997021606,1.1,0,4.3,346.6,47.5,1012.8
1997021612,4.4,0,3.6,346.8,25.5,1015.4
1997021618,0.2,0,1.8,5,24.5,1018.9
1997021700,-3.5,0,0.6,321.7,44.5,1020.5
1997021706,-2.6,0,1.1,333.2,50,1021.3
1997021712,6.4,0,3.2,336.6,23,1017.9
1997021718,1.8,0,2.3,26.1,20,1017.9
1997021800,-1.4,0,3.4,356.6,35,1019
1997021806,-1,0,3.5,333.4,44,1020.3
1997021812,4.9,0,4.5,305,34.5,1017.7
1997021818,0.8,0,4.1,325.3,48,1019.4
1997021900,-2.4,0,3.2,353.6,45.5,1022.2
1997021906,-0.8,0,2.6,347.2,48,1024.4
1997021912,8,0,3.8,288.9,26,1022.8
1997021918,4.3,0,0.6,320.2,26,1022
1997022000,-0.7,0,0.3,330.5,42.5,1022.1
1997022006,1.3,0,0.9,304.1,52,1021.7
1997022012,12.2,0,4.5,263.4,21.5,1017.3
1997022018,9.6,0,3.8,280.2,44.5,1014.2
1997022100,5.4,0,6.7,310.1,35.5,1015.7
1997022106,3.6,0,4.3,331.9,30.5,1022.3
1997022112,8,0,4.4,296.6,22.5,1023.6
1997022118,1.8,0,2.4,353.7,43.5,1025.9
1997022200,-1.8,0,1.8,356.9,63.5,1028.8
1997022206,-0.6,0,1.9,352.6,53,1031.7
1997022212,6.7,0,3.7,100.2,41,1032.1
1997022218,2.9,0,1.3,35,56.5,1032.1
1997022300,-1.5,0,0.4,311.9,75,1031.8
1997022306,-0.2,0,0.6,263.9,85.5,1031.7
1997022312,11.6,0,2.6,150,41,1028.1
1997022318,7,0,0.6,331.2,57.5,1027.4
1997022400,2,0,0.7,321.2,78.5,1027.8
1997022406,3.9,0,1,273.3,76.5,1028.2
1997022412,15.9,0,3.1,245.6,28.5,1025.7
1997022418,12.3,0,0.7,301.9,42.5,1024.4
1997022500,10.2,0,0.2,346.9,55,1023.4
1997022506,9.3,1.9,0.3,18.4,88.5,1020.7
1997022512,13.8,0.4,1.6,290.2,91,1016
1997022518,13.1,0.4,2.1,83.4,78.5,1017.4
1997022600,8.9,0,1.2,63.4,84,1021.9
1997022606,8.6,0,1.7,40.4,83,1024.7
1997022612,9.6,0,2.1,45.1,65,1025.8
1997022618,8.3,0,1.2,329.5,68.5,1026.7
1997022700,4.6,0,0.7,335.5,82.5,1028.9
1997022706,5,0,0.1,0,88.5,1030.4
1997022712,14.5,0,2.7,166.6,44.5,1028.6
1997022718,9.1,0,1.5,350,59.5,1026.4
1997022800,4.8,0,0.4,335.5,84.5,1024.2
1997022806,7,0,1.4,262.1,86.5,1020.2
1997022812,17.8,0,5.1,206.6,51.5,1014.1
1997022818,16,0.4,3,262.6,79.5,1009.9
1997030100,9.6,1.4,3.3,350,70,1011.9
1997030106,6.8,0,3.4,350.2,48.5,1018.5
1997030112,11.3,0,3.3,83.4,36,1020.2
1997030118,6.5,0,1,334.4,51.5,1022.3
1997030200,2.1,0,0.5,314.7,74.5,1023.5
1997030206,3.5,0,1.8,336.6,48.5,1024.3
1997030212,11.1,0,2.3,356.7,18.5,1022.3
1997030218,6.2,0,3.1,353.4,20.5,1023.5
1997030300,1.6,0,2.5,353.4,28.5,1024.6
1997030306,1.6,0,1.6,13.6,46.5,1025.4
1997030312,9.4,0,2.5,4.7,23,1023.3
1997030318,4.8,0,1.6,315.7,18,1023.8
1997030400,2.3,0,2.9,10.2,33,1024.4
1997030406,4.9,0,2.3,6.3,37,1025.2
1997030412,14.1,0,2.5,70.1,22,1022.5
1997030418,9.1,0,1.3,10.4,34.5,1022.2
1997030500,5.3,0,1.2,339.2,51.5,1023.2
1997030506,6.9,0,0.8,150,52,1024.2
1997030512,17.6,0,2.5,161.4,28.5,1022.3
1997030518,11.8,0,1.1,316.9,39,1022
1997030600,5.4,0,0.3,341,68.5,1021.5
1997030606,8.6,0,2.4,235,72,1019.7
1997030612,13.8,1.4,3.5,228.4,78.5,1014.8
1997030618,11.9,2,0.8,347.9,84,1014.7
1997030700,7.6,0,0.8,318.5,91,1016.3
1997030706,9.4,0,1.7,20.1,76,1018.8
1997030712,16.5,0,3.9,339.1,18,1019.9
1997030718,11.2,0,2.1,353.7,14,1021.8
1997030800,3.5,0,0.6,331.9,42.5,1023.9
1997030806,4.7,0,0.6,328.1,56,1025.4
1997030812,17.4,0,3.1,220.7,16.5,1022.2
1997030818,11.9,0,1,284,33.5,1020.8
1997030900,6.6,0,0.5,357.7,51.5,1021.9
1997030906,8.4,0,1.5,341.3,50,1024.1
1997030912,15,0,2.8,119.6,41,1025.6
1997030918,10.6,0,1.6,128.4,62.5,1026.1
1997031000,8.9,0,0.8,309.5,73.5,1024.7
1997031006,8.6,5.4,0.3,335.9,92,1021.9
1997031012,10.8,2,1.1,288.5,93,1016.1
1997031018,10.7,0.5,1.5,350.2,89,1015
1997031100,9.8,0,1.7,346.6,75,1016.8
1997031106,9.7,0,2.3,50.2,67.5,1021.4
1997031112,11.9,0,4.4,100.2,46.5,1023.6
1997031118,9.5,0,2,83.2,55.5,1024
1997031200,8.1,0,0.5,17.2,65.5,1024.7
1997031206,9.1,0,1.2,126.9,70.5,1024.7
1997031212,13.4,0,3,106.5,42.5,1024.1
1997031218,9.9,0,1.6,41.2,55.5,1024.1
1997031300,7.9,0,0.1,350,71.5,1022.1
1997031306,9.6,0.5,0.8,23.8,82.5,1021.2
1997031312,15.5,0,2,148.1,56,1017.5
1997031318,12.9,0,0.8,337.1,77.5,1015.5
1997031400,9.4,0,0.8,335.7,86.5,1015.1
1997031406,9.1,0,2.3,37.2,84,1016.2
1997031412,7.6,2.1,3.6,37.1,84,1017.5
1997031418,5.7,7,3.1,40.1,90,1017.8
1997031500,6,0.2,2.6,3.3,88,1018.8
1997031506,6.2,0,2.7,10,80.5,1020.8
1997031512,6,0.7,2.5,353.4,83.5,1021.2
1997031518,4.8,1.1,2.4,356.7,88,1022.9
1997031600,4.2,0,2.3,340,82.5,1023.6
1997031606,4.9,0,3.1,12.8,79,1025.6
1997031612,6.3,0,3.9,20.2,59,1027.2
1997031618,3.9,0,3.1,349.8,68.5,1028.2
1997031700,3.5,0,3,340,68.5,1029
1997031706,4,0.2,2.6,343.3,67.5,1029.4
1997031712,7.4,0.3,3.2,56.1,55,1029.3
1997031718,5.3,0,1.9,332.4,53,1028.8
1997031800,1.5,0,1.2,310.9,72.5,1027.9
1997031806,3.5,0,0.5,33.6,75,1026.8
1997031812,12.9,0,2.2,153.2,36,1022.6
1997031818,8.5,0,1.4,244.5,53.5,1020.5
1997031900,4.7,0,0.9,293.1,76,1019.4
1997031906,6.6,0,1.2,266.7,72.5,1019.2
1997031912,11.3,0,4.3,86.6,52.5,1018.6
1997031918,9.1,0,1.7,10,64,1019.8
1997032000,7.3,0,1,346.5,71.5,1020
1997032006,8.1,0,2.2,9.3,71.5,1020.5
1997032012,12.2,0,4.7,63.5,40,1020
1997032018,7.8,0,1.7,353.3,48.5,1019.5
1997032100,2.8,0,0.9,322,75.5,1019.1
1997032106,5.1,0,0.5,233,78.5,1017.7
1997032112,15.9,0,2.3,115,34.5,1014.2
1997032118,13.1,0,1.3,35,40.5,1013.1
1997032200,8.5,0,1.1,22.6,45,1014
1997032206,8.1,0,2.4,23.1,58.5,1015.8
1997032212,11.4,0,3.5,86.9,57.5,1015.6
1997032218,8.6,0,2.2,9.9,62.5,1016
1997032300,6.5,0,0.3,356.7,78,1015.8
1997032306,7.6,0,2.4,332.1,69,1015.7
1997032312,8.5,0,5.1,71,38,1016.2
1997032318,2.6,0,2.5,15.8,66.5,1022
1997032400,-0.5,0,0.8,348.6,58,1026.1
1997032406,2.4,0,1.2,300.5,52,1027.9
1997032412,12.7,0,3.2,202.4,19.5,1025.8
1997032418,8.6,0,1.3,335.8,39.5,1023.7
1997032500,5.5,0,1.9,22.4,47.5,1023.2
1997032506,9.7,0,3,7.7,27.5,1023.2
1997032512,19.3,0,2.6,156.2,16,1020.9
1997032518,14.5,0,1.5,328.1,27.5,1020.2
1997032600,11,0,1.2,345.9,31.5,1022
1997032606,12.5,0,1.6,43.4,37.5,1022.5
1997032612,14.6,0,3,103.8,37,1020.7
1997032618,9,0,1.2,6.3,72.5,1021.7
1997032700,5.3,0,0.7,343.4,87,1022.8
1997032706,7.1,0,0.9,302,79.5,1023.2
1997032712,17.7,0,3,182.4,23.5,1021.6
1997032718,12,0,1.8,280.3,40,1021.1
1997032800,6.7,0,0.8,334.3,68.5,1021.6
1997032806,10.1,0,1.6,289.7,63.5,1021.2
1997032812,20.5,0,3.8,187.8,20,1016.7
1997032818,15,0,3.2,247.2,22,1015.8
1997032900,12.2,0,0.8,308,44,1014.8
1997032906,11.6,0.5,0.6,328.2,74.5,1011.8
1997032912,14.1,1.4,1.3,274.4,85.5,1007.8
1997032918,14.6,0,2.3,281.6,59.5,1005.5
1997033000,8,0,3,30,44.5,1010.4
1997033006,4.9,0,3.5,18.2,23.5,1019.8
1997033012,12.1,0,3.5,317.4,12.5,1019.8
1997033018,8.1,0,3.6,40.1,13.5,1020.3
1997033100,2.2,0,3.7,14.7,27,1023.4
1997033106,4.6,0,3.7,343.4,30,1025.4
1997033112,13.4,0,3.4,162,17,1024.4
1997033118,9.3,0,1.7,264.7,26,1023.7
1997040100,3.4,0,0.8,330,49.5,1024.8
1997040106,7.9,0,1,241.5,50.5,1025.1
1997040112,17.8,0,3.5,198.2,28.5,1022.9
1997040118,14.3,0,1.4,212.1,44.5,1021.2
1997040200,9.4,12.5,1.3,323.9,82.5,1019.6
1997040206,9.3,14.4,0.6,23.7,95,1015.8
1997040212,14.9,5.3,1,15.7,95,1012.5
1997040218,12.2,3.5,2.2,93.3,90,1013.7
1997040300,10.8,2.2,1.9,26.6,91.5,1016
1997040306,10.6,1.3,2.7,63.4,88,1017.6
1997040312,10.6,1.3,2.4,62.1,83,1018.2
1997040318,10,0,1.6,48.4,75.5,1019.8
1997040400,9,0,1.7,14.7,75,1020.5
1997040406,9.5,0,1.5,64.9,76,1019.8
1997040412,10.7,0.7,2,93.4,78,1018
1997040418,8.9,4,1.4,14.7,88.5,1016.2
1997040500,8.8,0.5,1.5,11.2,90,1013.9
1997040506,9.4,1,1.4,28.1,90.5,1014.5
1997040512,10.8,0.7,1.9,106.2,83,1015.6
1997040518,10.2,0,1.1,61.2,74,1015.2
1997040600,9.1,0.9,0.6,3.4,82.5,1014.8
1997040606,9.6,0.4,0.7,351.6,89.5,1014
1997040612,12.3,0,1.3,52.3,77,1012.7
1997040618,10.7,0,1.5,58.5,78,1012
1997040700,7.3,0,1,34.2,86.5,1013
1997040706,10.3,0,1.5,359.3,82,1014
1997040712,17.3,0,2.3,190,44.5,1013.2
1997040718,13,0,1.1,290.3,59.5,1013
1997040800,8.7,0,0.5,346.8,81.5,1012.6
1997040806,11.3,0,0.6,278,73,1011.7
1997040812,18.5,0,3.1,323.3,28,1009.9
1997040818,14.5,0.1,1.9,333.4,37.5,1009.4
1997040900,10.5,0,1,342.4,66.5,1008.7
1997040906,12.2,0,3.7,33.8,49,1010.2
1997040912,18.1,0,3.3,323.5,17,1008.8
1997040918,13.6,0,3,21.6,16,1009.9
1997041000,8.1,0,3.5,18.6,21.5,1014.1
1997041006,10.9,0,1.6,15.8,25.5,1015.6
1997041012,19.3,0,3.1,162,19.5,1012
1997041018,14.7,0,1.8,10,21.5,1011.2
1997041100,9.7,0,1.3,349.8,27.5,1012.8
1997041106,12.6,0,2.1,18.4,29,1012.8
1997041112,18.4,0,3.9,150.8,23.5,1009.7
1997041118,12.4,0,2.3,31.9,49,1009.9
1997041200,10,0,2.8,3.7,26.5,1012.8
1997041206,13.1,0,2.7,23.8,26.5,1013.6
1997041212,22.3,0,3,270.3,14.5,1010.2
1997041218,16.8,0,3.1,310.7,21,1009.3
1997041300,10.4,0,1.1,310.5,53.5,1011.7
1997041306,13.9,0,2,327.7,43,1012.4
1997041312,24,0,2.5,285.8,14,1012.1
1997041318,18.3,0,0.9,331.9,22,1013.1
1997041400,12.2,0,0.7,331.9,58.5,1014.7
1997041406,15.7,0,0.9,154.2,56.5,1015.8
1997041412,22.1,0,3.7,143.5,40,1014.7
1997041418,14,0,2.7,70,74.5,1015.8
1997041500,11.7,0,2,31.6,75,1016.6
1997041506,13,0,2.9,76.2,70,1017
1997041512,15.2,0,5,106.7,42.5,1016.5
1997041518,11.4,0,2.2,43.3,55.5,1018.4
1997041600,7.8,0,0.8,326.9,72,1019.7
1997041606,9.9,0,1,225,78.5,1020.1
1997041612,17,0,3.6,176.7,45,1018.8
1997041618,13.1,0,1.9,190.5,59.5,1018.5
1997041700,9.1,0,0.9,318.4,83,1018
1997041706,12.8,0,1.7,277,74,1018
1997041712,21.8,0,3.8,305,20,1016.3
1997041718,15.2,0,2.4,43.2,51.5,1017.7
1997041800,10.6,3,1.6,13.9,83,1020.2
1997041806,10.1,1.2,1.1,80,86.5,1021.4
1997041812,16.4,0,2.6,187.5,53.5,1020.9
1997041818,12.6,0,1.2,231.7,62.5,1021.3
1997041900,7.8,0,0.9,0,88,1022.5
1997041906,10.9,0,1.3,254,82.5,1023.5
1997041912,19.2,0,3.5,194.7,37.5,1022.5
1997041918,13.5,0,1.2,127,64,1022.9
1997042000,7.7,0,1.3,340,86,1023.3
1997042006,10.9,0,0.9,281.9,74,1023.1
1997042012,20.2,0,3.2,204.3,26,1021.2
1997042018,14.7,0,1.9,265.2,49,1020.3
1997042100,9.9,0,0.4,343.4,79.5,1019.5
1997042106,12.1,2.6,0.5,327.8,86,1019.5
1997042112,15.2,0.7,0.9,308.8,90.5,1018.7
1997042118,14.5,0.2,0.9,280,91,1017.7
1997042200,13.4,0,0.4,350.2,91,1017.3
1997042206,15,0,2,67.3,68.5,1017.7
1997042212,16.9,0,4.8,103.4,48.5,1017.3
1997042218,11.9,0,2.4,48.4,58,1020
1997042300,9,0,1.7,11.2,78,1022.1
1997042306,11.5,0,2.5,75.7,63.5,1023.7
1997042312,15.2,0,5.3,135.1,39.5,1024.4
1997042318,10.9,0,2.2,21.2,50,1025.1
1997042400,6.6,0,0.7,328.3,75.5,1025.4
1997042406,10.1,0,0.8,264.7,73.5,1024.4
1997042412,18.4,0,3.5,176.6,30,1021.9
1997042418,14.1,0,1.5,251.1,45,1020.7
1997042500,9.6,0,0.5,10.4,61.5,1021
1997042506,13.3,0,2,333.2,54,1020.6
1997042512,20.7,0,3.6,20.2,20,1019.8
1997042518,13.7,0,1.5,296.7,48,1021.2
1997042600,8.4,0,0.4,285,72,1022.2
1997042606,12.7,0,0.9,263,67,1022.5
1997042612,23.5,0,3.7,185.1,28,1019.7
1997042618,17.5,0,1.9,230,33.5,1019.3
1997042700,11.2,0,0.3,318.7,55,1020.1
1997042706,14.6,0,1,248,57,1020
1997042712,23.6,0,4,168.8,25,1016
1997042718,18.6,0,2.2,217.1,29.5,1014.2
1997042800,14.2,0,0.7,331.2,42,1012.6
1997042806,14.9,0.5,2,283.3,60.5,1010.8
1997042812,24.3,0,3.2,186.3,34.5,1007.4
1997042818,20.8,0,1.3,329.9,32,1006.8
1997042900,17.5,0,1.8,276.4,54,1008.4
1997042906,20.9,0,3.5,260,55,1008
1997042912,26.4,0,5.1,228.4,42,1006.6
1997042918,19.9,0,2,264.7,59,1007.3
1997043000,17.1,0,1.8,342.3,80.5,1008.2
1997043006,17.9,0,1.7,21.9,74.5,1009.2
1997043012,19.8,0,5,83.4,43.5,1010.7
1997043018,15.2,0,1.7,45.1,53.5,1011.8
1997050100,10.4,0,0.9,319.8,79,1013.9
1997050106,13.9,0,0.8,278.7,77,1014.6
1997050112,26.7,0,3.4,227.8,25.5,1011.4
1997050118,20.9,0,2.5,253.7,28,1010.8
1997050200,14.5,0,1.1,328.1,34,1011.5
1997050206,16.2,0,0.6,309.2,45.5,1012
1997050212,23.3,0,2.1,227.6,31.5,1010.3
1997050218,18.5,0,1,64.5,73.5,1010
1997050300,15.3,0,0.6,61.1,67.5,1010.6
1997050306,16.9,0,1.4,185.8,72,1011.5
1997050312,22.1,0,3.2,145,60.5,1009
1997050318,17.6,0,1.3,224.3,74.5,1008.2
1997050400,14.9,0,0.3,344.4,88.5,1007.4
1997050406,20.3,0,2.5,276.5,64,1007.2
1997050412,28,0,4.5,231.8,33,1005
1997050418,22.2,0.7,2.5,67.3,59,1006.1
1997050500,18.6,2.7,0.8,4.3,90,1010.1
1997050506,19.8,0,1.6,25,76,1013.5
1997050512,24.5,0,3.2,143.3,45.5,1013.6
1997050518,20.5,0,0.8,42,74.5,1012.3
1997050600,19.7,0,2,244.7,80.5,1012.8
1997050606,23.5,0,3.6,250.3,72.5,1013.5
1997050612,29.7,0,4.6,253.4,45,1013
1997050618,25,0,2.8,232.8,65.5,1013.6
1997050700,21.6,0,1.1,312.1,83,1016
1997050706,21.6,9.5,1.6,133.4,91.5,1014.2
1997050712,20.8,52.9,1.7,198.9,95,1010.2
1997050718,22,4.2,4.9,250,91.5,1004.1
1997050800,21.6,5.1,4.8,263.4,89.5,1000.5
1997050806,16.3,0,3.2,60,87,1001.5
1997050812,12.4,0.9,2.3,48.4,90.5,1005.7
1997050818,11.1,0.1,1.8,328.5,90,1010.8
1997050900,8.6,0.1,0.7,326.4,84,1014.2
1997050906,12.1,0,1.2,301.9,81,1016
1997050912,22.9,0,2.9,327.3,28.5,1014.2
1997050918,18.7,0,1.2,278.4,46,1013.2
1997051000,12.4,0,1.9,316.3,64.5,1014.8
1997051006,16.3,0,1,314.9,53.5,1015.2
1997051012,24.6,0,3.8,240,27,1012.6
1997051018,19,0,3,243.2,23,1012.5
1997051100,15.3,0,0.6,323.1,74,1014
1997051106,19.3,0,1.8,187.9,76,1014.2
1997051112,22.2,0,3.2,281.5,61,1014.6
1997051118,19.9,0,1.3,296.4,70,1015.5
1997051200,17.8,0.6,0.1,350,80.5,1016.3
1997051206,17.2,0.5,0.7,50.7,89.5,1018.1
1997051212,18.8,0.7,2.1,83.4,74.5,1017
1997051218,16.2,10.9,1.4,70,92,1016.6
1997051300,15.2,24.8,0.7,4.2,94.5,1015.1
1997051306,15.5,13.1,0.7,323.1,95,1012.2
1997051312,19.5,0.5,1,124.3,94.5,1008.4
1997051318,19.9,1.6,1.4,59.7,90.5,1006.2
1997051400,18.3,0,1.4,87.9,92,1005.4
1997051406,18.5,0,0.2,23.2,92.5,1005.4
1997051412,26,0,2.6,193.8,63,1003.8
1997051418,22.3,25,2.1,115,74.5,1003.2
1997051500,19.7,6.6,0.9,98,94,1003.5
1997051506,21.4,0,0.8,31.4,89,1003
1997051512,26.3,0,2.3,88.9,66.5,1001.4
1997051518,24.3,0,1,334.2,59.5,1001.8
1997051600,19.9,0,0.5,33,86.5,1002.7
1997051606,22.7,0,1.2,328.7,79.5,1002.1
1997051612,28.7,0,3.4,260,44.5,999.8
1997051618,23.2,0,4.2,325.3,29,1001
1997051700,16,0,2.4,334.9,26,1005.7
1997051706,17.6,0,1.1,303.1,37.5,1007
1997051712,26.9,0,4.6,229.1,19.5,1004.9
1997051718,22.6,0,4.1,243.2,34,1004
1997051800,19.6,0,3.1,222.9,37.5,1005.3
1997051806,21.7,0,2.4,245.7,29.5,1005.2
1997051812,28.3,0,5,260,26,1004
1997051818,22.1,0,2,41.3,33,1003.2
1997051900,15.8,0,0.4,272.4,43.5,1003.2
1997051906,19.9,0,2,242.4,61,1000.8
1997051912,24.1,0,2.5,120.4,47.5,998.4
1997051918,16.7,0,3.3,54.5,68.5,1000.1
1997052000,13.4,0.3,0.7,20.7,88,1001.3
1997052006,13.9,0,2.1,58.5,81.5,1002.9
1997052012,16.4,0,2.4,79.6,55.5,1004.2
1997052018,13.8,0,1.7,61.9,71,1007.2
1997052100,11.3,0.3,0.9,315.3,83,1009.5
1997052106,14.3,0,0.8,265.4,72,1010.7
1997052112,16.9,2.2,3,165.9,58.5,1010.2
1997052118,14.9,0.3,1.1,189.8,75,1011.4
1997052200,11.8,0,1.2,341.9,92.5,1013.4
1997052206,15.3,0,0.8,304.1,82,1014.6
1997052212,22.6,0,3.4,159.6,40,1013.3
1997052218,18.1,0,1.9,258.6,51,1012.9
1997052300,13.8,0,0.6,343.4,78.5,1013.5
1997052306,17.2,0,1.2,259.5,73.5,1012.8
1997052312,24.1,0,4.1,208.8,43.5,1010.2
1997052318,18.4,0,3.3,249.6,36.5,1008.2
1997052400,16.4,0,2.7,273.3,51,1005.7
1997052406,15.9,4.4,2.3,325,73,1003.8
1997052412,19.4,0,4,333.4,38.5,1002.8
1997052418,16.1,0,2.3,353.5,55,1004
1997052500,12.8,0,1.6,24.6,74,1006.1
1997052506,16.1,0,1.1,321.1,69.5,1007
1997052512,23.8,0,3.4,259.8,40,1004.3
1997052518,18,0,2.4,49.8,52.5,1005
1997052600,11.6,0,1.2,318.4,86,1008
1997052606,13.6,1.1,1,70,93,1009.8
1997052612,18.4,0,3.8,100,60,1011
1997052618,15.4,0,2.8,73.4,70.5,1012.7
1997052700,14.1,0,1.1,11.2,83,1014.2
1997052706,14.7,0,1.7,52.3,80,1015.5
1997052712,17.4,0,3.3,100,61,1014.8
1997052718,15,0,2,62.1,75,1015.8
1997052800,14,0,1,43.4,78,1016.4
1997052806,15.2,0,1.6,52.3,75,1016.8
1997052812,19.5,0,2.5,103.4,58,1015.8
1997052818,16.5,0,1.7,92.1,70.5,1014.8
1997052900,15,0,0.7,343.7,83.5,1013.6
1997052906,16.5,0,1.4,228.9,85.5,1011.5
1997052912,22.1,0,1.7,149.6,68,1010.2
1997052918,19.6,0,1.2,234.3,72,1009
1997053000,15.5,0,0.9,315.1,90,1007.7
1997053006,18,0,1.3,323.5,91.5,1006.3
1997053012,24.1,1.8,3.6,178,54.5,1001.7
1997053018,18.6,2,2,231,87,1001.7
1997053100,15,0,1.5,328.3,91,1004
1997053106,18,0,1.1,355,78,1006.6
1997053112,26.3,0,2.8,184.4,38,1006.3
1997053118,21.8,0,1.4,89.5,51,1007.1
1997060100,16.3,0,0.4,329,86.5,1008.1
1997060106,19.9,0,1.4,310.2,75.5,1009.2
1997060112,25.5,0,4.2,228.4,59,1007.6
1997060118,22.1,0,5.2,250,57,1006.2
1997060200,18.9,4.3,2.6,243.4,80.5,1007.3
1997060206,20.5,0.1,3.4,231.8,88,1007.5
1997060212,26,0,2.7,227.6,52,1007
1997060218,22.6,0,2.5,276.3,42.5,1008.6
1997060300,16.1,0,1.2,317.8,64,1011.8
1997060306,18.9,0,1.4,178.3,64.5,1012.8
1997060312,25.4,0,2.8,180,39,1011.6
1997060318,20.4,0,1.4,105.8,55.5,1011.1
1997060400,15.9,0,0.8,319.4,77.5,1010.3
1997060406,20.2,0,1.8,4.4,72.5,1009.8
1997060412,24.8,0,3.9,0.4,40.5,1009.2
1997060418,20,0,1.3,219.3,55,1008.7
1997060500,16.4,0,0.7,316.3,76.5,1008.9
1997060506,19.8,0,0.8,276.3,74,1008.8
1997060512,21.7,11.1,1.6,313.9,67.5,1006
1997060518,18.5,1.5,1.4,195,92.5,1005.5
1997060600,17,1.2,1,4.4,93,1007.3
1997060606,17.8,0,1.5,356,84.5,1009.9
1997060612,20.4,0,3.8,86.7,67,1010.8
1997060618,17.4,0,1.9,57.4,73,1011.8
1997060700,13.8,0,1.4,316.3,90,1013
1997060706,17.3,0,0.9,291.3,84,1012.4
1997060712,24.8,0,3,130.1,52.5,1012
1997060718,20.2,0,2.2,170,74.5,1011.2
1997060800,17.2,0,1.1,287,91.5,1010.2
1997060806,18.8,0.3,1,301.6,90,1007.7
1997060812,20.2,13.4,2.8,90,92.5,1003.5
1997060818,18.8,23.3,2,15.9,93,1000.2
1997060900,17.6,1.7,0.7,325,93.5,999.4
1997060906,19.6,0.1,1,348.4,92,998.5
1997060912,23.7,0,2.3,157.9,75,997.8
1997060918,19.5,0,1.5,89.3,82,999.6
1997061000,17.6,0,1,321.9,91.5,1000.2
1997061006,22.5,0,2.3,326.3,56,1001
1997061012,29.7,0,3,334.7,23,1001.2
1997061018,24.5,0,1.1,3.3,41.5,1002.3
1997061100,17.9,0,0.8,315.7,63,1003.8
1997061106,22.6,0,0.7,228.7,59,1004.3
1997061112,29.1,0,2.9,180.9,29,1004.2
1997061118,23,0,1.9,329.6,41.5,1005.5
1997061200,19.9,0,0.8,343.7,57.5,1008.2
1997061206,21.8,0,1.6,227.6,69.5,1011
1997061212,28.6,0,3,180.4,40.5,1010.8
1997061218,23.9,0,1.1,301.6,46.5,1011.5
1997061300,18.5,0,0.4,332.4,74,1014.1
1997061306,21.8,0,0.7,27.2,75.5,1015.3
1997061312,28.5,0,3,166.8,45.5,1015
1997061318,23.8,0,0.8,60,56.5,1015
1997061400,18,0,1,343.3,88,1015.5
1997061406,21.6,0,0.7,331,70.5,1016
1997061412,28.5,0,3.2,145.3,37,1014.3
1997061418,23.3,0,1.7,138.7,63.5,1014.1
1997061500,19,0,0.7,336.6,85.5,1015
1997061506,21.6,0,0.9,70,77,1015.3
1997061512,26.6,0,3.9,118.5,39.5,1013.7
1997061518,21.8,0,1.9,61.9,56.5,1013.4
1997061600,18.2,0,0.8,0,75.5,1013.9
1997061606,22,0,1.3,45,66,1014.4
1997061612,28,0,2.3,155.7,42.5,1014.2
1997061618,23.6,0,1.3,158.4,53,1013.6
1997061700,18.6,0,1.1,352.6,79,1014.2
1997061706,23.3,0,0.7,359.1,74.5,1013.7
1997061712,29.6,0,3.5,180,44,1012.3
1997061718,23.6,0,1.2,112,70.5,1013.1
1997061800,18.9,0,0.5,350,88.5,1013.8
1997061806,22.3,0,0.8,358.9,79,1014.5
1997061812,30.2,0,3.3,170,37,1012.7
1997061818,25.3,0,1.7,170,56,1011.9
1997061900,20.5,0,0.7,341.1,90,1012.2
1997061906,23.6,0,1.3,107.5,72.5,1012.2
1997061912,29,0,3.5,83.2,42,1010.3
1997061918,24.6,0,2.2,66.6,57.5,1008.7
1997062000,21.8,0,1.1,14.7,81,1007.6
1997062006,21.4,20.8,1.8,28.5,78,1007.5
1997062012,24.5,0.3,1.8,132.4,74.5,1006.6
1997062018,23,0,1.7,193.3,79,1007.9
1997062100,20.4,0,0.9,0,90,1008.8
1997062106,23.8,0,1.3,329.6,81,1009.2
1997062112,30.8,0,2,69.8,44.5,1008
1997062118,25.4,0,1.2,33.4,64.5,1007.7
1997062200,21.9,0,1.4,318.4,76.5,1008.8
1997062206,23.2,0,1,289.3,80,1009
1997062212,28.8,0,2.4,189.1,58.5,1007.6
1997062218,23.9,0,1.4,97.1,71,1006.8
1997062300,19.8,0,0.7,351.7,90.5,1007.5
1997062306,22.6,0,1.2,265,83.5,1007.8
1997062312,29.2,0,3.2,170.2,54,1007.1
1997062318,24.6,0,1.5,156.1,69.5,1007.2
1997062400,20.6,0,0.5,346.8,90,1008.8
1997062406,23.6,0,0.7,333.7,79.5,1008.9
1997062412,31,0,3.5,234.3,50,1007.6
1997062418,26.3,0,2.5,253.3,62,1007.3
1997062500,23.4,0,1.2,297.6,77,1007.7
1997062506,23,12.3,2.2,240,92.5,1008.5
1997062512,24.1,13.8,2.5,236.6,91.5,1007.4
1997062518,24.3,24,1.7,253.3,92.5,1007
1997062600,24,66.1,1.4,270,94,1006.6
1997062606,24,48.4,2.3,276.5,-99.9,1007.6
1997062612,26,0.6,3,240,-99.9,1007
1997062618,24.7,2.9,1.7,273.7,-99.9,1007.2
1997062700,23.3,0,0.3,322.2,90.5,1008.6
1997062706,26.4,0,2.6,270,80.5,1007.7
1997062712,26.7,1.7,2.3,290.8,77.5,1006.6
1997062718,24.2,0.3,0.9,121.3,89.5,1005.3
1997062800,22.4,3.9,2.5,131.3,90.5,1001.7
1997062806,21.6,25,3.6,119.3,91,995.6
1997062812,22.4,5,3.6,63.2,89.5,995.2
1997062818,22.7,0,1.3,52.7,70,1000.8
1997062900,17.9,0,0.3,340,92,1005.2
1997062906,21.9,0,0.4,306.7,85,1007.4
1997062912,29,0,2.7,141.8,59.5,1006.5
1997062918,24.6,0,1.7,101.7,75,1007.1
1997063000,21.1,0,0.4,348,89.5,1008.3
1997063006,23.6,0,0.5,324.9,76.5,1009.4
1997063012,29,0,2.8,243.2,36.5,1009.1
1997063018,25.3,0,2,278.7,50.5,1008.7
1997070100,23.8,0.2,1.6,235.4,74.5,1008.7
1997070106,23.6,1.9,3.3,220.1,91,1007.3
1997070112,24.1,18.9,3.7,243.4,91,1005.2
1997070118,24.6,0.2,2.5,263.4,90,1004.4
1997070200,24.7,0,1.7,266.7,86.5,1005.5
1997070206,26.5,0,2.1,289.3,83,1007.1
1997070212,29.4,0,2.6,294.3,67.5,1007
1997070218,27,0,3.4,270,77,1008.2
1997070300,25.5,0,3.4,286.7,84.5,1009.2
1997070306,27.5,0,3.7,286.7,74,1010
1997070312,31.1,0,5.1,270,56.5,1009.8
1997070318,27.9,0,3.7,256.6,68,1009.2
1997070400,26.5,0,3.5,263.4,73.5,1008.7
1997070406,28.3,0,4.4,260,66.5,1007.3
1997070412,29.5,0,5.4,263.4,62.5,1005.4
1997070418,27.5,0,5.6,266.7,68.5,1004.2
1997070500,27,0,3.5,253.3,70,1003.1
1997070506,27.2,0,4.1,253.3,77,1002.6
1997070512,28.8,0,3.6,255.4,66,1001.7
1997070518,25.1,0,2.5,157.6,80,1002.1
1997070600,25.9,0,3.5,270,73,1002.7
1997070606,25.9,0.8,3.2,266.7,88,1001.9
1997070612,25.8,7.4,4.1,253.3,84.5,1000.2
1997070618,22.4,14.1,2.6,170,93.5,999.2
1997070700,18.9,6.4,1,49.3,92.5,1001.4
1997070706,21.1,0,0.5,349.7,87,1003.9
1997070712,27,0,1.6,177.8,57,1005.7
1997070718,23.7,0,1.4,133.7,58.5,1006.7
1997070800,20.7,0,0,0,82.5,1007.9
1997070806,21.5,0.6,0.7,340,85,1008.7
1997070812,22.3,1.9,1.5,305.3,89,1008.2
1997070818,20.2,0.6,1.1,327.6,90.5,1008.2
1997070900,18.8,0,0.7,353.5,91.5,1009
1997070906,20.4,0,0.8,319,90,1009.4
1997070912,25,0,1.2,100,69.5,1009.2
1997070918,22.6,0,1.5,112.4,74,1009
1997071000,19.9,0,0.2,0,89,1009.7
1997071006,22.4,0,1.5,70,82.5,1009.9
1997071012,25.3,0,2.7,143.3,69,1010.5
1997071018,22.9,0,2.1,78.3,74,1009.6
1997071100,21.3,0,0.8,356.2,86.5,1010
1997071106,21.5,0.8,0.6,6.4,89,1010.8
1997071112,20.5,40.6,1.4,83.5,93.5,1009.7
1997071118,19.5,22.2,1.2,17.3,94,1007.1
1997071200,19.9,1.1,1.4,307.5,94,1005.8
1997071206,20.6,1.3,0.9,322.3,94,1006.4
1997071212,21.6,1.4,0.8,310.9,95,1006.5
1997071218,20.5,1.3,0.8,51.6,94.5,1007.2
1997071300,19.8,0.9,0.1,10,94.5,1007.8
1997071306,21,0.2,0.4,295,95,1009
1997071312,24.2,0,1.8,163.4,88,1009.8
1997071318,23.9,0,1,84.4,87,1009.4
1997071400,21.9,0,0.8,329.8,94,1010.1
1997071406,24.4,0,1.2,350,86.5,1010.3
1997071412,30.1,0,2.4,269,61.5,1008.2
1997071418,27.3,0,1.4,341,64,1006.8
1997071500,23.9,0,0.8,340.3,85,1007.7
1997071506,26.8,0,2,303.8,79,1007.7
1997071512,30.1,0,4.3,253.4,66,1006.5
1997071518,27,0,3.3,263.4,76,1005.5
1997071600,24.9,42.9,0.6,323.6,94.5,1004.8
1997071606,24.4,10.1,1,206.1,95,1003.5
1997071612,26.8,0.9,3,246.6,83,1003.7
1997071618,26.2,0,1.5,126.9,82.5,1003.5
1997071700,22.9,1.5,0.6,5.7,93,1005.6
1997071706,22.9,0,1.3,56.9,94,1008.4
1997071712,24.7,0,2.6,96,77,1009.6
1997071718,21.9,0,1.4,65.5,81.5,1011.7
1997071800,18.5,0,0.5,343.4,93.5,1013
1997071806,21.5,0,0.6,334.2,84.5,1013.8
1997071812,28.1,0,2.9,176.7,55.5,1013.3
1997071818,23.9,0,1.4,214.4,73,1013.2
1997071900,19.2,0,0.6,343.3,93,1013.2
1997071906,22.3,0,0.8,299.5,80,1012.9
1997071912,30.9,0,3,193.4,43,1012
1997071918,26.4,0,1,118,60,1011.3
1997072000,21.4,0,0.5,323.1,87.5,1012.1
1997072006,24.5,0,0.8,302,81.5,1012.3
1997072012,32.6,0,2.5,265,57,1010.9
1997072018,29.2,0,1.9,317.6,66.5,1010.1
1997072100,25,0,0.4,0,87,1012.1
1997072106,27.3,0,0.9,329.6,82,1013.4
1997072112,33,0,1.7,260,59,1011.8
1997072118,30,0,1.4,352.6,67.5,1011.2
1997072200,26,0,0.7,339.1,89,1012.2
1997072206,28.8,0,1.9,7.7,83,1013.1
1997072212,34.1,0,2.4,182.1,54.5,1012.7
1997072218,29.2,0,0.8,1.1,66,1012.5
1997072300,25.7,0,0.1,356.7,85.5,1012.7
1997072306,27.8,0,0.3,2.1,87,1013.3
1997072312,32.5,0,2.5,193.4,61,1011.7
1997072318,27.6,0,1.9,110.8,80.5,1012.1
1997072400,24.7,0,0.3,6.5,92,1012.9
1997072406,27.1,0,0.8,97.6,83.5,1012.7
1997072412,32,0,2.6,145.3,53,1011
1997072418,27.8,0,1,73,62.5,1009.5
1997072500,23.4,0,0.6,20.8,88.5,1009.9
1997072506,26.5,0,1.2,84.6,80.5,1009.2
1997072512,31.8,0,3.5,118.5,49.5,1007.8
1997072518,28,0,2,61.9,56,1006.4
1997072600,24.7,0,1.8,20.2,82,1004.8
1997072606,26.2,0,3.3,56.6,79,1004.3
1997072612,26.9,0.1,3.7,73.4,65.5,1002.7
1997072618,25,0.2,2.1,40.1,73.5,1001.8
1997072700,24.3,0.2,1.3,23.2,71.5,1001.9
1997072706,24.2,1.2,1.6,6.6,86.5,1002.3
1997072712,29.9,0,2,62,55,1001.9
1997072718,26.5,0,1,57.4,70.5,1003
1997072800,22.5,8.6,1,54.3,88.5,1005.2
1997072806,23.8,0,0.9,346.5,94.5,1006.6
1997072812,29.1,0,1.8,93.3,70,1007.3
1997072818,26.4,0,1.2,70.8,75.5,1007.5
1997072900,24.3,0,0.4,355,86,1007.7
1997072906,25.6,0,1.1,94.8,85,1008.7
1997072912,30,0,1.6,204.5,67.5,1007.7
1997072918,25.8,0,1.4,118.4,77.5,1007.8
1997073000,22.7,0,0.6,59.6,92.5,1008.8
1997073006,24.8,0,1.1,62.7,84,1010.1
1997073012,29.6,0,2,141.8,61,1008.3
1997073018,25.9,0,2,97.2,75,1008.2
1997073100,23,0,0.3,6.6,89.5,1009.4
1997073106,25.3,0,0.7,36.8,85,1010.1
1997073112,29.5,0,2.2,121.9,63,1009.8
1997073118,26.5,0,1.4,108.4,74.5,1010
1997080100,24,0,0.6,7.4,90,1010.8
1997080106,26.1,0,0.8,323.7,85,1011
1997080112,32,0,3.4,180,61.5,1010.3
1997080118,29.1,0,1.9,260,66,1009.7
1997080200,25.6,0,0.4,318.7,82,1011.2
1997080206,27.8,0,2.1,273.7,81,1011.7
1997080212,33.3,0,3.7,284.7,53.5,1009.8
1997080218,29.7,0,3,276.6,67.5,1009.1
1997080300,27.6,0,2.5,298.5,76.5,1009.7
1997080306,29.1,0,3.1,289,74,1009.5
1997080312,32.4,0,4.9,286.7,51.5,1007.8
1997080318,28.6,0,2.9,253.3,76.5,1008
1997080400,27,0.1,2.9,263.4,82,1007.2
1997080406,25.5,7.4,2.2,270,94.5,1006.3
1997080412,25.5,1.2,2.8,253.3,87.5,1004.8
1997080418,24.1,43.4,1.3,309.2,96,1002.8
1997080500,22.7,20.6,1,30.4,96.5,1002
1997080506,24.3,0.8,0.9,13.5,94,1002
1997080512,29.3,0,2.1,168.4,58.5,1002.8
1997080518,25.1,0,1.1,209.4,66.5,1003.6
1997080600,20.9,0,0.6,343.3,92,1003.7
1997080606,24,0,0.7,354.7,82.5,1003.2
1997080612,31.1,0,3.1,166.6,49.5,1003.2
1997080618,26.8,0,1.1,74.2,71,1004.1
1997080700,23.2,0,0.3,356.6,88,1004.3
1997080706,25.7,0,0.6,3.2,86,1004.7
1997080712,29.2,2.2,2.2,273.3,81,1004.1
1997080718,28.1,0,1.4,273.8,82.5,1004.8
1997080800,25.9,0,0.3,4.1,92.5,1005.6
1997080806,27.6,0,1.3,307.7,93.5,1005.1
1997080812,32.1,0,2.9,233.3,64,1003
1997080818,28.8,0,2.4,221.9,84.5,1001.3
1997080900,26.6,6.6,4.1,215,93.5,998.3
1997080906,25.5,13,4.9,203.2,96,992.3
1997080912,29.8,0,4,240,76,994.6
1997080918,27.6,0,1.3,47.6,81,999.6
1997081000,25.6,2.8,1,98.6,92,1001.8
1997081006,25.5,34.7,1,81.1,95,1001.8
1997081012,26,11.9,2.2,65.9,95,1001.8
1997081018,22.2,6,1.1,13.6,96,1004.5
1997081100,22,4.3,0.8,356.7,96,1006.7
1997081106,22.5,14.8,1,104.9,96,1008.5
1997081112,23.8,9.2,0.9,73.1,97,1007.3
1997081118,23,0.4,1.8,350.2,94.5,1007.2
1997081200,22.4,2.1,0.3,346.8,94,1009.7
1997081206,23.2,0.5,0.7,19.8,93.5,1010.6
1997081212,24.3,0,2.6,83.5,83,1012.2
1997081218,23,0,1.8,70,84,1012.3
1997081300,22.1,0.2,1.7,43.4,92,1012.5
1997081306,23.1,0,2.3,58.3,92.5,1013.2
1997081312,25,0,3.7,93.3,78,1012.8
1997081318,23,0,2.1,65.6,84.5,1014
1997081400,22,0.1,1.6,43.4,89,1013.7
1997081406,22.7,0.2,2.1,62.1,89,1014.4
1997081412,23.8,0.1,2.6,76.8,82,1014.5
1997081418,22.1,0.6,2.2,46.8,84,1014.5
1997081500,21.8,0,1.9,60,88.5,1015.5
1997081506,23.1,0,2.9,73.3,84,1015.5
1997081512,24.6,0,3.8,93.3,65.5,1015.2
1997081518,22.6,0,2.6,80,78,1014.8
1997081600,22.1,0,2.1,58.5,75.5,1015.1
1997081606,22.5,0,2.2,73.4,80,1015
1997081612,25.6,0,4.2,90,61,1013
1997081618,22.8,0,1.8,40.9,75,1012.2
1997081700,22.1,0,1.6,18.2,83.5,1011.1
1997081706,23.2,0,1.5,38.9,88.5,1010.3
1997081712,26.4,0,3.4,104.7,77,1009.7
1997081718,24.7,0,1.9,71,81,1009.8
1997081800,23.3,0,0.9,25.6,89,1010.7
1997081806,24.5,0,1.7,55.7,87.5,1011.6
1997081812,29.1,0,2.7,96.8,68,1011.9
1997081818,26.2,5.5,1.2,70.3,82.5,1013.1
1997081900,24.4,3.6,0.2,20.7,95.5,1015.4
1997081906,25.5,0,1.1,57.3,95.5,1015.8
1997081912,28.5,0,2.8,115,78.5,1015.8
1997081918,26.5,0,2.2,100,84,1016.8
1997082000,25.4,0,0.3,18.9,89,1017.1
1997082006,25.9,0,0.5,57.3,91,1016.5
1997082012,29.9,0,2.5,153.4,74.5,1015.3
1997082018,27.6,0,1.4,205.5,80,1014.5
1997082100,24.9,0,0.3,0,91,1013.1
1997082106,26.7,0,1.5,287,85,1012
1997082112,31.5,0,4.8,263.4,53.5,1009.5
1997082118,28,0,3.5,250,73,1007.6
1997082200,26.5,0,2.4,280.7,79,1006.9
1997082206,25.6,0,2.3,38.5,71.5,1007.9
1997082212,30.1,0,3.5,353.4,43,1006.6
1997082218,26.8,0,1,353.5,53,1006.8
1997082300,23.1,0,1.3,4.4,78,1008
1997082306,25,0,1.4,23.9,63,1008.8
1997082312,32,0,1.8,253.4,40.5,1007.4
1997082318,27.8,0,1.2,9.3,57,1007
1997082400,23.4,0,1.1,340,80,1007.2
1997082406,26.3,0,1,65.4,73,1007.8
1997082412,31.6,0,3.5,153.2,42.5,1007.8
1997082418,25.6,0,1.5,72,61.5,1009.4
1997082500,22.7,0,0.7,40.4,86.5,1011.3
1997082506,24,0,1.7,59.6,83.5,1012.3
1997082512,26.2,0,2.9,109.7,62,1012.1
1997082518,23.2,0,0.9,45,73.5,1012.9
1997082600,20.7,0,0.2,340,89,1013.7
1997082606,23,0,0.9,68.3,85,1014.7
1997082612,27.3,0,1.9,144.8,64,1013.6
1997082618,24.3,0,1.1,240,70.5,1013.5
1997082700,20.8,0,0.7,346.8,91.5,1014.2
1997082706,24.3,0,1.3,359.9,86,1013.9
1997082712,31.5,0,2.5,215,51,1012.4
1997082718,27,0,1.5,98.3,77,1012.3
1997082800,23.1,0,0.1,353.6,91.5,1011.9
1997082806,25.2,0,0.6,322.4,86,1012.3
1997082812,32.9,0,3.2,230,43.5,1010.2
1997082818,28.1,0,1.7,291,52,1010.1
1997082900,23.8,0,0.7,324.1,80,1012.1
1997082906,24.5,0,0.8,338.7,81.5,1013.7
1997082912,29.4,0,1.3,42.9,60,1013.7
1997082918,26.9,0,1.1,357.6,73,1013.7
1997083000,23.8,0,1.3,329.8,87,1014.1
1997083006,26.5,0,1.5,307.6,78.5,1014.5
1997083012,31.8,0,2.3,179.4,56,1013
1997083018,28.2,0,0.8,35,79,1011.5
1997083100,25.7,0,0.9,3.4,86,1010.8
1997083106,26.9,0,0.7,339.1,82.5,1010.5
1997083112,32.5,0,2.7,333.4,51.5,1008.2
1997083118,29.6,0,0.9,320.7,67,1007.3
1997090100,27.4,0,2.4,333.2,75,1007.7
1997090106,28.9,0,1.8,325.3,70,1007.4
1997090112,34.2,0,3.1,152.4,49,1005.2
1997090118,30.2,0,2.3,263.7,64.5,1004.5
1997090200,26.7,0,0.6,6.6,84,1003.7
1997090206,28.6,0,1.9,27.9,81.5,1003.2
1997090212,33.4,0,3.7,273.3,58.5,1001.2
1997090218,28.1,2.3,2.3,25,76.5,1001
1997090300,22,6.8,1.4,63.6,96,1002.2
1997090306,21.2,1.1,1.9,3.9,87.5,1003.8
1997090312,24.1,0,3.1,48.7,61,1004
1997090318,20.8,0,1.5,55.3,68,1006.5
1997090400,17.9,0,0.3,353.4,83,1008.6
1997090406,19.8,0,0.6,346.4,82.5,1009.8
1997090412,24.9,0,2.7,118.5,53,1010.2
1997090418,21.3,0,0.8,70,70,1011.5
1997090500,18.4,0,0.3,356.7,85,1012.2
1997090506,20.3,0,0.4,348.4,81.5,1013.4
1997090512,26.9,0,2.4,104.7,54.5,1013.2
1997090518,23.3,0,0.8,45,65,1013.3
1997090600,19.9,0,0.3,350,91.5,1013.2
1997090606,21.9,0,0.7,22.1,89,1013.2
1997090612,25,0,1.9,73.3,69,1012
1997090618,23.2,0,0.9,25,73.5,1012.5
1997090700,20,0,0.3,346.9,85.5,1013.2
1997090706,22.1,0,1.4,0,82,1013.2
1997090712,27.6,0,2.6,76.4,56.5,1013.3
1997090718,22.6,0,1.3,45,49.5,1014.4
1997090800,18.6,0,0.5,346.8,85.5,1015.3
1997090806,21.1,0,0.9,304.1,87.5,1015.8
1997090812,29.1,0,2.4,218.8,56,1014.8
1997090818,24.1,0,1,75,72.5,1014.1
1997090900,19.5,0,0.6,340,94.5,1013.9
1997090906,22,0,0.9,287,90.5,1013.2
1997090912,31.9,0,1.8,172.4,44,1010.8
1997090918,26.9,0,1.2,344.2,45.5,1010.8
1997091000,23.3,0,1.5,48.4,68.5,1013.2
1997091006,24.1,0,1.6,335.4,76.5,1014.7
1997091012,28.5,0,3.4,122.9,56,1013.2
1997091018,24.3,0,1.5,51.4,83,1013.7
1997091100,21.5,0,0.1,0,91.5,1013.6
1997091106,22,0,1.1,28,92.5,1013.7
1997091112,24.9,0,2.9,90,74,1013.7
1997091118,22.3,0,1.6,52,80.5,1015
1997091200,21.4,0,0.9,338.8,83,1015.7
1997091206,22.9,0,1.5,19.6,82.5,1016.6
1997091212,26.4,0,4.6,111.6,61,1015.8
1997091218,23,0,1.8,66.6,76,1018.2
1997091300,21.1,0,1.3,4.3,82.5,1019.2
1997091306,22.6,0,1.6,16.9,87,1019.4
1997091312,23.4,0,3.6,60,71.5,1018.8
1997091318,19.6,0,2.7,50,83,1019.7
1997091400,19.3,0,2.5,23.2,89.5,1018.5
1997091406,20.5,0,2.9,50,85,1017.9
1997091412,20.9,0,3.5,53.3,78.5,1017.5
1997091418,21.5,0,4,73.4,68,1017.2
1997091500,21.6,0,4.9,83.4,64,1016.7
1997091506,21.5,0,5.6,90,52,1017.2
1997091512,19,2.9,4.8,80.2,65.5,1017.5
1997091518,17.5,4.5,3.9,53.3,86.5,1017.6
1997091600,17.4,7.4,4,50,97,1015.5
1997091606,18.5,10.7,3.4,55,97,1012.5
1997091612,19.3,4.6,4.4,53.3,96,1009.3
1997091618,19.5,0.1,3.3,23.2,88.5,1009.5
1997091700,19.2,0,2.9,13.4,86.5,1011.2
1997091706,20.7,0,2,10,75,1013
1997091712,24.5,0,2.9,107.1,56.5,1013.8
1997091718,20.2,0,0.9,36.7,81,1014.8
1997091800,17.6,0,0.3,335.5,92.5,1015.6
1997091806,19.4,0,1.3,33,82,1015.5
1997091812,24.2,0,3.2,96.6,56,1013
1997091818,20.3,0,1.3,21.3,79.5,1013.1
1997091900,16.7,0,1,23.2,84.5,1013
1997091906,17.1,0,2.5,37.5,61.5,1013.8
1997091912,22.1,0,3.5,76.6,52.5,1013.3
1997091918,17.6,0,1.6,355.6,69.5,1015.3
1997092000,14.4,0,0.6,350.5,89,1016.2
1997092006,16.1,0,0.6,340,91.5,1016.3
1997092012,23.2,0,1.2,270,39,1014.9
1997092018,19.8,0,0.8,324.5,62.5,1014.8
1997092100,16.6,0,1,7.9,84.5,1016.2
1997092106,17,0,1.7,51.2,64,1017.7
1997092112,20.1,0,2.2,65.2,48,1018
1997092118,17.5,0,1.2,68.6,67.5,1019.8
1997092200,14.7,0,0.5,11.2,83.5,1020.6
1997092206,17.3,0,1.6,48.9,80,1021.5
1997092212,20.7,0,2.7,86.6,61.5,1021.3
1997092218,18.7,0,1.8,61.3,62,1022.8
1997092300,17.4,0,1,21.6,73.5,1022.8
1997092306,19.2,0,2,47.6,72.5,1023.5
1997092312,22.5,0,3.8,106.7,49,1023.1
1997092318,18.5,0,1.5,51.5,60.5,1023.5
1997092400,14.9,0,0.5,321.2,78.5,1023.7
1997092406,16.9,0,1.3,127,83,1023.9
1997092412,21.8,0,2.9,96.8,45,1022.2
1997092418,18,0,0.9,2.4,59.5,1022
1997092500,16.4,0,0.4,307.7,77,1020.8
1997092506,17.5,0,1.1,73.4,86,1018.7
1997092512,20.1,4.8,0.9,100,85.5,1014.9
1997092518,18.5,2.2,0.6,354.2,96,1012.6
1997092600,17.8,0,0.4,356.6,96,1009.3
1997092606,17.2,0,0.4,7.9,96,1008.7
1997092612,21,2.6,2.4,43.6,59,1006.7
1997092618,15.9,0,2.2,353.4,76,1006.5
1997092700,14.4,0,1.2,5.1,70,1007.1
1997092706,16.9,0,1,24.6,70.5,1010
1997092712,21.3,0,2.2,127,49.5,1010.7
1997092718,17,0,0.5,7.9,69.5,1012.8
1997092800,14.1,0,0.6,0,89.5,1014.2
1997092806,16.5,0,2.3,11.2,69.5,1015.1
1997092812,22,0,2.2,83,41.5,1014.6
1997092818,17.5,0,1.2,299.2,65,1015.7
1997092900,13.4,0,0.4,356.7,89,1016.6
1997092906,15.8,0,1.2,353.6,79.5,1017.5
1997092912,22.4,0,2.4,43.5,41.5,1017.2
1997092918,17.4,0,0.8,346.6,66.5,1018.7
1997093000,12.9,0,0.4,350.2,89.5,1020.1
1997093006,15.2,0,0.4,310.4,86,1021.7
1997093012,23.9,0,2.3,152.5,41,1021.2
1997093018,18.1,0,0.7,7.9,68,1022.1
1997100100,13.9,0,0.1,356.7,91,1023.2
1997100106,16,0,0.4,341.6,90.5,1024.2
1997100112,22.6,0,2.8,122.9,47,1023.2
1997100118,19,0,0.9,40.9,64,1022.5
1997100200,15.8,0,0.2,4.3,81,1021.7
1997100206,17.6,0,0.3,348.6,83.5,1021.9
1997100212,23.7,0,2.8,153.9,50,1021.4
1997100218,19,0,1.1,17.3,76,1021.9
1997100300,15.5,0,0.4,322.7,91.5,1022
1997100306,17.5,0,0.7,50.7,89,1021.8
1997100312,23.7,0,1.8,137.4,56,1019.2
1997100318,20.2,0,0.7,39.8,80.5,1018.5
1997100400,17,0,0.4,340,95,1017.4
1997100406,18.4,0,0.6,319,93,1016.4
1997100412,24.7,0,1.9,164.4,40,1013.8
1997100418,20.7,0,0.3,356.7,66.5,1013.7
1997100500,17.4,0,1.5,10,77,1013.7
1997100506,16.4,0,2.9,17.3,60.5,1015
1997100512,21,0,3,66.6,49.5,1015.4
1997100518,17,0,1.1,7.9,64.5,1017.4
1997100600,14,0,0.4,350,85,1019.2
1997100606,15.5,0,1.3,277,84,1019.7
1997100612,20.2,0,2.3,221.8,60,1017.5
1997100618,17.4,0,1.1,345.5,65.5,1016.7
1997100700,13.3,0,0.3,6.5,89,1017
1997100706,14.6,0,1.1,341,88.5,1017.3
1997100712,22.8,0,3.3,286.7,39.5,1015.2
1997100718,19.1,0,2.1,20,57,1015.2
1997100800,14,0,1.4,23.2,56,1018.2
1997100806,13.7,0,1.5,357.2,66.5,1020.6
1997100812,20.5,0,2.6,50,29,1020.5
1997100818,15.2,0,0.8,345.5,57.5,1020.7
1997100900,11.1,0,0.6,317.6,68,1020.7
1997100906,12.7,0,1.1,329.3,67,1020.2
1997100912,22.5,0,2.5,246.2,26,1015.8
1997100918,16.5,0,1.2,256.4,41,1014.8
1997101000,11,0,0.3,16.2,71.5,1014.7
1997101006,14,0,1.3,359.9,77.5,1012.7
1997101012,23.6,0.5,3.9,273.3,47.5,1008.7
1997101018,19.9,0,0.8,289.3,68,1007.7
1997101100,13.7,0,2.7,17.7,50,1011.2
1997101106,13.1,0,2.8,0,39,1014.5
1997101112,18.5,0,3.8,342.7,26.5,1014.3
1997101118,15.6,0,1.2,335.6,36.5,1014.2
1997101200,12.1,0,1.2,313.2,62.5,1014.9
1997101206,11.4,0,3.2,7.7,61.5,1016.8
1997101212,19,0,1.9,5,27,1015.5
1997101218,13.3,0,0.5,343.4,45,1016.4
1997101300,9.6,0,1.6,1.3,61,1017
1997101306,11.8,0,1.3,345.2,51,1017.5
1997101312,21,0,2.2,218.6,32.5,1015.2
1997101318,15.4,0,1.4,319.8,44,1013.4
1997101400,16.4,0,1.9,188.4,64.5,1012
1997101406,19.6,0,1.5,225,75.5,1010.2
1997101412,24.5,0,3,10,26.5,1010.6
1997101418,16.7,0,1.3,35,64,1014.5
1997101500,11.9,0,0.5,353.6,87,1017.7
1997101506,12.8,0,0.9,296.7,78,1018.7
1997101512,19,0,2.1,104.1,39,1018
1997101518,14.9,0,1.1,327.6,68,1019.4
1997101600,11.6,0,1.4,330,90,1020.5
1997101606,13.8,0,0.7,299.5,87.5,1021
1997101612,22.5,0,2.7,183.4,44,1019
1997101618,16.8,0,1.3,272.7,61.5,1017.8
1997101700,11.8,0,0.7,331.8,88.5,1017.7
1997101706,13.6,0,0.4,350.6,85.5,1016.7
1997101712,25.2,0,3.8,296.5,29,1013.9
1997101718,19.4,0,1.4,326.6,51.5,1014.2
1997101800,14.7,0,0.3,3.3,82.5,1015.5
1997101806,15.3,0,1.1,281.2,74,1016.8
1997101812,23,0,2.3,132.1,31.5,1015.2
1997101818,15.5,0,0.6,21.4,64,1017.7
1997101900,11.6,0,0.3,350.2,90,1018.3
1997101906,13.3,0,0.5,314.7,89.5,1017.7
1997101912,25.2,0,3.3,253.3,27,1013.7
1997101918,19.9,0,1.5,325,36,1012.7
1997102000,18.8,0,2.2,264.7,51.5,1012.2
1997102006,19,0,0.6,23.9,65,1013.6
1997102012,26.1,0,3.9,231,53,1011.8
1997102018,21.6,0,2.5,274,65,1011.3
1997102100,19.6,0,0.4,299,69.5,1011
1997102106,20.8,0,1.9,283.1,53.5,1011.2
1997102112,28.7,0,2.5,260,33.5,1009.5
1997102118,21.8,0,1,5.5,64.5,1011
1997102200,15.5,0,0.3,4.2,81.5,1013.2
1997102206,15.9,0,0.7,13,81.5,1014.6
1997102212,23.2,0,2.8,106.9,57,1013.2
1997102218,19.4,0.2,1.2,66.5,85,1014.1
1997102300,17.1,0,0.9,8.9,95,1013.5
1997102306,17.8,0,0.3,350,92,1014.8
1997102312,26,0,1.9,218.2,44.5,1014.2
1997102318,19.3,0,0.4,340.5,56,1015.2
1997102400,14.9,0,0,0,81.5,1015.8
1997102406,16.7,0,0.7,327.1,80,1016.5
1997102412,23.3,0,2.9,18.5,46.5,1014.9
1997102418,16.5,0,2.5,15,21,1017.8
1997102500,10.1,0,2,50,26,1020.2
1997102506,9,0,2.3,40.1,36.5,1022
1997102512,14.9,0,2.8,357.2,35,1018.9
1997102518,11,0,1.4,19.3,39.5,1018.4
1997102600,9.5,0,2.2,40.1,47.5,1019
1997102606,9.1,0,3,29.9,50,1019.8
1997102612,15.2,0,4.3,343.4,36.5,1017.8
1997102618,12.3,0,1.5,28.5,40,1017.2
1997102700,9.6,0,3.2,20,47.5,1019.3
1997102706,9.6,0,3.5,29.9,44.5,1021.2
1997102712,14.6,0,3.5,21.6,29.5,1021.2
1997102718,10.4,0,1.1,35.9,35.5,1023.5
1997102800,6.9,0,0.6,17.3,56.5,1025.7
1997102806,8.4,0,0.8,325.3,71,1025.9
1997102812,15.9,0,2.7,358.8,39.5,1022.2
1997102818,11.8,0,1.3,35.5,51,1022.3
1997102900,8,0,0.5,7.9,64.5,1022.7
1997102906,8.3,0,1,320.7,80.5,1023.3
1997102912,16.1,0,4,308.2,42.5,1021.7
1997102918,13.1,0,1.9,325,54.5,1020.2
1997103000,9.6,0,1.4,18.5,60.5,1021.7
1997103006,8.4,0,1.7,11.2,59.5,1023.2
1997103012,11.6,0,4.1,0,37.5,1022.2
1997103018,7.1,0,1,18.2,42,1022.8
1997103100,3.5,0,2.3,38.2,68.5,1023.3
1997103106,2.8,0,4.5,20,50,1025.8
1997103112,8.8,0,3.5,13.4,31,1025.3
1997103118,6.2,0,0.9,48.7,40,1026.2
1997110100,4.7,0,1.3,19.5,48.5,1027.8
1997110106,7.1,0,1.6,31.9,59,1028.9
1997110112,13.5,0,2,215,26,1029.3
1997110118,7.8,0,1.2,339.1,53.5,1029.9
1997110200,3,0,0.6,346.6,78.5,1030.2
1997110206,5.6,0,0.6,314.9,83.5,1029.8
1997110212,18.9,0,2.2,226.9,36.5,1026.5
1997110218,12.4,0,0.2,4.3,49,1025.7
1997110300,6.3,0,0.4,357,85,1025.2
1997110306,7.6,0,0.7,331.9,83,1024.8
1997110312,17.8,0,2,188.6,39.5,1022.2
1997110318,11.5,0,0.4,0.3,56,1021.8
1997110400,7.2,0,0.6,342.8,71,1021.8
1997110406,8.9,0,1,276.3,80,1020.9
1997110412,17.5,0,2.1,199.7,45.5,1018.8
1997110418,11.7,0,0.8,349.7,63,1018.8
1997110500,8.1,0,0.4,346.4,87.5,1020.1
1997110506,9.9,0,0.6,348.4,90,1021.5
1997110512,17.9,0,1.5,130.3,44.5,1020.2
1997110518,12.2,0,0.6,346.9,74.5,1021.3
1997110600,7.9,0,0.9,2.6,82,1022.9
1997110606,10.5,0,2,28.4,55,1024.1
1997110612,16.8,0,2,51.2,30.5,1024.1
1997110618,10.9,0,0.7,356,53.5,1025
1997110700,6.4,0,0.9,345.1,81,1026.2
1997110706,9,0,1.3,307.6,82.5,1026.9
1997110712,16.9,0,2.7,43.9,61.5,1026.1
1997110718,13.9,0,0.3,4.3,78.5,1026.5
1997110800,11.2,0,0.5,340,88,1026.6
1997110806,11.9,0,0.5,311.2,93,1026.9
1997110812,18.5,0,2.4,186.6,49.5,1025
1997110818,13.5,0,0.7,327.4,68.5,1026.1
1997110900,8.9,0,0.8,330,92,1027.5
1997110906,9.9,0,0.3,323,93,1029.8
1997110912,19.1,0,2.2,179,52,1028.7
1997110918,14.5,0,0.9,306.5,68,1028.9
1997111000,9.6,0,0.8,343.3,93,1029.2
1997111006,11,0,0.4,341,90.5,1029.9
1997111012,20.4,0,2.3,197.7,47,1027.9
1997111018,15,0,0.9,21.6,75,1027.9
1997111100,10.6,0,0,0,89.5,1028.6
1997111106,11.3,0,0.2,341,90,1029
1997111112,20.5,0,2.2,220.1,49,1026.5
1997111118,15.2,0,0.9,321.3,80,1025.6
1997111200,13.1,0,0.3,350,90,1023.3
1997111206,15.4,3.4,1.1,340,94,1019.8
1997111212,19.3,3.4,1.8,248.9,93,1014.3
1997111218,15,12.5,1.7,39.8,95,1013.2
1997111300,13.2,1.2,2.1,70,92.5,1017
1997111306,11.7,0,2,51.8,70.5,1020.4
1997111312,12.9,0,1.7,20,61.5,1020
1997111318,11.2,0,1.1,21.6,67.5,1019.3
1997111400,10.1,0,0.1,10,82,1017.7
1997111406,11.1,1.3,0.3,337.1,92.5,1015.8
1997111412,13.7,2.7,0.6,46.6,94.5,1013.9
1997111418,12.6,1.3,0.7,17.9,91.5,1014.8
1997111500,10.9,0,0.4,25,90,1016.3
1997111506,11.5,0,0.2,16.2,83.5,1017.2
1997111512,15.7,0,1.2,83.9,57.5,1016.8
1997111518,12.3,0,0.3,16.2,77.5,1018.5
1997111600,9.7,0,0.5,60.2,87.5,1019.3
1997111606,9.8,0,0.3,4.1,85.5,1019.2
1997111612,15.3,0,1.9,140.3,51.5,1016
1997111618,12,0,0.8,86.3,76.5,1015
1997111700,10.3,0,0.5,25,82.5,1012.7
1997111706,10.6,0,2,25,63,1009.9
1997111712,9.6,0,4.2,353.2,46,1008.7
1997111718,4.8,0,2.8,336.7,41.5,1012.9
1997111800,3.4,0,1.5,340,43.5,1015.5
1997111806,3.5,0,1.9,349.7,42,1018.4
1997111812,7.3,0,2.2,23.2,26,1021
1997111818,3.6,0,0.6,92,33,1024.9
1997111900,0.1,0,0.2,350,46,1027.9
1997111906,1.3,0,0.2,0,59.5,1029.6
1997111912,12.2,0,1.3,296.5,36,1028.4
1997111918,8.8,0,0.5,317.6,50.5,1028.9
1997112000,7.4,0,0.7,350.2,69.5,1028.7
1997112006,8.4,0,0.7,338.3,62,1028.9
1997112012,14.7,0,2.6,138.7,47.5,1027.9
1997112018,10.1,0,1.5,25,58.5,1028.7
1997112100,7.5,0,0.7,357.3,74.5,1027.6
1997112106,8.4,0,0.7,350.2,78,1024.9
1997112112,11.6,1.8,0.9,14.3,89,1020.5
1997112118,12,15.9,1.5,290.2,95.5,1013.3
1997112200,11.1,5.2,3.7,8.1,93,1010.8
1997112206,11.6,0.1,4.3,4.4,81,1012.6
1997112212,13.8,0,4.2,35,58.5,1015.2
1997112218,10.3,0,1.1,344.4,72,1017.8
1997112300,7.4,0,0.6,336.6,91.5,1018.7
1997112306,7.5,0,0.3,353.6,93,1018.8
1997112312,13.8,0,2.2,76.5,60.5,1017.3
1997112318,9.3,0,0.6,11.4,67,1019.4
1997112400,5,0,0.5,356.4,86.5,1021.3
1997112406,5,0,0.3,305,88,1023.5
1997112412,16.1,0,2,207.9,47,1022.8
1997112418,11.7,0,0.7,334.2,71,1022.7
1997112500,10.5,0,0.9,340,86,1021
1997112506,13.7,4.7,3,205,95.5,1018.7
1997112512,14.7,41.2,5.1,169.8,96,1013.3
1997112518,17,34.2,3.6,203.7,95,1007
1997112600,18.1,0,2.5,268.4,90,1004.3
1997112606,18.1,0.1,1.4,329.3,84.5,1003.3
1997112612,19.2,0,3.8,343.3,50,1005
1997112618,14.8,0,3.2,323.3,55,1012.5
1997112700,10.6,0,2.8,345.8,56.5,1017.6
1997112706,7.7,0,2.5,28.5,58.5,1024.4
1997112712,12.2,0,1.6,97.5,45,1026.3
1997112718,10.3,0,1.2,15.7,53,1029.3
1997112800,8.9,0,0.7,7.7,69,1029.3
1997112806,11.3,0,1.6,22.4,80.5,1028.3
1997112812,14.8,0,4,80,70,1026.2
1997112818,13.8,0.2,3.2,53.1,81.5,1022.4
1997112900,13.8,3.9,2.1,65.6,95,1016.8
1997112906,12.2,11,2.2,0,95,1012.2
1997112912,12.2,7.2,1.7,346.6,95,1010.1
1997112918,11.6,0.3,2.6,38.2,89.5,1014.9
1997113000,9.3,0,2.1,46.8,82.5,1020.5
1997113006,8.7,0,1.2,11.3,88.5,1022.8
1997113012,13.5,0,2.5,56.1,54.5,1023.3
1997113018,9.5,0,1,354.2,67.5,1024.8
1997120100,7.1,0,1.5,359.9,75.5,1025.1
1997120106,7,0,1.4,36,54.5,1024.4
1997120112,8.4,0,2.6,356.7,36.5,1024.1
1997120118,4.6,0,2.5,336.6,35,1024.4
1997120200,0,0,3.9,353.4,43.5,1024.7
1997120206,-1.8,0,4,336.7,40,1027.6
1997120212,1,0,5,326.6,24.5,1027.5
1997120218,-2.1,0,3.3,323.3,28.5,1030.1
1997120300,-4.6,0,2.7,322.3,38,1032.2
1997120306,-5.1,0,2.1,15.9,39,1034.6
1997120312,0.9,0,1.8,76.2,20.5,1033.8
1997120318,-1.6,0,0.6,289.1,28.5,1034
1997120400,-4.4,0,0.4,350.2,40,1034.2
1997120406,-2.8,0,0.5,299.2,40.5,1034.7
1997120412,7.6,0,1.5,348.2,19.5,1033.3
1997120418,2,0,0.8,326.9,27.5,1033.6
1997120500,-1.6,0,1.1,307.1,45,1033.9
1997120506,0,0,0.5,301.9,58,1034.4
1997120512,11.2,0,0.9,183.1,22.5,1032.4
1997120518,5.7,0,0.3,35,54,1033.2
1997120600,3.8,0,0.2,350,66,1031.7
1997120606,4.8,2.4,0.3,319.9,81,1028.8
1997120612,7.5,20.4,0.4,308.1,97,1022.5
1997120618,10.1,20.7,1.1,333,97,1015.9
1997120700,10.4,1,0.4,19.5,96,1013.8
1997120706,10.7,3.8,0.3,324.9,96,1012.7
1997120712,10.7,4.1,0.6,70.5,97,1013.7
1997120718,8.8,0.5,0.9,18.9,90.5,1016.6
1997120800,7.2,0.1,0.8,323.3,89.5,1018
1997120806,7.4,0.9,0.7,344.2,90,1017.3
1997120812,9.4,0,2,317.8,63.5,1014.3
1997120818,3.8,0,2.3,305,50.5,1017.8
1997120900,1.7,0,0.8,333.4,49.5,1020.4
1997120906,2.1,0,1.8,328.5,53.5,1021.5
1997120912,4.2,0,4.2,333.4,36.5,1020.9
1997120918,0,0,1.9,343.3,37.5,1023
1997121000,-3.1,0,0.9,320.5,44.5,1023.6
1997121006,-3.2,0,2.7,343.4,47.5,1024.4
1997121012,0.1,0,2.7,323.1,32.5,1024.5
1997121018,-2.8,0,0.5,336.6,40.5,1024.2
1997121100,-4.8,0,0.6,0.3,58.5,1023.8
1997121106,-2.7,0,1.4,324.9,75.5,1019.8
1997121112,1.6,0.3,4.5,1.3,47,1018.2
1997121118,-1.4,0,1.7,350,42,1024.2
1997121200,-4,0,1,332.1,52,1025.8
1997121206,-1.1,0,2,340,52.5,1025.5
1997121212,3.5,0,4.5,333.2,36,1023.8
1997121218,1.5,0,1.1,356.7,46,1024.9
1997121300,-0.8,0,0.5,340,67,1025.6
1997121306,0,0,0.6,299.2,83.5,1026.5
1997121312,7.6,0,2.2,332.2,40,1025.6
1997121318,3.7,0,1.8,299.9,54,1026
1997121400,0.5,0,0.8,305,63.5,1026
1997121406,1.4,0,1.4,291.5,73.5,1025.9
1997121412,8.8,0,2.1,348.4,37.5,1023.2
1997121418,4.1,0,0.6,330.5,56.5,1023.7
1997121500,3.9,0,0.7,332.7,70.5,1021.7
1997121506,4.5,0,0.7,13.1,81,1022.2
1997121512,10.7,0,3.3,19.8,24.5,1023.2
1997121518,5.9,0,1.9,29.1,23.5,1024.9
1997121600,3,0,1.2,73.1,39,1025.1
1997121606,2.9,0,0.9,308.6,54,1025.6
1997121612,8.9,0,1.5,63.4,33,1023.5
1997121618,6,0,0.2,354.3,36,1022.2
1997121700,5.3,0,0.8,16.2,50.5,1020
1997121706,6.4,0,1,303.6,58,1017.2
1997121712,9.6,0,2,50,50,1013
1997121718,5.8,0.8,1.9,38.4,77,1013.8
1997121800,5.8,0,3.4,25.5,64.5,1014.7
1997121806,7.5,0,2.3,319.5,63.5,1016.5
1997121812,13.1,0,2.6,340,41.5,1016.2
1997121818,8,0,0.6,340,58.5,1018.1
1997121900,3.2,0,0.2,346.9,85.5,1018.6
1997121906,3.9,0,0.2,346.9,91,1019.2
1997121912,15.1,0,3.6,285,40.5,1017.9
1997121918,13,0,1.5,303,58,1018.7
1997122000,7.8,0,0.3,335.9,80.5,1019
1997122006,7.1,0,0.3,346.9,88.5,1020.6
1997122012,14.5,0,3.3,87.6,50.5,1020.5
1997122018,9.5,0,1.4,21.2,76,1022.5
1997122100,6.8,0,0.4,335.5,92.5,1023.4
1997122106,8.8,0,3,37.8,89.5,1025.6
1997122112,8.4,0.4,3.1,90.3,85,1028.4
1997122118,6.8,0.1,3,29.3,86,1030.9
1997122200,6.1,1.3,1.6,43.8,87.5,1031.2
1997122206,6.3,1,1.1,10.2,85,1031.1
1997122212,8.2,0,2.4,61.9,68.5,1028.9
1997122218,6.7,0,1.3,0,74,1028.2
1997122300,5.4,0,1.2,3.3,85,1027.1
1997122306,6,1.9,2,6.6,89.5,1026.8
1997122312,7.3,2.7,2.8,23.2,86.5,1026.2
1997122318,5.5,0.4,3.2,353.2,81.5,1027.2
1997122400,4.9,0,3.3,13.4,71.5,1026.8
1997122406,5.3,0,3.5,6.6,69.5,1026.8
1997122412,9,0,3.7,28.5,58.5,1026.2
1997122418,5.9,0,3.2,3.3,74,1027.1
1997122500,5.7,0,0.9,6.6,71.5,1027.6
1997122506,6.8,0,0.9,346.8,68.5,1028.2
1997122512,10.6,0,1.7,6.6,58,1027.9
1997122518,7.3,0,0.7,350.2,72.5,1028.5
1997122600,4.5,0,0.1,0,89.5,1028
1997122606,4.9,0,0.2,0,94,1026.9
1997122612,13,0,2.2,150,54,1024
1997122618,8.2,0,0.4,30.6,73,1024.3
1997122700,3.9,0,0.1,0,88.5,1024.4
1997122706,4.5,0,0.8,353.5,77.5,1025.8
1997122712,11.2,0,3.9,323.5,41.5,1024.4
1997122718,7.1,0,1.1,339.5,53,1025.5
1997122800,4.3,0,1.2,353.5,78,1025.8
1997122806,4.5,0,2.1,6.6,60,1027.4
1997122812,9.8,0,2.7,6.6,24.5,1026.7
1997122818,5,0,2,11.3,24,1027.7
1997122900,1.3,0,0.5,333.3,32,1028.5
1997122906,0.7,0,1,280.2,42.5,1027.8
1997122912,7.3,0,1,45.4,33,1023.3
1997122918,5.9,0,0.8,6.3,40.5,1020.8
1997123000,3.4,0,2.6,0.9,38,1018.3
1997123006,2.9,0,2.7,13.6,32.5,1018.1
1997123012,7.9,0,4.9,353.4,41,1017.3
1997123018,4.4,0,1,14.3,56.5,1018
1997123100,2,0,2.7,53.5,64,1021
1997123106,1.1,0,1.7,335.6,62.5,1023.3
1997123112,8.8,0,2,321.6,22,1022
1997123118,4.7,0,0.8,297.1,30,1021
1998010100,3.2,0,0.6,321.2,50.5,1019.8
1998010106,3.9,0,0.6,323.1,54,1017.6
1998010112,10.2,0,2.4,328.3,40.5,1015.8
1998010118,5.5,0,1.6,18.9,59.5,1019
1998010200,1.3,0,0.9,287.1,84.5,1022
1998010206,1.1,0,0.3,319,89.5,1023.5
1998010212,9.4,0,0.5,271.3,35.5,1022.4
1998010218,4.9,0,0.1,353.6,33,1023.4
1998010300,0,0,0.1,0,66.5,1023.6
1998010306,1.6,0,0.1,0,73.5,1023.7
1998010312,11.1,0,0.6,284,41,1020
1998010318,7.9,0,0.1,346.9,50,1018.2
1998010400,7.2,0,0.2,357,73,1015
1998010406,4,0,1.9,3.3,41,1017.8
1998010412,2.5,0,2.1,356.7,18.5,1021
1998010418,-0.6,0,0.2,340,18,1024
1998010500,-2.9,0,0.2,0,36.5,1024.4
1998010506,-2.7,0,0,0,61.5,1024.4
1998010512,4.8,0,1,285.2,43,1021.7
1998010518,3.9,0,0.1,350,49.5,1020.1
1998010600,2.9,0,0.3,304.7,50.5,1021.4
1998010606,2.5,0,0.6,298.4,55.5,1024.1
1998010612,6.1,0,1,325.7,37,1025.8
1998010618,2.9,0,0,0,40,1028.1
1998010700,1.2,0,0.2,0,57,1029.7
1998010706,2.2,0,0.4,18.4,55.5,1029.1
1998010712,5.9,0,0.3,39.9,41.5,1026.3
1998010718,3.9,0,0.4,4.3,44.5,1025.6
1998010800,1.4,4.9,0,0,97,1021
1998010806,2.3,12.4,0.5,0,96,1015.2
1998010812,5,7.7,3.2,3.3,94.5,1010.9
1998010818,4.7,1.2,4.3,0,88,1013.6
1998010900,3.8,4.5,3.8,0,89,1019.7
1998010906,4.1,0.1,1.4,329.4,87.5,1024.4
1998010912,8.9,0,2.7,49.8,52,1024.5
1998010918,4.6,0,0.7,338,60,1024.9
1998011000,2.3,0,1,360,69,1025.9
1998011006,3.8,0,1.5,356.6,63.5,1025.6
1998011012,9.3,0,2.3,78.4,42,1023.5
1998011018,7.2,0,2.5,349.8,57,1023.5
1998011100,7.4,0,2.8,16.7,66.5,1022.5
1998011106,6.2,0.5,4.1,40.1,88,1021.7
1998011112,5,3.2,3.8,29.9,85.5,1019.7
1998011118,4.8,0.6,3.5,3.3,73.5,1019
1998011200,3.6,0.6,2.6,340,77.5,1020.6
1998011206,4,0,2.3,350,77,1021.2
1998011212,7.3,0,1.9,22.4,58,1022.3
1998011218,3.8,0,1.6,0,74.5,1024.8
1998011300,1.4,0,0.8,2.1,84.5,1026.4
1998011306,1.2,0,1.4,291.3,86,1027.5
1998011312,6.2,0,1.1,20.2,55,1027
1998011318,5.1,0,0.9,306.4,51.5,1026.9
1998011400,5,0,0.9,300.6,59.5,1026.6
1998011406,7.1,0.1,3.4,356.9,73.5,1025.5
1998011412,7.6,3.2,4,10,91,1023
1998011418,7.8,14.7,4.7,26.6,90,1020.7
1998011500,7.5,29.5,7,53.3,90.5,1016.5
1998011506,5.5,21,5.3,56.9,90,1014
1998011512,4.5,7.7,4.5,10,90.5,1013.8
1998011518,3.3,1.1,3.8,340,85.5,1016.2
1998011600,2.6,0,4,340,79,1019
1998011606,2.8,0,3.2,346.6,85,1021.6
1998011612,6.5,0,3.8,13.4,58.5,1023.5
1998011618,3.6,0,1.3,313.7,64.5,1025.6
1998011700,1.3,0,0.8,323.1,89,1025.3
1998011706,2.8,0,1.2,265.5,92,1024.1
1998011712,8.8,0,1.8,332.7,75,1018.8
1998011718,6.9,3.3,2.2,308.7,94,1015.7
1998011800,5.3,2.8,2.2,302.9,95,1012.5
1998011806,4.2,0.5,4.2,301.8,82,1012.2
1998011812,4.1,0,4.6,290,20,1012.6
1998011818,-1.8,0,4.4,290,25,1016.3
1998011900,-5.7,0,2.8,313.4,34,1020.7
1998011906,-6.6,0,2.9,291.6,43.5,1024.2
1998011912,-2.2,0,4.2,286.7,27,1023.5
1998011918,-3.8,0,2.1,310.1,27.5,1025.5
1998012000,-6.1,0,0.7,302.7,42,1027.2
1998012006,-5.1,0,1.5,272.4,65.5,1026.4
1998012012,3.3,0,4.7,259.8,39,1021.8
1998012018,2.5,0,4,283.9,45.5,1020.7
1998012100,1.2,0,2.7,311.3,47,1021.7
1998012106,-0.3,0,1.6,358.8,51.5,1023.9
1998012112,2.9,0,3.6,276.3,43.5,1025.1
1998012118,-0.1,0,1.7,350,42.5,1026.2
1998012200,-2.6,0,1,308.9,50.5,1027.6
1998012206,-2.5,0,0.7,339.6,68.5,1027.3
1998012212,4.7,0,3.1,265.1,45.5,1024.3
1998012218,2.3,0,0.6,344.5,58.5,1022.4
1998012300,1.6,0,1.2,0.9,62.5,1021.1
1998012306,0.2,0,3,334.3,59.5,1020.8
1998012312,1.4,0,4.8,280,28.5,1019
1998012318,-1.9,0,2.5,305,25.5,1020
1998012400,-4.9,0,3,310.4,45,1020.8
1998012406,-7.7,0,5.1,296.6,47,1022.1
1998012412,-4.2,0,4.5,288.2,32.5,1023.3
1998012418,-5.6,0,3.8,325,28,1025.9
1998012500,-7.4,0,3.5,356.8,39.5,1028.3
1998012506,-4.9,0,3,299.7,51,1027.4
1998012512,3,0,3.7,305,33,1025.1
1998012518,0.3,0,2.3,350.4,39,1024.4
1998012600,-2.7,0,0.8,355,60.5,1025.8
1998012606,-1.6,0,1.6,243.6,68.5,1025.2
1998012612,5,0,3.6,315,37,1024.4
1998012618,1.2,0,2.3,351.6,45,1026.4
1998012700,-0.9,0,3.2,331.9,32.5,1028.6
1998012706,-0.9,0,3,335,39.5,1029.9
1998012712,3.3,0,3.3,321.8,24,1029.4
1998012718,1.7,0,2.6,296.2,26.5,1029.6
1998012800,-0.1,0,3.2,338,27.5,1029.1
1998012806,-1,0,3,353.4,34,1028.7
1998012812,3.9,0,3.4,350.2,19,1027.6
1998012818,0.5,0,2.6,353.4,17,1029.5
1998012900,-3.3,0,2.7,11.2,29,1031.5
1998012906,-3.4,0,1.4,343.1,41.5,1032.4
1998012912,6,0,2.4,336.6,20.5,1030.4
1998012918,1.6,0,1.8,314.7,17.5,1029.7
1998013000,-3.3,0,1.1,313.9,37.5,1029.1
1998013006,-0.8,0,2.2,329.6,47.5,1028.9
1998013012,7.1,0,2.6,18.4,39,1027.3
1998013018,4,0,1.4,305,43.5,1027.2
1998013100,0.2,0,1,281.9,69,1027.8
1998013106,0.7,0,0.7,314.9,76.5,1029.2
1998013112,8.9,0,2.8,296.2,17,1028.2
1998013118,4,0,0.9,289.6,16,1028.8
1998020100,-1.3,0,0.6,267.7,44,1029.4
1998020106,-0.7,0,0.7,269.7,46,1028.9
1998020112,7.7,0,1.1,80,27,1026.9
1998020118,3.7,0,0.9,270,35,1027.1
1998020200,-1.5,0,0.9,281.3,49,1026.3
1998020206,0.2,0,1,250.3,47.5,1025.4
1998020212,9.2,0,1.7,1.3,22,1024.2
1998020218,4.3,0,1,282.2,26,1023.9
1998020300,0.5,0,1,342.7,46,1023.1
1998020306,2.1,0,0.6,345.5,52.5,1022.6
1998020312,7.4,0,3.1,325,35,1020.5
1998020318,4.3,0,2,336.3,42,1023
1998020400,2.2,0,1.8,333.2,53,1024.6
1998020406,1.8,0,2.7,13.7,69.5,1025.7
1998020412,5,0,2.8,19.7,72,1024.8
1998020418,2,0,1.3,357.1,80,1024.3
1998020500,0,0,2.7,346.6,67,1024.4
1998020506,0.9,0,3,339.1,43.5,1023.8
1998020512,7.3,0,3.4,353.2,16.5,1021.9
1998020518,3.4,0,2.1,332.2,23,1022.7
1998020600,1.8,0,2.3,327.8,33.5,1022.8
1998020606,2.9,0,2.7,324.5,47.5,1022.5
1998020612,10.4,0,2.8,7.9,27,1020.2
1998020618,5.9,0,1.2,321.3,31,1020.5
1998020700,1.8,0,1.3,259.8,50,1020.4
1998020706,2.2,0,1.2,256.8,61,1018.5
1998020712,9.9,0,3.6,218.9,33,1014.5
1998020718,6.8,0,2.5,227.6,41.5,1012
1998020800,3.4,0,4.4,228.7,42,1010.8
1998020806,-0.2,0.7,4.9,307.7,49.5,1011.9
1998020812,2.3,0,6.7,323.5,23.5,1012.7
1998020818,-0.4,0,1.7,26.2,26,1016.7
1998020900,-3,0,1.2,346.8,33.5,1021
1998020906,-1.8,0,1.1,328.4,47,1022.4
1998020912,5.8,0,2,165.3,22,1019.4
1998020918,2.9,0.3,1.1,351.4,56,1015.7
1998021000,1.3,0.1,2.8,322.3,89,1014.5
1998021006,0.7,0,3.9,336.6,64.5,1021.1
1998021012,5.9,0,2.8,3.3,39,1023.8
1998021018,2.5,0,1,320.1,30,1024.2
1998021100,-2.3,0,1.4,310.1,50,1023.8
1998021106,-0.4,0,0.4,346.4,60,1023.1
1998021112,11.6,0,4.5,243.2,30,1019.6
1998021118,9.5,0,2.2,234.4,54.5,1016.9
1998021200,11.4,0.8,2.2,253.3,85.5,1014.2
1998021206,15,0,3.4,296.6,77.5,1012
1998021212,20.5,0,3.6,349.5,25.5,1013.8
1998021218,14.3,0,2,49.7,26.5,1016.9
1998021300,6.7,0,1.3,317.2,47,1019.8
1998021306,6.4,0,0.7,304.3,55.5,1021.2
1998021312,15.9,0,2.5,125,47.5,1017.8
1998021318,12.5,0,1,56.9,80,1015.3
1998021400,9.3,3.2,2.8,80.2,87,1011.8
1998021406,7.1,0,3.2,46.3,76,1014.6
1998021412,8.3,0,4.9,83.4,51,1017.4
1998021418,5.9,0.5,2.6,38.2,77.5,1017
1998021500,4.8,4.9,2.1,40.1,95,1016.9
1998021506,5.2,0.2,1.7,52.9,91,1018.7
1998021512,8.1,0,2.1,109.7,68.5,1019.2
1998021518,6.6,0,0.7,55.3,75.5,1020.5
1998021600,4.5,0,1,340,79,1022.2
1998021606,3.9,0,1.3,64.9,68,1023.5
1998021612,10.5,0,2.3,109,33.5,1022.5
1998021618,6.5,0,0.8,359.9,53.5,1023.4
1998021700,2.3,0,1,7.9,69,1025.9
1998021706,5.1,0,2.9,48.4,73.5,1030
1998021712,7.8,0,4.9,99.3,42.5,1033.3
1998021718,5.3,0,3,59.8,51,1035.5
1998021800,3.2,0,1.1,31,60.5,1037.6
1998021806,4.3,0,1,4.7,70,1036.8
1998021812,8.3,0,3.6,94.7,58,1035.4
1998021818,6.3,0,1.4,22.5,71.5,1035
1998021900,4.5,0,0.6,336.6,84.5,1033.3
1998021906,6.3,0,0.5,342.8,88,1030.7
1998021912,12,0,2.6,70,67.5,1026.8
1998021918,11.1,1.3,2.7,72.5,82,1022.7
1998022000,12.2,19.9,2.5,100,97,1017.6
1998022006,12.1,21.9,4,106.1,97.5,1012.6
1998022012,11.6,6.1,4.4,56.6,93,1010.9
1998022018,9.1,0.5,4.7,48.4,87,1013.9
1998022100,7.5,0,6.1,70,74,1017.8
1998022106,7.2,0,6.3,76.6,62.5,1022.5
1998022112,6.2,0,6.8,83.4,61,1025.4
1998022118,5.7,0,5.5,83.6,60,1028.1
1998022200,5.5,0,4.9,86.7,58.5,1028.8
1998022206,5.9,0,4.8,90,56,1030
1998022212,7,0,5.1,90,55,1029.3
1998022218,5.8,0,3.1,60,58,1028.6
1998022300,5.8,0,2.5,29.9,59.5,1027.3
1998022306,6.8,0,2.2,48.4,62,1026.1
1998022312,9.1,0,2.5,101.5,66.5,1023.9
1998022318,7.8,1.7,2.6,60,80.5,1022.5
1998022400,7.5,6,3.8,48.4,91.5,1020.5
1998022406,7.5,3.8,5,56.6,90.5,1019.5
1998022412,7.9,8.6,5.2,70,89,1019.2
1998022418,7,1.1,4.7,66.7,83.5,1019.4
1998022500,6.1,0,4,50,73,1018.6
1998022506,6,0,4.3,45.1,74,1018.5
1998022512,7.6,0,3.8,53.3,65.5,1017.4
1998022518,6.3,0,2.1,11.2,66.5,1018
1998022600,3,0,1.1,349.8,83.5,1017.9
1998022606,3.4,0,0.5,310.5,92,1018.5
1998022612,11.2,0,2.8,167.4,51.5,1017.8
1998022618,8.4,0,1,279.5,74.5,1017.7
1998022700,4.7,0,0.5,346.4,94,1018.5
1998022706,5.7,0,1.2,329.6,77.5,1019
1998022712,14,0,3.8,202.4,35,1015.5
1998022718,10.2,0,0.9,340,44.5,1014.9
1998022800,6.2,0,3.2,7.7,57.5,1015.5
1998022806,5.5,0,4.1,353.2,50.5,1015.8
1998022812,8,0,5.8,353.4,44.5,1015.5
1998022818,7.1,0,4.7,24.9,48.5,1017.7
1998030100,3.7,0,2.9,50,53.5,1020.9
1998030106,4.7,0,2.9,42.3,55.5,1023.7
1998030112,10.7,0,3.6,66.6,37,1023.3
1998030118,6.8,0,1,4.7,58.5,1024.1
1998030200,3,0,0.2,350.2,85.5,1024.3
1998030206,3.9,0,0.9,326.2,82,1025.1
1998030212,13.6,0,3,150,31,1022.2
1998030218,9.2,0,1,347.4,56,1021.9
1998030300,4.2,0,1,337.6,55,1023
1998030306,6.7,0,2.2,29.4,54.5,1023.8
1998030312,14.9,0,2.7,187.9,25.5,1021.7
1998030318,11.5,0,1.5,349.8,44.5,1021.9
1998030400,8.6,0,2,43.4,49.5,1022.8
1998030406,8.9,0,1.9,17,51,1023.5
1998030412,12.4,0,5.5,110,48.5,1023.7
1998030418,9.9,0,4,93.3,63,1024.2
1998030500,8.4,0,3.2,66.6,62.5,1022.3
1998030506,8.6,0,3.8,69.1,61,1021.2
1998030512,11.9,0,4.9,125,45.5,1019.1
1998030518,8.1,0,1.8,30.4,63.5,1019.4
1998030600,4,0,0.6,325.7,86.5,1019.6
1998030606,6,0,0.1,0,88,1019.1
1998030612,16.6,0,4.1,317.6,30.5,1015.8
1998030618,13.1,0,2.1,15,26,1016
1998030700,8.2,0,3.8,62.7,58.5,1020
1998030706,8,0,4.6,72.3,54.5,1024.3
1998030712,9.7,0,5.2,135.1,39,1026.3
1998030718,6.6,0,2.5,80.2,47,1027.7
1998030800,3,0,0.9,331.6,67,1027.7
1998030806,4.2,0,0.8,295.8,79,1026.8
1998030812,10.8,0,2.9,163.4,40.5,1022.9
1998030818,7.9,0,1.1,324,60,1020.5
1998030900,5.3,0,0.3,359.4,77.5,1018.2
1998030906,7.5,0,1.5,293.8,75.5,1017.6
1998030912,13,0,6.2,93.3,49,1017.4
1998030918,9.1,0,6.5,90,56.5,1021.5
1998031000,6.8,0,6.6,100,56.5,1023.3
1998031006,7.2,0,6.2,111.6,57,1024
1998031012,7.8,0,5.6,106.7,57,1023.9
1998031018,8.1,0,5.6,90,60.5,1022.3
1998031100,7.6,1,4.5,118.5,75,1020.3
1998031106,6.9,9.7,3.3,83.2,94.5,1016.8
1998031112,7.8,3.8,4.1,24.9,95,1012.6
1998031118,6.7,0.6,3.9,35,86.5,1010.5
1998031200,6.1,0,1,26.2,84.5,1010
1998031206,6.8,0,2.6,6.5,79.5,1009.2
1998031212,10.6,0,5.3,350,41,1007.5
1998031218,8.4,0,1.6,328.5,37.5,1007.9
1998031300,5.8,0,0.9,32.6,53.5,1008.8
1998031306,7.6,0,0.7,242.9,58.5,1008.8
1998031312,15.5,0,4.1,331.1,18.5,1007.3
1998031318,12.2,0,2,293.7,28.5,1007
1998031400,9.9,0,3.6,284.2,44.5,1007.4
1998031406,11,0,5.6,318.4,49,1007.2
1998031412,15.4,0,5.7,318.4,21.5,1006
1998031418,9.5,0,4.8,325,34,1006.9
1998031500,1.9,0,7.7,353.2,42.5,1011.8
1998031506,1.3,0,5.1,6.6,33.5,1019.1
1998031512,8.3,0,3.9,341.9,19.5,1019.2
1998031518,7.5,0,1.4,356.8,25.5,1016.9
1998031600,5.1,0,2.8,19.7,36,1018.6
1998031606,6.6,0,3,0.9,34,1019.2
1998031612,12.8,0,3.2,43.2,19,1018.5
1998031618,8.6,0,1.5,294.7,37,1019.8
1998031700,3.3,0,0.5,343.4,59.5,1022.3
1998031706,6.2,0,1.2,283.8,66,1023.7
1998031712,12.1,0,4.7,83.4,54,1024.5
1998031718,9,0,2.5,65.6,70.5,1027.4
1998031800,5.8,0,0.5,350.2,81.5,1029.1
1998031806,7,0,0.5,349.3,87,1029.6
1998031812,13.7,0,4.8,163.4,53,1027.4
1998031818,11.2,0,3.4,228.4,67,1025.2
1998031900,11.8,0,2.9,245,72,1021.4
1998031906,15.2,0,6.5,233.3,77.5,1016.5
1998031912,15.1,1.2,9.5,228.4,84,1010.8
1998031918,15.4,7.2,5.7,233.3,93.5,1004.9
1998032000,7.9,14.7,5.2,7.7,75.5,1003.5
1998032006,3.3,0,5.1,7.9,34.5,1012.7
1998032012,3.4,0,3.3,353.4,29,1017.7
1998032018,3.3,0,3.4,4.4,25.5,1019.5
1998032100,1.1,0,2.2,11.2,37,1020.5
1998032106,2.1,0,2.3,8.9,46.5,1022
1998032112,8.7,0,2.6,13.3,27.5,1019.8
1998032118,5.7,0,3.1,6.6,24.5,1020.7
1998032200,2.3,0,3.5,3.4,34.5,1022.5
1998032206,3.2,0,4.2,343.4,38.5,1025.4
1998032212,8.8,0,3.9,33,22.5,1026.3
1998032218,6.5,0,3.4,10,23.5,1027.8
1998032300,3.3,0,3,15,29.5,1029.2
1998032306,5.2,0,3.4,345.9,34,1030.6
1998032312,10.6,0,3.1,142.7,27.5,1027.3
1998032318,8.5,0,2,303.4,45.5,1024.6
1998032400,6.8,0,3,19.7,38,1023.9
1998032406,7.6,0,2.9,6.6,32.5,1025.5
1998032412,13.3,0,3.4,240,22,1021.8
1998032418,11,0,1.1,309.5,39,1019.3
1998032500,9.8,0,2.3,339.6,39,1020.4
1998032506,11.1,0,3.7,31.9,33,1021.2
1998032512,16.1,0,3.9,55.9,16,1021.2
1998032518,11.7,0,1.1,279.8,37,1023.6
1998032600,8.4,0,0.5,333.1,56.5,1025.5
1998032606,9.6,0,0.4,321,63.5,1026.4
1998032612,13.4,0,3.7,220.1,49.5,1024.2
1998032618,9.4,1.7,1.5,301.9,78.5,1021.5
1998032700,8.2,8.7,0.4,4.4,97,1016.8
1998032706,10.1,3,1.9,29.1,93.5,1015.8
1998032712,14.5,0,2.5,12.4,52,1016.9
1998032718,12.6,0,1.1,7.9,58.5,1017.7
1998032800,8.8,0,1.6,331.4,70.5,1019.3
1998032806,10.3,0,1,285.8,73,1020.1
1998032812,19.2,0,2.5,129.2,37.5,1019.2
1998032818,14.4,0,0.8,14.7,53,1019.5
1998032900,10,0,0.5,312.6,64.5,1021.7
1998032906,12.2,0,0.6,298.4,65,1023.2
1998032912,21.3,0,3.2,95.2,29,1022
1998032918,15.9,0,1,25,50.5,1021.7
1998033000,13,0,1.8,302.3,49,1022
1998033006,14.1,0,1,291.2,56.5,1021.5
1998033012,20.6,0,4.3,140.3,41,1020.2
1998033018,14.1,0,1.7,24.4,64,1018.8
1998033100,10,0,0.8,302.9,88.5,1019.2
1998033106,12.7,0,2.6,58.7,55,1020.5
1998033112,14.6,0,5.3,110.2,55,1019.9
1998033118,11.7,0,1.8,90,75.5,1020
1998040100,10.9,7.2,3.5,121.1,88.5,1019.2
1998040106,8.2,17.6,6.3,110,93,1017.6
1998040112,7,17.6,5.5,93.9,94,1014.8
1998040118,5.7,11.9,5.8,73.4,93,1014.4
1998040200,4.8,3.1,3.9,32.9,95,1016.5
1998040206,5.3,0.1,4.7,24.9,84.5,1020.2
1998040212,8.9,0,2.3,2,52,1021.3
1998040218,7.5,0,0.8,5.9,67.5,1022.1
1998040300,3.2,0,0.5,328.3,94.5,1023.3
1998040306,5.7,0,0.9,19.6,84,1024.6
1998040312,14.1,0,3.5,166.3,29.5,1024.2
1998040318,10.9,0,1.3,315,59.5,1024.3
1998040400,6.6,0,0.3,7.7,80,1024.9
1998040406,9.3,0,0.8,9.3,80,1025.4
1998040412,20.2,0,3.9,252.7,20,1023.3
1998040418,16.5,0,3.7,263.9,51,1023
1998040500,13,0,1.3,27,78.5,1024.2
1998040506,12.8,0,0.3,353.5,92,1023.7
1998040512,15.3,3.2,2.4,128.1,93,1021.5
1998040518,14,15.6,2.2,64.9,97,1019
1998040600,13.2,4.1,2.7,53.3,94.5,1017.7
1998040606,13.3,1.7,3.2,56.6,94,1018.8
1998040612,13.1,0,3.5,63.4,89.5,1019.3
1998040618,12.2,0,1.6,23.2,70,1019.4
1998040700,8.2,0,0.4,323,84.5,1018.6
1998040706,10.1,0,0.7,270,84,1018.1
1998040712,17.4,0,3.5,156.6,52,1015.3
1998040718,13.9,0,1.2,93.9,77.5,1014.5
1998040800,12.7,0.1,0.5,21.3,89.5,1013.8
1998040806,12.6,1,0.2,345.6,94,1013.5
1998040812,15.2,0,1.1,74.3,63.5,1013.8
1998040818,14.4,0,2,93.4,70.5,1013.2
1998040900,13.1,0,1.4,38.2,86,1013.6
1998040906,13.5,0,2.4,70,83.5,1013.7
1998040912,15,0,2.7,52.3,74,1014.7
1998040918,13.6,0,1,56.9,79,1015.7
1998041000,11.1,0,0.4,355.3,91,1016.8
1998041006,12,0,1.2,267.6,89,1017.5
1998041012,20.4,0,4,104.2,47.5,1016
1998041018,17.3,0,1.5,11.5,72.5,1015.5
1998041100,14.5,0,2.3,321.8,78.5,1016.3
1998041106,16.8,0,1.6,274.9,77,1017.4
1998041112,23.4,0,3.7,160,42,1016.7
1998041118,16.2,0,1.9,42.8,77.5,1017.4
1998041200,12.8,0,0.9,39.6,94,1017.4
1998041206,14.1,4.7,0.4,337.1,94.5,1014.2
1998041212,17.3,23.9,1.9,45.3,96.5,1010
1998041218,21.3,9.7,5.8,228.4,88,1005.7
1998041300,20.2,6.9,4.5,228.4,89.5,1004.4
1998041306,19.4,0.4,2,218.2,95,1003.2
1998041312,16.5,0,3.2,66.6,92,1004.2
1998041318,14,0,0.7,56.1,93.5,1008.7
1998041400,13.6,0,0.6,40.1,92,1010.8
1998041406,14.5,0,1,215,92,1011.6
1998041412,17.4,0,3.4,103.9,73.5,1011.3
1998041418,14.7,0,2,47.4,81,1011.8
1998041500,13.4,0,1.4,37.2,82,1012.7
1998041506,13.1,1.3,1.9,349.2,82,1014.5
1998041512,14.5,0,3.2,113.2,69.5,1015.6
1998041518,13.1,0,2.2,67.2,70,1016.9
1998041600,12.2,0,0.6,28.4,78.5,1017.6
1998041606,13.1,0,1.7,102.3,83,1017.7
1998041612,15.9,0,3.6,138.4,64.5,1016.8
1998041618,13.6,0,2.1,86.6,77,1016.1
1998041700,11.3,0,0.5,346.9,86,1014.9
1998041706,13.2,0,1.8,61.4,80.5,1013.8
1998041712,14.9,5.2,2.7,86.3,74.5,1012.5
1998041718,12.6,0,1.3,58.5,89.5,1012.5
1998041800,11.9,9.8,1.6,354.3,89,1012.5
1998041806,13,7.9,1.9,20.2,92,1013.8
1998041812,18.9,0,2.6,103.8,50.5,1013.3
1998041818,15.1,0,1.1,55,77.5,1014.6
1998041900,11.7,0,0.1,11.4,93,1015.2
1998041906,14.8,0,0.8,295,83,1016.7
1998041912,23.2,0,3.2,95.5,34.5,1015.9
1998041918,19,0,0.7,14.7,55,1017.3
1998042000,15,0,0.6,340,70,1019.3
1998042006,17.6,0,0.6,314.9,75,1020.2
1998042012,25.9,0,3.2,75.1,41.5,1018.8
1998042018,22.4,0,3.7,259.7,51,1019.2
1998042100,18.9,0,1.2,6.8,67.5,1020.3
1998042106,20.1,0,3.6,241.7,69.5,1020.8
1998042112,23.2,0,5.4,266.7,57,1018.8
1998042118,19.8,0,3.5,256.8,79.5,1018.2
1998042200,18.8,0.1,0.8,302.3,89.5,1016.6
1998042206,18.8,0.5,1.2,149.3,95.5,1015.7
1998042212,20.3,0,2.7,183.3,88.5,1014
1998042218,19.3,6.7,1.9,155.3,95,1012.2
1998042300,18.8,6.5,0.9,33.8,95.5,1010.9
1998042306,19.3,13.7,1.2,21.1,96,1008.7
1998042312,23.3,0.3,2.2,28.8,81.5,1006.6
1998042318,20.4,0,1.4,51.1,84,1006.2
1998042400,19,0,0.6,340.5,92.5,1005.9
1998042406,21.8,0,0.9,346.1,86.5,1005.3
1998042412,26.3,0,3.2,20,58.5,1003.7
1998042418,20.5,0,2.1,44.4,85.5,1003.7
1998042500,15,0,4.1,76.8,87,1007.5
1998042506,12.5,1.2,3,63.4,84,1010.8
1998042512,14.1,0,4.4,73.4,60,1013.2
1998042518,12.3,0,2.5,20.5,61,1014.7
1998042600,10.9,0,1.8,354.7,75.5,1016.5
1998042606,13,0,1.2,41.3,70.5,1018.2
1998042612,17,0,3.5,112.8,46.5,1018.5
1998042618,13.5,0,1.9,47.2,67,1018.1
1998042700,11.1,0,1.2,0,89,1019.5
1998042706,14.2,0,1.1,329.9,80.5,1020.8
1998042712,20.2,0,3.6,109.7,37,1020.9
1998042718,15.4,0,2.6,10,63.5,1021.4
1998042800,11.3,0,0.8,310,92,1022.3
1998042806,14.7,0,0.8,260.8,85,1022.5
1998042812,22.4,0,4.1,121.6,40,1019.2
1998042818,18.7,0,1,352.3,78,1017.5
1998042900,16.8,0,0.7,20.7,84,1019.2
1998042906,19.6,0,2.3,70.8,78.5,1020.5
1998042912,21.8,0,5,93.4,51.5,1021.2
1998042918,16.8,0,2.5,46.9,64,1022.8
1998043000,14.2,0,1.3,8.7,87.5,1023
1998043006,17,0,3.2,63.4,78,1023.9
1998043012,21,0,5,90,38,1023.6
1998043018,18.3,0,2.8,70,29.5,1022.7
1998050100,15.9,3.2,1.5,49.1,48,1021.5
1998050106,14.4,4,1.2,339.6,95.5,1019.2
1998050112,17.6,4.6,0.9,109.6,95.5,1016.1
1998050118,20.4,0.1,4.3,184.6,85,1012.9
1998050200,21,11.2,7.2,220.1,94,1009.4
1998050206,21.7,22.5,8.3,204.9,94.5,1004.6
1998050212,24.1,0.1,5.9,240,85,1000.8
1998050218,21.9,0,2.5,224.2,80,1001.6
1998050300,16.1,0,1.5,77.2,91,1007
1998050306,15.5,0,3.8,46.3,84,1012.2
1998050312,16.6,0,4,66.6,63,1016.1
1998050318,13.9,0,2.7,34.2,74.5,1018.9
1998050400,11,0,0.8,336.6,87.5,1019.8
1998050406,14.4,0,2.9,180,79.5,1021.1
1998050412,18.2,0,5.6,70,42,1021.2
1998050418,14.5,0,2.4,34,55.5,1021.2
1998050500,10.7,0,0.3,346.9,82.5,1021.7
1998050506,14.1,0,1,19.5,82,1021.4
1998050512,21.5,0,2.7,94.4,55,1019.8
1998050518,18,0,1.6,62.5,70,1020.5
1998050600,13.9,0,0.2,26.6,94.5,1020.8
1998050606,17.1,0,0.7,64.5,85.5,1020.7
1998050612,25.7,0,3.2,151.1,53,1018.3
1998050618,21.3,0,1.5,31.9,79,1018
1998050700,20.2,0,0.2,20.8,91.5,1018
1998050706,23,0,1.7,256.6,86,1017
1998050712,26.2,0,4.3,250,71,1015.7
1998050718,24,0,2.3,215.5,77,1013.8
1998050800,21.5,0,1.5,12.6,89,1013.2
1998050806,19.1,0.3,1.8,63.4,79,1014.9
1998050812,19.1,0,3.5,104.7,72.5,1015.7
1998050818,16.2,0,2.3,70,80.5,1017.7
1998050900,14.4,0,0.5,0.2,81.5,1018.9
1998050906,17.1,0,1,111.6,83.5,1018.5
1998050912,20.4,0,3.8,121.8,62,1016.7
1998050918,18.4,0.2,1.3,49.3,83.5,1015.8
1998051000,16,0.5,1.6,328.3,81,1017
1998051006,16.3,0.7,1.6,335.7,71.5,1018.5
1998051012,17.6,1.8,2.3,52.9,79.5,1020.8
1998051018,15.4,0.7,1,82.8,77,1021.2
1998051100,14.2,1.8,0.5,30.7,92.5,1020.8
1998051106,13.1,6.1,2.9,96.6,87.5,1019.3
1998051112,12.1,6.5,3.2,83.4,89,1017.7
1998051118,12.1,11.4,1.6,338,97,1014.2
1998051200,11.9,26,1.5,328.3,96.5,1010.8
1998051206,13.6,4.4,0.1,0,96,1009.2
1998051212,19.6,0,3.7,246.6,75,1008.2
1998051218,17.2,0,2.4,330.7,62,1010.2
1998051300,13,0,1.1,322.3,81.5,1013.9
1998051306,17,0,3.7,359.5,60.5,1015.2
1998051312,20.9,0,2.2,99.5,41.5,1015.8
1998051318,17.7,0,1.3,118.6,53,1016.1
1998051400,12.8,0,0.2,353.6,87,1017.1
1998051406,16.2,0,0.5,319.6,79.5,1017.1
1998051412,21.9,0,3.3,95.5,30,1016.2
1998051418,18.7,0,1.3,10.4,34,1016.4
1998051500,13.2,0,1,329.8,66.5,1017
1998051506,16.7,0,2.6,36.5,70,1017.6
1998051512,20.9,0,4.8,109.7,41,1016.3
1998051518,18,0,2.8,86.7,57.5,1015.4
1998051600,16.3,8.4,1.3,55.3,87,1014
1998051606,16.4,46.8,1.6,82.2,97,1009.7
1998051612,18.9,1.2,1.2,91.4,94,1007.2
1998051618,19.2,0.1,2.3,160,94,1007
1998051700,18.4,0,1.7,203,95,1007.5
1998051706,19,0,1.3,225,88,1010.2
1998051712,21.9,0,2.7,125,63,1012.6
1998051718,19.9,0,1.4,21.3,75.5,1012.4
1998051800,17.4,0,1.6,335.6,84,1013.5
1998051806,19.1,0,1.6,329.5,78.5,1013.8
1998051812,24.6,0,3.2,119.3,51,1012.9
1998051818,21.2,0,1.4,296.1,63.5,1012.2
1998051900,17,0,0.6,345.3,83,1013.2
1998051906,21.2,0,2.3,23.6,72.5,1014.3
1998051912,26.4,0,3.2,142.7,33,1013.6
1998051918,21.4,0,1.5,97.7,50.5,1014.3
1998052000,15.9,0,0.6,333.1,83.5,1016.2
1998052006,19.1,0,0.6,290.6,79,1017.8
1998052012,25.6,0,3.1,149.8,42.5,1017.2
1998052018,21.5,0,1,38.7,42,1017.8
1998052100,15.4,0,0.4,346.9,77,1019.6
1998052106,19.3,0,1,168.9,72,1020.3
1998052112,26.7,0,3,130.7,21.5,1019.8
1998052118,21.5,0,1.5,21,28,1019
1998052200,14.9,0,1.2,326.4,63.5,1018.5
1998052206,19.5,0,1.2,199.5,68,1018.1
1998052212,27.6,0,3.1,146.4,38.5,1016.7
1998052218,24.1,0,1.5,137.6,51.5,1016.4
1998052300,19,0,1.2,309.2,89.5,1017.5
1998052306,22.2,0,0.8,323.8,73,1017.3
1998052312,26.9,0,3.2,167.2,37,1014.6
1998052318,23.7,0,1.1,78.4,51,1013.3
1998052400,19.8,0,0.4,350.2,80.5,1012.3
1998052406,21.1,0.1,1.1,275.5,84,1009.3
1998052412,24,0.8,2.2,142.3,69.5,1005.5
1998052418,20.6,1.3,0.8,350.3,98,1004.3
1998052500,18.4,1.7,1.5,9.9,94.5,1004.5
1998052506,17.4,0,3.8,80,75.5,1007.2
1998052512,19.3,0,4.6,125,46.5,1008.2
1998052518,17,0,1.5,35,54.5,1009.2
1998052600,13.2,0,0.4,326.4,87,1010.2
1998052606,18.2,0,1.7,350.6,76,1010.5
1998052612,24.8,0,4,128,33.5,1010
1998052618,20.7,0,1.8,208.7,40.5,1010.5
1998052700,15.4,0,0.8,325,78,1012.7
1998052706,20.4,0,1.9,308.7,66.5,1015.6
1998052712,25.8,0,3.2,112,29,1016.1
1998052718,21.2,0,1.6,49.5,50,1016.2
1998052800,15,0,0.2,346.9,91.5,1016.1
1998052806,17.9,0,0.7,32.8,83.5,1015
1998052812,22.3,0,2,225,60.5,1012.2
1998052818,21.1,0,2,295.1,79.5,1010.6
1998052900,17.4,0,0.7,332,95,1010.1
1998052906,19.9,0,0.9,310.4,89.5,1009.5
1998052912,25.5,0,3.2,135.7,53.5,1006.8
1998052918,22.2,0,1,35,66,1006.1
1998053000,18.8,0,2.2,44.2,78,1007.2
1998053006,20.7,0,3.2,11.5,50.5,1010.1
1998053012,26.2,0,3.5,25.3,17.5,1009.5
1998053018,21.2,0,1.6,70.9,58,1010.1
1998053100,14.4,0,0.8,318.7,58,1013.2
1998053106,18.8,0,1.6,23.9,45.5,1015
1998053112,25.5,0,3.3,125,18,1013.9
1998053118,21.4,0,1.5,356,42,1013
1998060100,17.9,0,1,331.8,60,1011.4
1998060106,20.6,0,1.6,295,54.5,1010
1998060112,24.1,0,2.5,325,43,1007.8
1998060118,20.8,0,3.7,266.7,54,1008.8
1998060200,16.6,8,1.9,248.1,85,1008.5
1998060206,15.9,22.7,3.8,101.2,95.5,1004.9
1998060212,17,4.2,3.2,83.4,96,1001.8
1998060218,17.3,0.7,2,58.5,93,1000.3
1998060300,17.2,0.1,0.9,333.4,94,999.8
1998060306,20.1,0,2.2,282.3,85,1000.6
1998060312,23,0,3.6,3.9,46,1000.8
1998060318,19,0,2.8,54,64,1005.4
1998060400,15.7,0,2.6,86.7,78.5,1009.7
1998060406,15.9,0,1.9,63.4,69.5,1013
1998060412,16.8,0,2,56.4,74,1013.7
1998060418,16.4,0,1.8,24.9,81.5,1014
1998060500,15.3,0,1.1,26.6,88.5,1014.6
1998060506,15.9,0,2.1,63.1,90,1015
1998060512,16.6,0,3.8,90.4,80,1014.5
1998060518,15.5,0,2.2,32.9,83,1014.8
1998060600,14.8,0,1.8,14.7,86,1014.4
1998060606,16.1,0,2.9,50.3,83,1015.2
1998060612,17.6,0,4.2,87.2,73.5,1015.6
1998060618,15.6,0,2.6,47.1,60.5,1015.3
1998060700,12.1,0,0.1,357,87,1015.2
1998060706,15.8,0,1,97.6,79.5,1015.2
1998060712,21.3,0,2.9,110.9,47,1013.3
1998060718,18,0,1.6,111.4,51.5,1013.2
1998060800,13.1,0,0.9,323.3,88,1013.6
1998060806,17.7,0,0.6,155,78.5,1013.6
1998060812,22.1,0,3.3,114.9,41,1013.4
1998060818,20.2,0,1.8,206.1,76.5,1013.2
1998060900,19.1,5.8,1.8,207.4,94,1014.2
1998060906,18.8,0.7,1.5,54.4,87.5,1013.9
1998060912,18.7,6,2.8,95.1,94.5,1013
1998060918,18.5,8.9,3.1,90,94,1011.3
1998061000,18.2,2.5,1.8,41.5,95,1010.6
1998061006,19.1,0,2.9,40.1,92.5,1010.8
1998061012,21.4,0,4.2,50,76,1011.4
1998061018,19.7,0,3.1,63.4,76.5,1012.6
1998061100,18.2,0,1.5,22.6,83,1014
1998061106,20.1,0,1.7,47.4,74.5,1014.6
1998061112,22.7,0,3.2,133.5,61.5,1014.2
1998061118,19.9,0,1.8,87.8,73,1013.3
1998061200,16,0,0.6,333.1,94,1013.9
1998061206,18.9,0,1.8,56.5,83.5,1014.5
1998061212,22.4,0,3.5,116.6,61.5,1013.1
1998061218,19.8,3,2.5,80,76.5,1011.2
1998061300,18.5,24.7,3.9,243.4,94,1008.4
1998061306,18.3,24.9,4.9,163.4,94.5,1004.5
1998061312,19.2,3.8,4.5,55,94,1001.4
1998061318,18.8,0.5,3.7,45.1,92.5,1001.5
1998061400,17.8,0.8,2.4,48.4,93,1002
1998061406,18,0.8,3.3,60,90,1001.9
1998061412,19.5,0.1,4.2,51.5,77.5,1003.2
1998061418,17.9,0,1.4,40.4,69,1004.8
1998061500,14.4,0,0.8,332.5,94,1006.3
1998061506,17.4,0,1.1,299.8,87.5,1006.8
1998061512,24,0,3.8,130.9,66.5,1005.8
1998061518,22,0,1.1,78.1,73.5,1005.9
1998061600,18.8,0,0.3,17.3,93,1007
1998061606,19.4,0,0.4,39.3,94.5,1007.3
1998061612,24.5,0,3.3,140,66.5,1006.8
1998061618,21.7,0,1.6,115,71.5,1006.3
1998061700,18.6,0,1,28.8,94,1006.3
1998061706,20.5,0,1.8,84.9,85.5,1007
1998061712,23.7,0,4.2,119.9,64,1006.3
1998061718,20,0,2.7,78.5,77,1007.2
1998061800,17.2,0,1.4,18.2,89,1007.6
1998061806,19.7,0,2,67.2,80.5,1007.9
1998061812,22.6,0,3.3,113.7,65.5,1007.2
1998061818,20.4,0,1.9,86.6,81,1006.3
1998061900,19.5,0,1,52.2,89.5,1004.6
1998061906,19.2,13.1,1.7,3.4,95,1001.9
1998061912,21.2,1.3,1.8,23.9,85,1001.8
1998061918,21,0,0.6,345.9,89.5,1005.3
1998062000,18.6,0,0.6,355.3,95.5,1007.3
1998062006,21.7,0,1.4,277,87.5,1010.2
1998062012,25.1,0,3.6,107.3,59.5,1011
1998062018,22.3,0,1.9,22.8,73,1011.9
1998062100,20.9,0,2.2,80.2,87,1011.7
1998062106,21,0,4.3,90,88.5,1011.1
1998062112,20.9,0,5.2,90,85.5,1011.5
1998062118,20,0,4.6,83.4,82.5,1012
1998062200,19.5,0,4.3,90,81,1013.2
1998062206,19.6,0,5.1,90,74,1014.4
1998062212,21,0,6,90,62,1015.2
1998062218,19.1,0,3.1,58.8,66.5,1015.7
1998062300,18.4,0,3.4,86.7,75,1017
1998062306,19.4,0,4.2,93.3,72.5,1017.1
1998062312,21,0,4.7,111.6,61.5,1016.8
1998062318,19,0,2.9,106.7,74,1015.6
1998062400,18.2,0.3,1,11.5,86.5,1015.3
1998062406,18.2,3.3,1.2,342.4,95,1014.8
1998062412,20.3,5.6,0.8,22,95,1013.3
1998062418,20.1,8.6,0.6,350.3,96,1012.6
1998062500,19.8,22.2,0.6,314.9,96,1013.2
1998062506,20.8,16.1,0.1,350,96,1012.5
1998062512,23.3,40.2,2.3,170.5,96,1011
1998062518,24,10.8,4.7,198.5,94.5,1009.2
1998062600,24.1,2.2,4.3,225.1,88.5,1008.7
1998062606,24.5,14.7,3.8,225.1,94,1007.3
1998062612,27,0.1,6.9,236.6,81.5,1007.2
1998062618,26.2,0,4.1,236.6,80.5,1007.8
1998062700,25.5,0.5,3.7,231.8,87,1008.8
1998062706,24.9,0.8,2,320.8,89,1010.5
1998062712,26.2,2.7,3.3,74.5,89.5,1010.7
1998062718,24.8,1,1.2,115,89.5,1010.8
1998062800,23.2,0.4,0.6,334.8,95.5,1010.5
1998062806,23.7,3,0.8,42.4,95,1009.4
1998062812,25.9,0,2.2,337.1,86,1008.2
1998062818,25.2,0,1.2,336,80.5,1007.9
1998062900,22.6,0,0.6,326.2,93,1008.7
1998062906,25.8,0,0.9,26.4,84.5,1010.2
1998062912,30,0,4.1,111.5,52.5,1009
1998062918,24.4,0,2,35.5,82.5,1008.9
1998063000,22.3,0,0.3,335.5,94,1008.4
1998063006,25,0,0.9,320.1,89,1008.3
1998063012,28,0.4,3.4,240,67,1008.5
1998063018,24.2,3.2,2.8,204.9,95,1008.2
1998070100,24.6,0.4,5.3,200,94.5,1006.4
1998070106,25.4,0.9,5.1,221.3,87.5,1003.8
1998070112,26.5,0,6.3,250,70,1003.8
1998070118,26.2,0,3.6,241.1,68,1005.4
1998070200,22.9,0,0.8,305,86,1008.2
1998070206,25,0,3.2,308.8,85.5,1008.5
1998070212,30.2,0,6,243.4,69.5,1007.5
1998070218,27.5,0,4.1,223.8,73.5,1007.7
1998070300,25.9,0,5.3,240,89,1007.2
1998070306,28.3,0,5.6,243.4,77.5,1007.7
1998070312,31.4,0,5.7,253.4,57.5,1009.4
1998070318,27.8,0,3.6,256.8,74,1011
1998070400,26,0,3.5,215,88,1011.4
1998070406,25.1,0,1.5,80,86,1013.3
1998070412,26.9,6.4,1.8,87.6,84.5,1012.9
1998070418,24.5,1.9,0.7,334.3,96,1012.5
1998070500,23.7,0,0.4,333,96,1012.8
1998070506,25.9,0,1.5,305.5,87.5,1013.7
1998070512,30.5,0,2.6,64.9,59.5,1013.4
1998070518,27.8,0,1.3,30.7,72,1013.4
1998070600,25.9,0,0.8,343.4,86.5,1014.2
1998070606,27.6,0,0.9,333,81,1014.6
1998070612,32.5,0,3.9,97.9,52.5,1013.6
1998070618,28.9,0,3,66.6,62,1013.3
1998070700,25.7,0,2.8,234.4,79,1013.2
1998070706,27.9,0,4.8,245.6,74.5,1012.8
1998070712,31.9,0,6.7,250,56.5,1010.5
1998070718,29,0,5.1,250,67.5,1009.7
1998070800,27.5,0,4.8,250,79,1009.4
1998070806,28.9,0,6.2,260,66.5,1008.9
1998070812,31.4,0,6.1,253.1,60.5,1008
1998070818,28.8,0,5.2,246.7,73,1007.4
1998070900,27,0,2.1,231.2,79,1008
1998070906,29.2,0,3.4,253.4,72.5,1007.8
1998070912,33.4,0,5.6,263.2,53.5,1007.3
1998070918,29.9,0,2.8,241.2,66,1006.8
1998071000,27.2,0,1.6,308.5,82,1007.1
1998071006,29,0,1.4,290.4,73.5,1006.5
1998071012,31.6,0,3.2,256.8,58,1005.5
1998071018,29.3,0,1.5,302,78,1005
1998071100,27.1,0,0.6,350.3,92.5,1004.1
1998071106,26.7,0.2,1.6,107.7,90.5,1004.8
1998071112,24.6,1.5,2,101.9,95.5,1005.8
1998071118,22.6,0.1,1.2,28.7,96.5,1006.5
1998071200,22,0,1.2,7.5,93.5,1008.2
1998071206,22.5,0,2,45.7,91,1009.8
1998071212,24.3,0,2.8,79.8,78.5,1010.8
1998071218,22,0,2,35,84,1011.4
1998071300,20.6,0,2.2,43.4,88,1012.7
1998071306,21.1,0,2.8,45.1,85,1014
1998071312,23.4,0,3,66.6,68,1013.2
1998071318,21.6,0,2.5,55,75,1013
1998071400,20.4,0,1.4,2,87,1013.2
1998071406,22.2,0,1.4,56.5,88.5,1013.4
1998071412,25,0,3.1,121.8,68.5,1012.3
1998071418,22.9,0,1.9,112.8,79.5,1010.8
1998071500,20.8,16.5,0.8,53.7,95.5,1009.7
1998071506,20.8,6,0.9,60,96,1007.6
1998071512,22.5,6.7,1.6,84.1,96.5,1005.1
1998071518,23,3.3,1,59.8,97,1003.2
1998071600,23.1,0.2,0.2,13.6,97,1001.9
1998071606,23.1,1.3,1.7,60,97,1001
1998071612,23.5,33.5,2.7,80,96,1000.8
1998071618,21.6,0.6,3.8,40.1,95.5,1002.2
1998071700,20,0,3.7,24.9,94.5,1003.7
1998071706,20.5,0.1,3.6,48.4,91.5,1004.1
1998071712,21.2,0,3.3,53.3,87,1004.7
1998071718,20.9,0,2.9,40.1,86,1005.2
1998071800,20.5,0,1.9,11.7,90.5,1005.6
1998071806,22.3,0,2.6,88,84,1004.9
1998071812,23.4,1.9,4.3,103.6,69,1003.4
1998071818,20.9,9.1,1.4,11.7,95.5,1001.7
1998071900,20.6,12.3,1.9,330,97,997.7
1998071906,23,0.2,0.6,315,95.5,996.1
1998071912,28.5,0,2.5,103.4,66,995
1998071918,27.4,0.2,1.7,35,76.5,996.4
1998072000,22.9,0,1,355.9,87,998.8
1998072006,24.1,0,1.2,242.7,82,1000.5
1998072012,27.3,0,3.9,135.1,70,1000.8
1998072018,24.8,0,2.2,105,86,1002.1
1998072100,23.9,0,0.8,41.9,93.5,1003.1
1998072106,24.2,0,2,88.4,91,1004.1
1998072112,24.5,0,2.5,100.4,86.5,1005.2
1998072118,23.2,3,1.1,64.7,92,1005.2
1998072200,21.8,11.4,1.8,1.3,97.5,1006.2
1998072206,21.9,6.4,0.9,35,97,1007
1998072212,24.5,0,2.2,58.5,81,1006.8
1998072218,23.5,0,1,15.9,83.5,1007.5
1998072300,20.9,0,0.3,356.7,94.5,1008.2
1998072306,22.6,0,1.5,47.6,89.5,1008.4
1998072312,26.8,0,4.6,113.2,67,1008.7
1998072318,24.6,0,3.2,76.6,74.5,1008.8
1998072400,23.1,0,2.7,76.6,84.5,1009.8
1998072406,23.6,0,3.9,83.4,80.5,1009.7
1998072412,24.9,0,5.3,90,74,1008.7
1998072418,23.7,0,4.9,90,84.5,1009.1
1998072500,22.5,0.4,4.7,70,90.5,1008.4
1998072506,22.5,1.6,4.2,63.4,96.5,1006.7
1998072512,23.9,17.7,3.8,56.4,96,1004.5
1998072518,24.1,1.6,4,53.3,95.5,1003.2
1998072600,23.9,20,3.7,82.3,95.5,1001.9
1998072606,24.2,11,3.3,146.4,96,1000.7
1998072612,24.7,5.3,3,98.2,95.5,1000.7
1998072618,23.4,0.3,3.8,53.3,92.5,1000.9
1998072700,22.7,0.1,2.3,18.2,93.5,1001.1
1998072706,24.2,0,1.6,31.6,86,1001.8
1998072712,26.5,0,2.5,225,73.5,1002.5
1998072718,24.6,0.1,1.8,146.3,88,1003.2
1998072800,23.2,1.3,0.9,216.1,95.5,1004.2
1998072806,23.3,0,2.3,236.6,96.5,1004.3
1998072812,23.7,8.1,1,78.4,95,1004.3
1998072818,22.9,0.7,2,124.4,94.5,1005.1
1998072900,22,0.3,0.5,43.8,95,1006.4
1998072906,22.4,0,1,91.4,95.5,1007
1998072912,25,0,0.8,128.1,84.5,1007.2
1998072918,23.5,0,0.9,48,85.5,1007.8
1998073000,22.2,0,0.6,47.6,94,1009.2
1998073006,22.6,0,0.5,47.4,90.5,1010.1
1998073012,25.6,0,1.8,342,79,1009.8
1998073018,24.1,0,1.7,355.9,85.5,1010.3
1998073100,22.8,0,1.1,97.3,96,1010.9
1998073106,23.4,0,1.8,121.8,95,1011.5
1998073112,25.1,0,2.1,118.4,84.5,1010.3
1998073118,24.5,1.9,2.2,108.2,94,1009
1998080100,25.5,7.2,4.3,133.3,96,1006.5
1998080106,25.6,56.8,3.7,194.6,97,1004.2
1998080112,26.8,0.4,3.2,220,94,1004.8
1998080118,26.3,0,2,262.1,91.5,1005.7
1998080200,25.2,3.8,1,221.6,96,1007.2
1998080206,25.4,6.5,1,334.4,96.5,1008.2
1998080212,25.8,9.9,1.5,226.9,95,1009
1998080218,26.3,0,1.3,275.4,93.5,1009.8
1998080300,26,0,0.6,355.4,95.5,1010.7
1998080306,28.9,0,2.5,257.6,86.5,1011.4
1998080312,32.1,0,4.4,256.4,60.5,1011.2
1998080318,29,0,1.9,292.9,80.5,1011.8
1998080400,26.2,0,0.8,13.5,90.5,1012.4
1998080406,27.8,0,1.1,345.1,86.5,1013.1
1998080412,33,0,3.8,233.1,58.5,1011.9
1998080418,30.1,0,2.5,291.6,76.5,1010.3
1998080500,26.6,0,1.1,340,91,1010.9
1998080506,28.5,0,3,282.6,78,1010
1998080512,33.2,0,5.5,260,52,1008.7
1998080518,29.8,0,4.4,236.6,71.5,1007.8
1998080600,28.6,0,3.9,250,82,1007.8
1998080606,29.9,0,3.5,253.4,76.5,1007.5
1998080612,32.1,0,3.8,266.6,73,1007.8
1998080618,30.2,0,3.1,266.7,76.5,1007.8
1998080700,28.1,0,1.3,316.8,80.5,1008.5
1998080706,29.4,0,1.5,292.8,86,1010.1
1998080712,32.6,0,2.8,70,59.5,1010
1998080718,26,0,3,35,87,1011.8
1998080800,24.8,0.3,0.9,31.6,93,1012.3
1998080806,25,0.6,0.6,119.3,95.5,1010.8
1998080812,30,0,1.9,75.1,83.5,1008.7
1998080818,28.7,0,1.8,61.1,83,1007.5
1998080900,26.5,0,1.5,195,95.5,1009.1
1998080906,27.2,0,0.9,58.2,89.5,1008.7
1998080912,31.2,0,2.5,125,71,1008.8
1998080918,26.4,27.2,2.1,0.3,91.5,1009.1
1998081000,24.5,0,0.8,316.3,97,1010.1
1998081006,25.1,0.4,0.4,5.5,95.5,1009.9
1998081012,27.5,0,1.6,117,90,1008.8
1998081018,27,0,1.4,174.6,92.5,1007.7
1998081100,26.5,0,2.4,253.4,92.5,1006.6
1998081106,29.3,0,3.5,240,78,1006.3
1998081112,29.3,0.6,3.7,273.5,77.5,1006.8
1998081118,29.2,0,2,262.7,74,1006.4
1998081200,28.2,0,1.5,254.6,87,1007
1998081206,29.1,0,1.5,237.9,87,1007.4
1998081212,31.1,0,2.6,204.4,71,1007.3
1998081218,27.2,4.5,2.4,293.2,86.5,1007.2
1998081300,25.1,0.9,1,336.6,93,1007.1
1998081306,24.8,21.8,1.4,12.3,97,1007
1998081312,26.4,2.5,1,350,95,1006
1998081318,25.9,0,0.9,328.5,86.5,1006.3
1998081400,24.5,0,1.2,25,91,1007.5
1998081406,26.6,0,1.3,272.9,85,1007.7
1998081412,30.5,0,2,234.8,64,1008.1
1998081418,28.1,0,0.4,318.7,82.5,1008
1998081500,26.6,0.6,2.2,253.2,95,1007
1998081506,28.5,0,3.4,233.3,85,1005.2
1998081512,29.7,1.5,4.7,253.3,77,1005
1998081518,27.8,0,2.5,160,89,1006.2
1998081600,24.4,0,2,56.6,93,1006.7
1998081606,24.1,0,1.3,69.6,95.5,1006
1998081612,24.7,21.5,2,107.7,94.5,1006.1
1998081618,23,2.9,1.1,55.3,96,1006.3
1998081700,22,99.9,1.8,0.3,96.5,1006.3
1998081706,22.7,0.2,1,36.5,96,1007.7
1998081712,24.9,0.1,1.1,43.4,86.5,1008.8
1998081718,24.1,0,0.9,58.2,91,1009.8
1998081800,23.1,0,0.2,18.9,95.5,1009.8
1998081806,23.3,57.8,2,91.7,96.5,1008.9
1998081812,24.5,2.4,1.5,54.9,96.5,1007.4
1998081818,23.8,0.4,1.3,22.6,94,1007.4
1998081900,23,0,0.7,327.9,95.5,1009.6
1998081906,23.7,0,0.8,24.5,95.5,1010.2
1998081912,29,0,2.8,145.3,65,1009.5
1998081918,26,0,1.8,12.6,77.5,1009.5
1998082000,22.8,0,1.3,336.1,86.5,1011
1998082006,24.3,0,0.6,32.4,85,1011.6
1998082012,30.9,0,2.3,70.8,51.5,1010.3
1998082018,27.1,8.5,1.4,0,78.5,1010.9
1998082100,23.6,0,0.3,344.8,95.5,1012.2
1998082106,24.1,0,0.8,5.5,93,1012.8
1998082112,28.2,0,3.1,115.5,70.5,1012.5
1998082118,24.9,0,2.2,52.3,85.5,1013.4
1998082200,23.7,0,0.4,350.2,94.5,1013.9
1998082206,25.4,0,1.2,45,90.5,1014.2
1998082212,28.5,0,3.8,125,65.5,1013.8
1998082218,25.5,0,2,90.4,85,1013.9
1998082300,23.4,0,0.7,342.8,93,1012.9
1998082306,24.9,0,0.7,299.6,92,1011.1
1998082312,26.5,2.4,3.7,236.6,86,1009.2
1998082318,25.8,0,3.5,250,87.5,1007.5
1998082400,25,0,0.5,280.5,93.5,1007.2
1998082406,26.6,0,1.2,323,87,1006.2
1998082412,31.4,0,4.2,288.9,44,1004.2
1998082418,27.4,0,2.2,313.7,62,1004.3
1998082500,22.7,0,1.1,356,86.5,1005.2
1998082506,23.9,0,3.4,350.2,75.5,1006.1
1998082512,28.5,0,3.2,4.4,47.5,1004.8
1998082518,26.2,0,0.8,88.2,58.5,1006
1998082600,22.2,0,0.6,328.3,85.5,1006.8
1998082606,24,0,1.9,33.4,82,1007.8
1998082612,28,0,2.1,134.7,53.5,1006.7
1998082618,25.2,0,1.4,68,71,1007
1998082700,22.2,0,0.6,356,94,1007
1998082706,23.6,0,1.8,36.5,88.5,1006.8
1998082712,27.1,0,1.8,74.8,65.5,1006.2
1998082718,24.6,0,1.4,48.1,85.5,1006.2
1998082800,21.6,0,0.4,353.6,96,1007.3
1998082806,23.6,0,1.3,95,85,1007.3
1998082812,26.2,4.4,4.2,132.3,66.5,1006.2
1998082818,21.9,0,1.4,350.4,92,1007.3
1998082900,20.9,0,0.3,353.9,97,1008.1
1998082906,22.6,0,1.5,20.4,89.5,1008.8
1998082912,26.9,0,4.4,90,61,1008
1998082918,24,0,2.8,48.1,76.5,1008.7
1998083000,22,0,0.9,353.7,92.5,1009
1998083006,22.9,0,1.7,16.7,90,1009.7
1998083012,26.7,0,4.3,93.4,61.5,1009
1998083018,24,0,2.5,38.9,78.5,1010.2
1998083100,21.9,0,0.8,358,92,1010.7
1998083106,24.1,0,2.5,55.3,85,1011.3
1998083112,26.3,0,4.2,104.7,55.5,1011.3
1998083118,23.8,0,2.4,65.6,76.5,1011.6
1998090100,22.2,0,2.2,32.9,86.5,1011.6
1998090106,23.6,0,2,58.3,86,1011.8
1998090112,26.6,0,3.9,127.1,57.5,1010.8
1998090118,23.2,0.5,2.2,5.7,84,1011.4
1998090200,20.9,0,0.7,3.3,97,1011.6
1998090206,22.5,0,0.9,342.6,91,1011.8
1998090212,26.2,0,3.3,119.6,59,1010.5
1998090218,22.3,0.8,1,355.8,87,1011
1998090300,19.7,0,1,321.8,97,1011.8
1998090306,21.2,0,1.4,329.7,90,1012.4
1998090312,27,0,3.1,97.5,50.5,1011.6
1998090318,23.8,0,1.4,51.4,75,1012.1
1998090400,20.4,0,0.4,350.2,96,1012.2
1998090406,22.3,0,0.9,15.9,87.5,1012
1998090412,28.3,0,3.4,170.2,45,1010.8
1998090418,24.5,0,1.5,259,69,1010.5
1998090500,20.9,0,0.8,316.3,94.5,1010.4
1998090506,22.3,0,0.8,283.9,90,1009.8
1998090512,27.6,0,4.1,183.9,60.5,1008.4
1998090518,24.5,0,1.9,269.4,69,1007.8
1998090600,22.6,0,0.7,331.9,84.5,1008.3
1998090606,22.5,0,1.1,298.4,81,1008.7
1998090612,30,0,3.6,220.4,44.5,1007
1998090618,25.5,0,1.7,239.6,57.5,1007
1998090700,21.8,0,0.4,340,90.5,1008
1998090706,24,0,1.4,335,79.5,1007.7
1998090712,31.1,0,3.2,96.6,38,1006.4
1998090718,26.4,0,1.1,3.3,65.5,1007.3
1998090800,22.4,0,2,326.6,92.5,1008.8
1998090806,24.2,0,1.3,275.8,85,1009.8
1998090812,31.1,0,3.5,135.7,44,1009
1998090818,26.6,0,1,54.2,73.5,1009.4
1998090900,23.1,0,0.6,333.1,93,1011.7
1998090906,24.1,0,1.2,84.1,92,1013.2
1998090912,28.9,0,2.8,79.8,65,1013
1998090918,25.4,0,1,88.4,83,1014
1998091000,23.3,0,0.4,350,95.5,1015.1
1998091006,24.3,0,0.8,280.4,95,1015.7
1998091012,30,0,2.9,133.8,63,1015
1998091018,26.2,0,1.3,102,82.5,1015.4
1998091100,24,0,0.2,353.4,95,1014.8
1998091106,25.9,0,0.5,19.5,91,1015.2
1998091112,28.9,0,1.9,59.8,58,1014.3
1998091118,25.2,0,1,50.6,79,1014.3
1998091200,22.1,0,0.6,333.2,96,1014.7
1998091206,23.5,0,1.4,21.2,90,1015.4
1998091212,28.2,0,4,113.2,53.5,1014.9
1998091218,24.5,0,1.9,45.9,76,1015.6
1998091300,21.5,0,0.8,314.4,92,1016.5
1998091306,23.7,0,1.9,46.5,85.5,1016.9
1998091312,28.1,0,4.9,125,46.5,1015.5
1998091318,24.6,0,2.8,56.9,72.5,1014.8
1998091400,21.3,0,0.4,326.4,93,1013.8
1998091406,23.1,0,0.8,320.8,87.5,1012.8
1998091412,29.5,0,2.8,197.6,50,1009.9
1998091418,25.5,0,1.9,238.4,76,1008.5
1998091500,21.5,0,1.2,328.5,94.5,1008.2
1998091506,23.3,0,1.2,336.7,84.5,1007
1998091512,29.2,0,2.7,215,41,1003.8
1998091518,26.7,0,2.4,59.7,63,1002.3
1998091600,21.6,0.1,4.8,53.3,77.5,1003.4
1998091606,21.6,0,5.7,53.3,60,1004.9
1998091612,24.7,0,4.1,56.4,34.5,1006.7
1998091618,20.3,0,2.7,38.2,46.5,1009.8
1998091700,18.4,0,2.6,6.6,58,1012.7
1998091706,20.2,0,4,43.3,61.5,1014.2
1998091712,24.7,0,5.1,86.7,45.5,1014
1998091718,20.4,0,3.1,44.5,60,1015.5
1998091800,18.4,0,1.5,29.1,80.5,1015.9
1998091806,19.6,0,3.5,40.9,80,1016
1998091812,24.8,0,5.4,90,46.5,1015
1998091818,22.5,0,2.9,59.8,66,1013.8
1998091900,21.5,0,3.2,45.1,86,1013.3
1998091906,22.4,0.1,2.3,26.6,95,1013.7
1998091912,23.6,0,2.4,42.3,84,1014.1
1998091918,22.3,0,1.9,21.6,90,1014.8
1998092000,21.2,0,0.7,343.4,96.5,1014.7
1998092006,22.5,0,0.8,84.3,94.5,1013.6
1998092012,24.9,0,1.4,35,95,1011.8
1998092018,24,0,0.9,10,95.5,1010.2
1998092100,23.7,0,0.8,342.4,96.5,1007.4
1998092106,24.9,0.5,1.5,269.5,95.5,1004.5
1998092112,27.4,0.4,2.8,260.5,78,1002.6
1998092118,23.1,8.8,2.4,31.8,85.5,1003.2
1998092200,20.9,0,1.8,35,80,1005.4
1998092206,21.5,0,3.4,32.8,76.5,1008
1998092212,23,0,5.8,70,67.5,1009.9
1998092218,19.4,0,2.7,32.2,67,1013.7
1998092300,16.2,0,1.4,344.5,85.5,1016.2
1998092306,19.1,0,2.5,28.5,82,1017.7
1998092312,23.2,0,3.2,62.6,75,1017.9
1998092318,20.7,0,2.2,26.6,78,1018.5
1998092400,19.5,0,1.7,23.2,89,1017.3
1998092406,19.4,1.6,2.4,17.7,95,1017.5
1998092412,21.2,0.1,2.4,24.9,88.5,1017.2
1998092418,20.2,0,1.5,3.4,93.5,1017.4
1998092500,19.1,0,0.5,339.1,96.5,1017
1998092506,21.2,0,0.9,36.1,87.5,1017.7
1998092512,25.6,0,3.4,105.5,61,1017.2
1998092518,22.8,0,1.2,35,85,1018
1998092600,21,0,0.7,352.6,96,1017.8
1998092606,20.8,0.9,1.1,320.7,88,1018.8
1998092612,22,1.7,1.3,346.7,91.5,1019.6
1998092618,21,0,0.6,325,79.5,1020
1998092700,18.9,0,0.5,342.8,87.5,1020.2
1998092706,19.8,0,0.5,323.1,86,1020
1998092712,23.9,0,2,80.3,73,1019.8
1998092718,22.2,0,2.8,65.6,78.5,1020.6
1998092800,21.1,0,2.4,31.8,86,1020.9
1998092806,21,1.3,2.9,40.1,89.5,1021.3
1998092812,21.2,0.6,4.2,50,93,1021.3
1998092818,20.6,0.3,3.3,48.4,87.5,1020.3
1998092900,21,0.5,3.6,73.4,93,1019
1998092906,19.9,8.6,3.8,60,96,1017.5
1998092912,19.5,17.2,4.5,63.4,96.5,1015.8
1998092918,20.1,42.3,3.7,32.9,98,1013.7
1998093000,21.5,35.9,4.6,100.2,97.5,1009.8
1998093006,22.7,45.8,5.9,110,98,1007.2
1998093012,22.8,51.9,8.4,100,98,1000.5
1998093018,23.7,35.6,5,85.5,97.5,997.6
1998100100,20.4,15.4,1,302,97,999.4
1998100106,22.5,0,3.8,12.4,84.5,1000.2
1998100112,25.8,0,4.3,26.6,57,1001.5
1998100118,22.2,0,2.2,26.6,70.5,1005.8
1998100200,19.3,0,1.8,10,85.5,1008.5
1998100206,20.1,0,1.9,34.4,83,1011.8
1998100212,24.2,0,3.8,79.5,55.5,1012.7
1998100218,21,0,1,28.8,77.5,1015.1
1998100300,18.8,0,0.5,335.5,91.5,1015.8
1998100306,20.4,0,0.7,342,91.5,1016.9
1998100312,26,0,2.5,147.3,52,1015.7
1998100318,21.4,0,1.7,284.6,80.5,1016.8
1998100400,18.1,0,2.7,16.2,51,1019.7
1998100406,18.7,0,2.6,59.6,62.5,1022.8
1998100412,21.8,0,5.3,96.6,61,1023.8
1998100418,19.1,0,2.1,66.6,65,1024.8
1998100500,16.9,0,0.6,321.4,78,1024.7
1998100506,18.5,0,1.8,24.9,75,1024.1
1998100512,22.6,0,2.7,69.6,45,1021.8
1998100518,18.3,0,0.5,16.2,70,1020.6
1998100600,15.2,0,0.2,27.9,95,1019.9
1998100606,18.1,0,0.5,51.6,83.5,1018.6
1998100612,23.7,0,2.2,103.1,47,1016.6
1998100618,20.3,0,1.6,22.4,74.5,1017
1998100700,19.1,0,2.5,10,84.5,1016.2
1998100706,20.4,0.5,3.9,29.9,83,1014.7
1998100712,22.9,0,4.9,53.3,61,1013
1998100718,19.4,0,1.7,350.2,72.5,1013.1
1998100800,16.6,0,0.6,333.1,96,1013.7
1998100806,18.5,0,1.2,1,85,1014.8
1998100812,24.1,0,2.8,87.2,52,1013.9
1998100818,19.8,0,0.9,306.1,83.5,1015.6
1998100900,16.8,0,0.4,325,97,1016.6
1998100906,18.6,0,1.3,264.1,88,1017.4
1998100912,25.7,0,2.7,163.5,43.5,1017
1998100918,21,0,1,290.2,69.5,1017.3
1998101000,17.5,0,0.5,322,91,1018.8
1998101006,19,0,1.3,250.1,89.5,1021.2
1998101012,24,0,4.2,106.7,64.5,1021.5
1998101018,21.3,0,2.4,47.4,82,1023.7
1998101100,18.8,0,0.8,300.7,92,1025
1998101106,19.9,0,1,324.8,94,1026.4
1998101112,23.5,0,3.8,103.4,69.5,1026.1
1998101118,21.9,0,1.5,86.6,85.5,1026.1
1998101200,20.2,1.5,0.6,338.7,93,1025.6
1998101206,20,2.2,1,342.5,95,1025.2
1998101212,19.2,18.9,3.1,111.6,97,1023.8
1998101218,19,43,2.9,105,98,1022.2
1998101300,20.6,6.8,3.5,136.3,97.5,1019.7
1998101306,22.1,0.6,0.7,248.3,97,1017.7
1998101312,25.2,0,2.6,88.8,79,1015.9
1998101318,21.3,0,0.9,69,88,1016.8
1998101400,20.2,0.4,0.7,326.1,95.5,1015.4
1998101406,20.3,1.9,0.8,318.8,97,1013
1998101412,24.5,0,3.8,220.1,75.5,1009.2
1998101418,22,13.7,1.7,318.4,85,1008
1998101500,19.8,3.2,1.3,353.5,92,1008.5
1998101506,17.6,0,2.3,356.6,60,1011.7
1998101512,22.2,0,2.6,275,30.5,1012.2
1998101518,18,0,0.4,342.8,69,1013.5
1998101600,14.6,0,0.9,10,85.5,1015
1998101606,15.8,0,1,331.9,71.5,1015.4
1998101612,20.1,0,1.7,28.5,56.5,1013.7
1998101618,18.6,0,1.8,18.2,75.5,1013.2
1998101700,19.1,0,2.5,48.4,78.5,1010.5
1998101706,18.7,2.9,3.9,26.6,90,1008.3
1998101712,18.4,0,5.4,18.2,86,1004.5
1998101718,18.4,0,4.9,356.7,83.5,999.3
1998101800,18.2,0,4.5,353.2,74.5,1000
1998101806,18.6,0,2.7,346.8,69,1006.5
1998101812,23.5,0,2.8,307.8,38,1008.1
1998101818,18.6,0,2.2,335.6,52,1010.8
1998101900,14.4,0,4.6,330,50,1014.3
1998101906,14.9,0,4.8,326.6,46,1018.2
1998101912,18.2,0,3.9,332.1,24,1020.1
1998101918,14.4,0,3,350,37,1023.2
1998102000,10.5,0,0.7,299.9,48,1024.7
1998102006,12.4,0,1.5,59.9,59.5,1026.9
1998102012,18,0,4.2,73.4,46,1026.4
1998102018,16,0,3.3,3.3,55.5,1025.7
1998102100,15.7,0,3.1,3.3,61.5,1024.9
1998102106,16.8,0,3,13.4,62,1024.2
1998102112,19.8,0,4.4,46.8,48.5,1022.8
1998102118,17.1,0,2.9,3.3,60,1023.2
1998102200,16.5,0,3.2,3.3,58.5,1023
1998102206,18,0,3.7,43.4,69.5,1023.7
1998102212,19.7,0,5.2,66.7,59.5,1022.5
1998102218,18,0,2.6,45.7,63.5,1022.6
1998102300,17,0,2.3,7.7,70.5,1022.7
1998102306,16.5,0.2,1.4,5.7,84.5,1023
1998102312,20.9,0,4.6,70,50.5,1021.4
1998102318,17,0,2.2,324.5,70.5,1021.6
1998102400,14.1,0,0.1,350,94,1021.8
1998102406,17.1,0,1.2,41.5,84.5,1021.8
1998102412,21.1,0,2.9,78,52,1020.5
1998102418,16.8,0,0.6,350.2,76,1020.6
1998102500,13.1,0,0.9,325.7,94.5,1021.4
1998102506,14.4,0,0.8,275.7,83.5,1022.2
1998102512,22.6,0,2.3,260,31,1020.3
1998102518,16.7,0,0.9,304.1,51,1019.8
1998102600,12.8,0,1.1,263.5,78,1020.2
1998102606,13.8,0,0.4,355.9,70.5,1021.8
1998102612,20.6,0,4.1,260,54,1020.4
1998102618,18.8,0,1.7,245.7,79.5,1020.2
1998102700,15.1,0,0.9,125.6,95,1018.5
1998102706,16.4,0,2,85.7,90.5,1017.8
1998102712,22.8,0,4.1,276.6,31,1015.7
1998102718,17.6,0,3.2,350,50,1017.2
1998102800,12.8,0,3.5,43.8,70.5,1018.5
1998102806,12.9,0,2.3,40.1,69,1019.9
1998102812,19.1,0,1.8,140.2,40.5,1017.4
1998102818,15.7,0,1,312.8,69,1016.8
1998102900,14,0,1.8,22.2,66.5,1016.4
1998102906,14.8,0,1.2,302.4,62,1017.7
1998102912,20.1,0,3.1,100,43,1016.6
1998102918,15.2,0,0.6,330.8,71,1017.2
1998103000,13.6,0,0.9,346.2,90.5,1017.5
1998103006,14.4,0,1.3,47.6,92.5,1017.7
1998103012,17.7,0,0.9,73.5,66,1015.4
1998103018,15.2,0,2.3,19.7,82,1016.2
1998103100,12.1,0,1.3,294.6,81,1017.4
1998103106,12.8,0,0.7,295,86.5,1018.9
1998103112,21.2,0,3.2,238.5,34,1016.5
1998103118,18.3,0,3.6,200.2,54.5,1015.8
1998110100,16.5,0,2.9,310.4,64,1016
1998110106,12.1,0,3.7,353.9,49.5,1020.2
1998110112,16.8,0,3.4,67.6,23,1019.9
1998110118,11.4,0,0.8,346.6,48.5,1020
1998110200,7.2,0,0.4,318.7,79,1019.8
1998110206,8.7,0,0.4,314.9,81,1017.8
1998110212,18.8,0,3.8,216.6,27.5,1013.9
1998110218,15.7,0,2.1,315.3,47.5,1016
1998110300,10.9,0,1.9,11.8,68,1021.3
1998110306,10.4,0,0.9,274.3,69,1023.7
1998110312,18.7,0,3.2,128.2,31,1022.3
1998110318,13.6,0,1.8,263.4,59.5,1020.7
1998110400,11.2,0,1.1,272.1,86.5,1018.9
1998110406,15.4,0,1.5,267.2,70.5,1017.7
1998110412,21.4,0,1.9,15.9,39,1017.3
1998110418,16.9,0,2.8,11.2,58,1020.7
1998110500,12.5,0,1.5,348.2,65,1023.7
1998110506,13.1,0,1.5,8.4,79.5,1025.2
1998110512,16.5,0,4.3,90,55,1025.3
1998110518,15.6,0,4.2,86.7,60,1025.6
1998110600,14.9,0.1,4.8,86.7,71,1025.5
1998110606,14.9,0,5.3,90,63.5,1024.9
1998110612,15.4,0,4.9,48.4,56.5,1022.7
1998110618,13.6,0,3.5,3.3,61.5,1022
1998110700,10.8,0,1.6,348.6,73,1020
1998110706,11.1,0,0.7,310.9,79.5,1019
1998110712,18.8,0,2.7,353.8,39.5,1015.8
1998110718,14.2,0,0.8,315.1,62,1015.2
1998110800,10.9,0,0.8,0,79.5,1015.3
1998110806,10.3,0,1.3,334.3,70.5,1016.3
1998110812,18.9,0,2.8,234.9,36,1013.4
1998110818,15.2,0,2.5,230,37,1012.2
1998110900,11.4,0,1,265.2,58.5,1012.3
1998110906,12,0,0.5,244.5,75.5,1012.2
1998110912,17.5,0,4.3,253.4,38.5,1010.8
1998110918,10,0,4.7,285.2,33.5,1014.5
1998111000,6,0,3.8,277.7,40.5,1019.1
1998111006,5.9,0,2.5,282.8,43,1022.1
1998111012,11.6,0,2.8,342.9,24.5,1021.2
1998111018,7.7,0,0.8,257.4,42.5,1021.5
1998111100,4.2,0,1.8,243.4,50,1021.6
1998111106,7.3,0,1,244.9,62,1021.5
1998111112,17.4,0,4.4,260,41.5,1018.9
1998111118,12.5,0,1.5,246.7,61.5,1018.2
1998111200,10.1,0,2.9,299.6,67,1020.1
1998111206,11.4,0,3,316.3,48.5,1022.4
1998111212,17.2,0,2.8,73,28.5,1021.4
1998111218,11.2,0,0.8,339.2,55,1020.9
1998111300,7.4,0,0.3,292.5,79.5,1019.8
1998111306,8.7,0,0.3,321.3,83.5,1019
1998111312,19.1,0,3.7,219.5,35.5,1017.1
1998111318,14.4,0,1.2,226.7,55,1016.9
1998111400,12.1,0,0.7,284,88.5,1017.6
1998111406,13,0,0.4,14.7,90.5,1019.2
1998111412,22.8,0,1.8,141,42,1018.2
1998111418,16.9,0,0.8,235,63,1019.3
1998111500,12.7,0,0,0,94.5,1020.4
1998111506,13.8,0,0.3,342.8,92.5,1020.8
1998111512,24,0,4.6,198.9,21.5,1018.1
1998111518,16.9,0,0.5,295,49.5,1017.2
1998111600,11.8,0,0.2,348.7,89.5,1016
1998111606,13.9,0,0.4,18.9,87.5,1014.1
1998111612,19.5,0,2.2,160,66.5,1008.5
1998111618,17.7,0,1.9,189.5,80,1006.5
1998111700,15.7,0,3,253.3,81.5,1005.6
1998111706,10.5,0,8,230,26,1008.8
1998111712,9.4,0,6.6,271.6,21.5,1012.3
1998111718,5.1,0,4.3,260.5,27.5,1016.5
1998111800,2.1,0,3,328.3,40,1020.3
1998111806,1.7,0,3.3,288.1,48.5,1023.7
1998111812,6.6,0,3.7,204.9,28,1023
1998111818,3.3,0,2.2,298.1,38,1023.8
1998111900,-0.2,0,2.5,286.2,56.5,1026.2
1998111906,1.1,0,1.5,318.7,60.5,1028.9
1998111912,6.4,0,2.1,39.2,28.5,1027.4
1998111918,3.3,0,0.8,180,46,1026.2
1998112000,2.9,0,0.2,4.8,66,1025.8
1998112006,4.4,0,2.1,282.9,64.5,1026.3
1998112012,8.9,0,3.1,303.8,24,1025.5
1998112018,4.4,0,1.9,345.7,27.5,1027.2
1998112100,0.1,0,0.7,285.2,49,1028.4
1998112106,1.3,0,0.8,278.6,56,1027.2
1998112112,8.1,0,2.6,19.7,29.5,1025.5
1998112118,6.4,0,1.4,339.1,31,1026.1
1998112200,4.6,0.1,1.9,308.6,66.5,1024.1
1998112206,3.6,13.6,2.6,334.7,97,1022.2
1998112212,7.2,0,2.8,338.1,74.5,1022.5
1998112218,4.6,0,5.1,330,59,1023.2
1998112300,3.1,0,2.5,14.7,54,1024.1
1998112306,4.7,0,3,10,58,1026.1
1998112312,10.8,0,2,268.8,37,1025.6
1998112318,6.5,0,0.8,238.3,61,1025.6
1998112400,3.6,0,0.7,250.1,87,1024.3
1998112406,7.3,0,1.1,14.1,77,1021
1998112412,11.2,0,4.3,342.5,51,1020.7
1998112418,6.6,0,3.1,333.4,42.5,1024.5
1998112500,3.4,0,1.7,2.4,56,1026.6
1998112506,4.4,0,1.5,39.1,64.5,1028.1
1998112512,11.9,0,2.8,86.6,45.5,1026.8
1998112518,7.6,0,0.9,354.9,69.5,1027.8
1998112600,4.6,0,0.2,333.4,89.5,1028.6
1998112606,5.6,0,0.3,344.3,90.5,1028.1
1998112612,16,0,0.8,147.8,58.5,1025.6
1998112618,10.8,0,0.4,321,66.5,1025.5
1998112700,7,0,0.6,305,92.5,1024.2
1998112706,8.2,0.5,0.2,353.6,95,1020.2
1998112712,10.3,3.4,1.3,13.9,95,1016.2
1998112718,9.6,0,2.9,299.9,70.5,1016.7
1998112800,6.8,0,2,335,64,1019.3
1998112806,6.4,0,2.8,299.9,66,1021.2
1998112812,12.3,0,2.3,12.1,41.5,1020.5
1998112818,7.7,0,1.6,297.4,62.5,1021.3
1998112900,4.1,0,1,307.7,89.5,1021.2
1998112906,5.1,0,0.4,322,90,1021.7
1998112912,14.7,0,1.3,205.4,45.5,1019.6
1998112918,10,0,0.6,304.7,51.5,1020
1998113000,5.7,0,0.5,295.4,69,1020
1998113006,7.1,0,0.3,308.8,68.5,1019.2
1998113012,9.5,0.8,1.2,312.1,72,1017.2
1998113018,7.5,0,0.9,323,96,1016.8
1998120100,4.9,0,1.4,283.4,96.5,1017.6
1998120106,6.1,0,0.9,284.7,93.5,1020.4
1998120112,13.9,0,2.5,60,37,1019.5
1998120118,10.6,0,1.3,30.2,53,1020.6
1998120200,9,0,1.7,276.6,84.5,1022.8
1998120206,8.4,0.3,2,270,84.5,1023.9
1998120212,10.6,0,3.6,39.1,69,1023.9
1998120218,7.9,0,2.9,26.6,71,1025.5
1998120300,6,0,3.1,296.6,69.5,1026.5
1998120306,6.3,0,3,310.1,64,1027.1
1998120312,10,0,3.6,50,44.5,1025.2
1998120318,7.1,0,1.5,5,63,1025.6
1998120400,2.8,0,0.6,264.9,62,1025.9
1998120406,2.9,0,1.1,341.6,42.5,1026.1
1998120412,10.6,0,1.8,107.7,17,1025.3
1998120418,5.5,0,0.7,347.4,35,1025.7
1998120500,1.8,0,0,0,47,1026.1
1998120506,3.2,0,0.9,240.7,49.5,1026
1998120512,9.9,0,4.9,290,42,1025.5
1998120518,4.8,0,1.4,296.6,44.5,1028.3
1998120600,1.6,0,0.9,336.6,58.5,1030.2
1998120606,3,0,0.9,308.7,69,1031.4
1998120612,6.4,0,1.8,349.8,89,1029.8
1998120618,7.1,0,0.6,295.6,95,1027.8
1998120700,6.3,0,0.6,353.6,94.5,1024.7
1998120706,6.3,0,1,337.1,94.5,1022.3
1998120712,10.7,0,3.4,320.3,43,1020.2
1998120718,7.3,0,3,308.4,46,1021.4
1998120800,4.8,0,3.9,326.6,51,1024.2
1998120806,3.1,0,3.4,330,43.5,1026.8
1998120812,6.1,0,3.9,336.7,23,1027.7
1998120818,2.7,0,4.5,326.6,22.5,1030.1
1998120900,0.2,0,4.2,333.4,26.5,1031.7
1998120906,0.6,0,3.5,336.7,36.5,1033.2
1998120912,4.3,0,4.8,340,29,1032.9
1998120918,1.5,0,2.4,340,26,1033.9
1998121000,-1.4,0,2.9,353.4,36,1035
1998121006,-1,0,3.9,343.3,40,1035.4
1998121012,4.9,0,4.3,336.7,17,1032.4
1998121018,1.2,0,1.3,316.8,23,1032.4
1998121100,-1.4,0,0.8,278,47,1030.8
1998121106,3.2,0,4.9,301.8,42.5,1031.2
1998121112,5.9,0,3.5,299.9,14.5,1032.7
1998121118,1.7,0,1.6,312.3,17.5,1033.6
1998121200,-1.9,0,1,270,36,1033.1
1998121206,-0.4,0,1.6,263.4,37.5,1032.1
1998121212,10.5,0,1.9,280,11,1029.4
1998121218,4.1,0,0.5,332.1,17.5,1028.2
1998121300,-0.6,0,0.6,288.7,44.5,1028.2
1998121306,0.9,0,1.1,270,49.5,1027.6
1998121312,12.5,0,2.5,273.4,26,1024.6
1998121318,7.2,0,1.2,305,42,1024.2
1998121400,2.3,0,0.2,332.1,74.5,1023.6
1998121406,4.4,0,0.3,341,83,1021.6
1998121412,13.3,0,4.4,266.7,34,1017.5
1998121418,9.8,0,3.1,307.4,47.5,1016.4
1998121500,5.8,0,4.1,299.9,46,1020.2
1998121506,4.7,0,2.9,305,46.5,1022.2
1998121512,9.9,0,2.9,356.2,20.5,1020.6
1998121518,5.1,0,1,288.5,35,1020.5
1998121600,1,0,0.5,292.8,64.5,1020.8
1998121606,2.8,0,0.6,300.7,77.5,1021.4
1998121612,13.4,0,4,263.4,33.5,1019.7
1998121618,8.1,0,0.8,341.6,49.5,1021.6
1998121700,3.2,0,1.4,271.2,73.5,1024
1998121706,5.1,0,1.6,356.9,62.5,1025.1
1998121712,13.6,0,2.9,75.1,28.5,1025.1
1998121718,8.2,0,0.7,330.8,67,1026
1998121800,4.1,0,0.3,300.7,85.5,1026.2
1998121806,4.6,0,0.2,348.7,91.5,1025.6
1998121812,15.1,0,3,157.3,44.5,1021.5
1998121818,10.1,0,1,308.8,55,1019.8
1998121900,5.4,0,0.1,330.5,78.5,1018.5
1998121906,6.4,0,1.7,263.4,82,1017.3
1998121912,16.6,0,3.8,294.9,37,1014.6
1998121918,11.5,0,1.2,326.4,48,1015.2
1998122000,6.4,0,3.3,326.6,31.5,1018.5
1998122006,4.1,0,2.5,341.2,24.5,1020.9
1998122012,10.4,0,2.5,51.8,15.5,1020.4
1998122018,5.2,0,0.9,18.2,22.5,1021.4
1998122100,1,0,1.2,288.2,47,1023.2
1998122106,1.7,0,0.5,301.5,48.5,1023.9
1998122112,12,0,1.8,191.5,36,1022.1
1998122118,7.4,0,0.5,285.3,68,1021
1998122200,2.7,0,0.4,308.4,84,1020.3
1998122206,3.7,0,0.7,290.4,73,1020.4
1998122212,13.4,0,2.3,302.6,39,1018.6
1998122218,7.8,0,0.7,319,52.5,1018.2
1998122300,3.8,0,0.8,277.6,73,1017.6
1998122306,4.3,0,1.4,296.3,79,1017.3
1998122312,11.2,0,4.2,336.7,23.5,1016
1998122318,7.3,0,3.5,336.7,25,1019.3
1998122400,4.6,0,1.8,326.6,43,1022.9
1998122406,5.4,0,0.9,318.1,55,1025.2
1998122412,10.6,0,2.5,87,54.5,1024.7
1998122418,6.6,0,0.6,330.8,68,1024.9
1998122500,2.6,0,0.4,323.1,89.5,1024.2
1998122506,2.7,0,0.3,289,87.5,1023.1
1998122512,11.8,0,3.1,301.6,17.5,1019.5
1998122518,7.4,0,3.1,342.8,19,1019.8
1998122600,4.6,0,1.6,43.4,46.5,1020.2
1998122606,4.5,0,0.8,1.3,64.5,1022.7
1998122612,11.7,0,1.4,121.6,37,1021.5
1998122618,8,0,0.7,314.9,63.5,1021
1998122700,5,0,0.6,344.3,75,1020.8
1998122706,5.9,0,1.4,308.4,63,1020.9
1998122712,11.7,0,3.6,346.5,18,1021.7
1998122718,7.1,0,2,329.8,24,1024.8
1998122800,2.8,0,0.8,310.9,42,1027.4
1998122806,2.9,0,1.1,290,52.5,1028.8
1998122812,12.4,0,1.2,131.6,30,1026.9
1998122818,6.3,0,0.8,350.6,26.5,1026.7
1998122900,1.9,0,0.3,338.1,47,1025.6
1998122906,3.4,0,0.7,305,57.5,1024.3
1998122912,12,0,3.5,346.9,35.5,1022.1
1998122918,6.5,0,2.5,330,19,1023.4
1998123000,2.3,0,3.8,333.4,23,1025.4
1998123006,0.6,0,4.3,326.6,32.5,1027
1998123012,4.9,0,4.8,320,16,1024.8
1998123018,2.9,0,4.8,320,14.5,1024.6
1998123100,0.4,0,4.3,350.7,21,1025.9
1998123106,0.5,0,6.4,331.3,23.5,1026.4
1998123112,4.6,0,5.7,320,18.5,1026.6
1998123118,0.9,0,2.1,333.4,19,1027.4
1999010100,-1.4,0,1.8,353.6,29.5,1027.4
1999010106,-0.2,0,2.5,57.9,35,1026.4
1999010112,6,0,3.6,330,17,1023.8
1999010118,2.6,0,2.1,333.2,29.5,1022.3
1999010200,-0.2,0,0.7,30.7,50,1020.8
1999010206,1,0,0.4,5.5,62.5,1017.8
1999010212,8.6,0,4,318.4,41.5,1016
1999010218,5.8,0,1.3,320,37.5,1016.8
1999010300,2.6,0,0.8,313.3,53,1017.3
1999010306,1.7,0,0.8,265.4,78.5,1019
1999010312,9.6,0,3.2,76.8,43.5,1018.7
1999010318,4.8,0,0.6,334.6,47.5,1020
1999010400,0.4,0,0.5,335.9,67,1022.1
1999010406,1.3,0,0.9,310.5,77,1023.6
1999010412,10.9,0,2.3,106,24.5,1022.8
1999010418,5.5,0,0.9,29.9,36.5,1024.3
1999010500,1.1,0,0.2,352.4,62.5,1024.7
1999010506,1.5,0,0.2,335.4,74,1023.8
1999010512,12.2,0,2.4,81.9,27.5,1020.9
1999010518,7.4,0,1.4,267.5,32.5,1020.8
1999010600,3.5,0,0.6,281.6,66.5,1020
1999010606,3.9,0,1.4,288.2,74.5,1018
1999010612,10.7,0,1.4,289.1,51,1014.7
1999010618,8.2,0,1.7,307.7,59,1013.3
1999010700,3.5,0,4.2,320,59,1015
1999010706,1.2,0,5.9,320,50.5,1015.8
1999010712,0.7,0,8.8,315.1,18,1016.2
1999010718,-2.8,0,7.2,320,18,1017
1999010800,-4.5,0,6.5,320,37,1017.2
1999010806,-4.8,0,7.1,310.1,43.5,1017.2
1999010812,-1.2,0,5.4,320,36,1016.1
1999010818,-3.3,0,5.5,320,34,1017.2
1999010900,-4.8,0,3.7,331.3,39,1020.2
1999010906,-5.1,0,4.7,315.1,38.5,1022.5
1999010912,-0.8,0,5,320,24.5,1022.5
1999010918,-3,0,4.5,315.1,23,1022.9
1999011000,-4.7,0,4.2,320,35,1023.2
1999011006,-4.3,0,4.2,346.6,35,1024.8
1999011012,1.3,0,5,330,19,1023.1
1999011018,-0.2,0,6,323.3,23,1023.7
1999011100,-0.9,0,10.2,320,26,1023.9
1999011106,-0.7,0,6,315.1,33,1025.4
1999011112,3.5,0,5.4,320,20,1024.5
1999011118,0.3,0,4.5,315.1,26,1025.6
1999011200,-2.2,0,4.2,301.8,48,1025.8
1999011206,-2.3,0,5,320,48.5,1027.1
1999011212,2.8,0,5.3,323.3,31.5,1026.1
1999011218,0.6,0,3.4,323.3,26.5,1026
1999011300,-1.9,0,5,330,42.5,1026.1
1999011306,-0.5,0,4.6,359.1,56.5,1026.8
1999011312,5.8,0,3.9,323.3,35.5,1025.4
1999011318,2.4,0,2.1,49.1,33,1025.4
1999011400,0.4,0,3.7,18.2,43.5,1026.2
1999011406,0.6,0,3.8,6.6,47,1026.7
1999011412,4.6,0,3.3,332.5,33.5,1023.7
1999011418,3.5,0,1.9,355.8,34,1022
1999011500,1.5,0,3.8,326.6,43,1021.5
1999011506,0.2,0,5.6,323.3,47.5,1021
1999011512,3.9,0,5.1,343.3,41,1020.8
1999011518,1.5,0,3.3,4.4,40,1022.6
1999011600,-0.2,0,1.6,354.3,49.5,1023.9
1999011606,2,0,3,316.9,54.5,1024.3
1999011612,6.9,0,5,333.4,37,1024.9
1999011618,3.4,0,2,23.7,36.5,1029.2
1999011700,0,0,1,313.6,40.5,1032.2
1999011706,-0.2,0,0.9,292.7,45,1033.5
1999011712,9,0,2,160.8,43.5,1030.8
1999011718,5.6,0,1.6,302.9,59,1028.3
1999011800,1,0,0.6,350.2,72,1027.7
1999011806,2.8,0,1.5,43.6,60.5,1027.6
1999011812,10.5,0,1.9,215,28,1027.1
1999011818,6.1,0,0.7,311.3,48.5,1025.5
1999011900,3.5,0,1,328.5,58.5,1023.8
1999011906,4.1,2.9,1.1,316.8,75,1020.3
1999011912,6.9,12.8,2.5,346.9,78,1019.3
1999011918,6.6,0,2.7,315.7,60,1021
1999012000,3.7,0,1.9,336.6,65,1021.2
1999012006,2.3,0,4.2,323.3,47.5,1023.1
1999012012,4.1,0,4.9,310.1,21,1023.2
1999012018,1,0,3.1,302.9,16,1024.8
1999012100,-1.2,0,4.2,325.9,37.5,1026.4
1999012106,-0.7,0,2.7,307.1,48,1027.6
1999012112,5.5,0,2.2,346.3,28,1026.2
1999012118,1.9,0,0.6,346,45.5,1024.5
1999012200,-1.9,0,0.2,342.8,68,1024.4
1999012206,-1.4,0,0.9,308.8,75,1024.4
1999012212,9,0,4,250,35.5,1021.8
1999012218,6.1,0,0.9,281.4,44,1021.8
1999012300,1.6,0,0.2,8.6,77,1022
1999012306,2.2,0,0.8,342.7,84,1022.4
1999012312,9.4,0,2.4,19,52.5,1020.5
1999012318,7.8,3.5,1.9,350,77,1018.9
1999012400,8.1,10.9,3,0,92.5,1018.8
1999012406,8.8,0.5,2.7,0,77.5,1019.9
1999012412,9.6,0,3,3,62,1020.5
1999012418,6.1,0,1,325.3,70.5,1019.2
1999012500,3.1,0,0.6,0,93,1015.6
1999012506,4.9,0,1.5,280.5,91.5,1010.5
1999012512,12.2,0,5.2,260,48,1007.8
1999012518,8.2,0,3.5,330,31.5,1010
1999012600,3.9,0,3.3,319.1,21.5,1014
1999012606,2.7,0,3.5,299.9,32,1017.8
1999012612,9.5,0,2.6,263.2,13.5,1019
1999012618,5.8,0,1.3,285.6,23,1017.5
1999012700,1.6,0,0.9,301.9,51,1018.3
1999012706,2.3,0,0.6,340.3,64,1017.5
1999012712,12.1,0,6.1,250,25.5,1014.2
1999012718,10.2,0,2.8,260,40,1011.5
1999012800,6,0,3.8,296.6,46.5,1013.8
1999012806,1.1,0,4.3,308.2,20,1019.5
1999012812,6.2,0,3,301.8,12,1020
1999012818,2.9,0,1.8,343.3,16.5,1019.8
1999012900,-0.5,0,0.4,323,30,1019.2
1999012906,1.8,0,5.5,276.6,43.5,1017.2
1999012912,3.7,0,7.9,305.5,17,1017.2
1999012918,0.3,0,2.6,348,24.5,1019.7
1999013000,-3.2,0,2.1,340,37.5,1021.3
1999013006,-2.8,0,4,323.3,44,1022
1999013012,4,0,2.5,325,22.5,1021.5
1999013018,1.3,0,2.5,340,21,1020.6
1999013100,-1,0,1.2,349.8,31.5,1021.4
1999013106,-0.6,0,1.4,235.3,37,1021.6
1999013112,9.9,0,2.5,116.2,23.5,1019
1999013118,6,0,0.7,305.9,35,1017.5
1999020100,3.6,0,1,277.5,43.5,1017
1999020106,4.7,0,0.9,280.2,39,1015
1999020112,10.5,0,2.3,91.9,31,1013.3
1999020118,6.8,0,1.9,326.1,52.5,1013.5
1999020200,4,0,3.1,353.2,35,1014
1999020206,2.7,0,3.1,326.1,27.5,1013.4
1999020212,4.6,0,6.1,314.3,28.5,1010
1999020218,-1.1,0,4.4,328.8,42.5,1011.4
1999020300,-4,0,5,350,49.5,1012.1
1999020306,-6.4,0,4.2,8.1,39,1014.8
1999020312,-1.5,0,6,325,25,1016.1
1999020318,-3,0,4.1,333.4,27,1021.8
1999020400,-5.2,0,1.3,1.3,36,1025.2
1999020406,-4.3,0,1.7,311.3,43,1025.3
1999020412,3.5,0,4,328.4,27,1022.1
1999020418,0.4,0,2.9,311.5,33,1021.9
1999020500,-0.7,0,4.8,307.1,47.5,1023.5
1999020506,0,0,6.4,326.6,42.5,1026.1
1999020512,4.9,0,5.6,310.1,25,1026.5
1999020518,2.4,0,1.6,309.5,26,1028
1999020600,0.6,0,1.3,346.8,49.5,1029.1
1999020606,-0.5,0,0.6,319.5,73,1029.9
1999020612,8.9,0,2.6,182.1,22.5,1026.9
1999020618,5.8,0,1.5,353.4,29,1025.4
1999020700,3,0,3.1,333.1,32.5,1024.8
1999020706,4,0,5.1,356.7,43.5,1024.8
1999020712,10.5,0,5.4,350,30.5,1022.8
1999020718,8.3,0,2.3,346.6,33,1022.3
1999020800,5.9,0,3,11.7,43,1022.7
1999020806,6.2,0,3.4,7.9,58,1023
1999020812,11.8,0,3.3,341.2,22,1022.5
1999020818,6.9,0,1,358.8,50,1022.8
1999020900,1.9,0,0,0,72.5,1023.2
1999020906,1.7,0,0.6,329.3,83.5,1022.2
1999020912,12.9,0,2.9,309.2,23,1019.8
1999020918,9,0,1.9,330,16.5,1019.3
1999021000,6.1,0,1.6,334.3,28,1020.9
1999021006,5.3,0,2.3,344.2,43,1023.6
1999021012,9.1,0,2.3,45.9,31,1022
1999021018,8.3,0,3.2,226.3,38.5,1019.7
1999021100,5.3,0,2.6,316.1,62.5,1017.4
1999021106,3.8,0,3.1,325.3,67,1016
1999021112,7.9,0,5.9,315.7,22,1015
1999021118,5.3,0,3.6,295,31.5,1016.3
1999021200,1.8,0,4.9,313.4,43,1018.2
1999021206,-0.3,0,5.3,305,44,1019.8
1999021212,1.5,0,6.8,310.1,28,1020.5
1999021218,-1.6,0,4.6,294.9,19.5,1023.3
1999021300,-3.8,0,6.1,310.1,34,1025.2
1999021306,-4,0,2.8,338.6,33.5,1026.9
1999021312,3.5,0,2.2,119.1,23.5,1025.9
1999021318,1.2,0,0.7,277,27.5,1025.2
1999021400,-0.7,0,1.4,322.9,31,1027.6
1999021406,0.7,0,1.4,102.3,33,1030.4
1999021412,8.7,0,2.9,337.3,31,1029.6
1999021418,5.5,0,1,332.1,35.5,1029.6
1999021500,2.1,0,0.6,5,61,1030.3
1999021506,3.5,0,0.6,41.3,64,1029.8
1999021512,11.8,0,3,197.2,28.5,1027.4
1999021518,7.8,0,1.8,307.7,40.5,1026.7
1999021600,2.7,0,0.4,350,68,1027
1999021606,2.6,0,0.5,112.5,82.5,1026.4
1999021612,14,0,3.9,215,25.5,1022.7
1999021618,10.2,0,2.2,243.2,28.5,1020.4
1999021700,6.7,0,0.7,306.7,57,1020.7
1999021706,9.8,0,1.9,277.7,68.5,1019.2
1999021712,16.3,0,5.2,250,31.5,1016.5
1999021718,13.3,0,2.9,269.5,43,1016.4
1999021800,11.4,0,2.4,321.1,60.5,1016.3
1999021806,9.6,0,2.8,13.4,69,1016.5
1999021812,11.5,0,2.8,346.8,26.5,1016.8
1999021818,7.4,0,1.6,11.2,18.5,1017
1999021900,2.9,0,4.2,24.3,32,1018.1
1999021906,0.9,0,6.6,332.5,48,1020.2
1999021912,6.4,0,5.1,332.1,28.5,1020.4
1999021918,3.7,0,3,346.8,23.5,1020.8
1999022000,0.2,0,2,343.4,45,1023.2
1999022006,-0.1,0,2.7,2.4,57.5,1023.2
1999022012,4.2,0,5.3,289.7,34,1021.9
1999022018,1.6,0,3.9,340,27.5,1022.5
1999022100,-1.4,0,5.3,10,42,1023.2
1999022106,-0.9,0,7.3,313.7,47,1023.7
1999022112,4.2,0,5.3,301.6,28.5,1023.1
1999022118,2.2,0,1.6,321.5,23.5,1023.7
1999022200,-0.3,0,0.9,293.3,39.5,1024.3
1999022206,2.3,0,3.6,310.1,53,1024.5
1999022212,9,0,3.9,288.9,31.5,1022.7
1999022218,6.2,0,2.2,313.8,33.5,1023.8
1999022300,3.4,0,1.8,18.6,46.5,1024.9
1999022306,4.5,0,1.4,341.8,44.5,1025.8
1999022312,10.5,0,3.8,3.3,28,1025.2
1999022318,8.4,0,1.8,25,47.5,1024.8
1999022400,6.2,2.7,1.3,11.5,75.5,1022.6
1999022406,6.3,14,2.6,6.8,96,1017.6
1999022412,7.2,5.4,2.3,329.8,89,1014.8
1999022418,6.7,0,1.2,343.4,87.5,1017.9
1999022500,4.3,0,1.4,293.1,94.5,1020.8
1999022506,5.7,0,0.9,5.5,75.5,1023
1999022512,11.9,0,3.1,270.7,42.5,1022.3
1999022518,8.5,0,2,300.7,64,1020.7
1999022600,4.5,0,0.4,334.8,88.5,1019.8
1999022606,5.7,0,0.2,357.1,87,1017.7
1999022612,7.4,1.6,1.3,52.3,84.5,1015.5
1999022618,6.2,5.3,1.9,305.5,96,1013.9
1999022700,6.1,0,4.4,207.1,66.5,1014.6
1999022706,4.5,0,4.4,116.6,28.5,1017.5
1999022712,5,0,5.1,324.2,16.5,1021.4
1999022718,2.7,0,3.6,14.7,15,1023.2
1999022800,-1,0,3.4,7.9,25.5,1026.1
1999022806,0.2,0,4,320.7,32,1027.4
1999022812,8.6,0,2,45,26.5,1023.8
1999022818,6.2,0,1.5,270.3,20.5,1021.1
1999030100,3.2,0,2.5,333.4,35,1019.7
1999030106,3.6,0,1.1,250,48,1019.4
1999030112,11.9,0,3.5,172.6,27,1016.6
1999030118,9.7,0,3.9,240,36.5,1015.9
1999030200,6.7,0,0.9,308.8,61.5,1016.3
1999030206,5.3,0,0.5,350.3,80.5,1019.2
1999030212,13.2,0,1.8,187.5,24,1019.2
1999030218,10.4,0,0.7,291.7,46.5,1019
1999030300,5.6,0,0.2,0.9,58,1019.7
1999030306,5.2,0,0.4,287.6,72,1020.1
1999030312,16.6,0,3.3,133.3,28,1016.7
1999030318,12.8,0,1.2,303.1,28,1015.7
1999030400,7,0,0.5,294.6,59,1016.6
1999030406,7,0,0.5,332.1,70,1016.4
1999030412,15.4,0,2.6,202.5,32.5,1013.5
1999030418,11.5,0,1,170.3,74.5,1010.7
1999030500,8.5,0,0.6,335.3,85.5,1008.1
1999030506,13.1,0,3,318.4,88.5,1003.8
1999030512,18.6,0,6.9,318.4,41.5,1003.6
1999030518,12.5,0,4.4,4.5,16,1009.2
1999030600,8.4,0,3,13.4,34,1015.2
1999030606,7.7,0,2.4,15.9,62.5,1017
1999030612,9.7,0,4.8,63.4,61,1015
1999030618,8.5,0,1.5,62.3,66,1012.3
1999030700,7.3,0.7,1.1,323,86.5,1011.2
1999030706,6.6,0,3.4,343.3,84,1009.8
1999030712,7,0.6,4,28.7,73.5,1010.2
1999030718,5.9,0,3.9,66.6,65.5,1013.2
1999030800,4.8,0,3,76.9,61,1014.5
1999030806,5.3,0,1.9,72.7,58.5,1016.5
1999030812,7.6,0,2.8,72.4,48,1014.8
1999030818,6.6,0,1.3,0,56,1015.5
1999030900,5.1,0,0.8,5,67.5,1017.3
1999030906,4,0,2.5,350,53,1018.7
1999030912,7.9,0,2.3,19.7,29.5,1018.5
1999030918,6,0,1.6,22.8,46.5,1019.8
1999031000,3.4,0,0.5,315,66.5,1020.6
1999031006,5.9,0,1.5,300,58,1022.2
1999031012,11.9,0,3.2,66.7,25.5,1020.2
1999031018,9.4,0,1.5,63.5,59,1019.5
1999031100,7,0,2.6,75,65.5,1019.8
1999031106,6.6,0,3.2,272,40.5,1021.3
1999031112,10.2,0,4.6,53.1,26,1020.6
1999031118,5.8,0,3,24.9,56.5,1022.8
1999031200,3.1,0,0.6,312.1,71.5,1025.3
1999031206,3.8,0,0.6,293.5,78.5,1026.8
1999031212,10.2,0,3.3,153.2,41.5,1025.2
1999031218,7.7,0,1.9,179.1,50,1025.1
1999031300,3.9,0,0.6,300.7,74,1024.7
1999031306,6.1,0,0.5,357.9,85,1024.4
1999031312,15.1,0,3.5,145.3,42,1021.9
1999031318,11.1,0,1.6,77.7,53,1020.7
1999031400,6.9,0,0.8,342.8,82,1020.6
1999031406,8.2,0,0.8,276.1,82,1019.3
1999031412,13.8,0,1.8,37.5,70.5,1016.8
1999031418,10.5,8,4.2,353.5,92,1015
1999031500,8.3,15,6.7,0,88.5,1012
1999031506,6.8,16.5,6.5,13.4,91,1009.1
1999031512,8.4,7.4,6.3,7.7,82,1008.8
1999031518,7.2,0,4.4,4.3,76,1011.8
1999031600,4.8,0,2,353.2,75,1013.8
1999031606,6,0,1.1,343.7,74.5,1016.1
1999031612,13.1,0,2.6,90,47.5,1015.8
1999031618,9.9,0,1.6,250,70.5,1015.8
1999031700,5.7,0,0.2,327.8,94,1016.6
1999031706,6.9,0,0.6,299.2,89.5,1016.8
1999031712,17.1,0,5.2,193.4,49.5,1015.8
1999031718,14.3,0,2.2,290.4,76.5,1015.7
1999031800,12.7,0,0.2,7.7,91,1016.8
1999031806,14.4,0,1.6,260,88,1015.5
1999031812,17.7,0,3.1,192.4,65,1011.8
1999031818,15.1,6.2,3.2,125.6,95,1009.6
1999031900,10.8,39.3,4.7,350,92,1008.7
1999031906,8.5,2.5,6.3,357.2,82.5,1012.6
1999031912,6.6,0,6.3,29.9,63.5,1016.5
1999031918,4.1,2.3,4.5,13.4,81,1019.3
1999032000,4.5,0,6,40.1,52.5,1018.5
1999032006,3.7,1.1,4.5,40.7,71,1020
1999032012,6.1,0.9,5.2,6.6,55,1020.2
1999032018,5.6,0,2.8,3.3,50,1019.9
1999032100,4.9,0,1.4,344.8,63.5,1018.2
1999032106,5.6,0,0.8,328.6,67,1014.9
1999032112,10.2,0,4.6,293.2,41,1011.3
1999032118,4.3,0,6.6,333.9,45,1013.7
1999032200,-0.7,0,6.7,336.3,30,1019.3
1999032206,-0.5,0,3,64.8,32.5,1024.8
1999032212,5.7,0,2.9,35,17,1025.5
1999032218,3.6,0,2.4,265.4,36.5,1025.3
1999032300,0,0,0.2,7.7,60,1026.4
1999032306,2.6,0,1.5,321.1,49.5,1027.2
1999032312,10.7,0,3.4,158.6,21,1024.8
1999032318,8.2,0,1.8,243.9,25.5,1023.3
1999032400,3,0,0.5,322.3,64.5,1023.8
1999032406,3.1,0,0.1,341,72,1023.5
1999032412,7.5,2.3,0.4,317.1,81.5,1020.1
1999032418,7.6,13.1,0.4,332.1,95.5,1016.8
1999032500,7.6,1,0.2,333.4,96,1016.2
1999032506,8.8,0.2,0.4,48.7,96.5,1016.3
1999032512,14,0,1.5,126.1,84.5,1014.6
1999032518,13,0,1.3,231.6,90.5,1012.3
1999032600,12.2,0,0.4,1.3,95,1010.8
1999032606,12.6,2.3,0.7,20,95,1006.8
1999032612,11.1,0.9,2.1,342,93,1008.1
1999032618,8.2,1.9,3.2,0.4,84.5,1011.2
1999032700,7.3,0,2.9,320,75,1014.2
1999032706,9,0.1,4.2,340,65.5,1017.4
1999032712,11.1,0,4.8,44.1,42,1019
1999032718,8.3,0,1.4,26.3,45.5,1020.3
1999032800,5.7,0,2.8,339,47.5,1021.6
1999032806,6.1,0,1.7,46.9,19,1025.1
1999032812,11.9,0,4.7,281.2,16,1024.6
1999032818,8.8,0,3.3,321.4,13,1024.8
1999032900,4.2,0,2.1,3.3,21.5,1028.4
1999032906,4.4,0,1.4,33.8,34,1029.5
1999032912,9,0,3,32.9,51,1027.1
1999032918,7.7,0,1.3,53.3,59.5,1026.9
1999033000,6.1,0,0.4,328.3,75,1026.9
1999033006,7.3,0,2,335.1,77.5,1025.9
1999033012,10.3,0,4.7,65.2,48,1024.2
1999033018,9.3,0,1.9,350.5,54,1023.3
1999033100,6.2,0,1,277.6,74.5,1022.2
1999033106,7.8,0,0.9,244.5,80.5,1023.8
1999033112,15.8,0,4.4,176.6,23,1022.4
1999033118,12.1,0,1.6,202.4,40.5,1022.3
1999040100,7.7,0,1.2,315.1,76.5,1022.7
1999040106,11.9,0,2.8,305,74,1019.9
1999040112,17.4,0,5.3,237.2,62.5,1017.9
1999040118,17.8,0.1,4.6,225.1,73.5,1014.2
1999040200,16.6,1,3.1,239.9,89,1011.5
1999040206,12.2,3.3,3.6,22.8,86.5,1013.6
1999040212,10.2,0,3.9,10,74,1016.5
1999040218,7,0,2,341.2,75.5,1019.8
1999040300,4.8,0,1.8,313.6,89,1021.8
1999040306,6.7,0,2.9,11.2,38,1023.6
1999040312,12.4,0,3.3,49.8,20,1022.8
1999040318,9.6,0,2.6,79.8,35,1022.5
1999040400,5.6,0,0.5,20.8,71,1022.1
1999040406,8,0,0.5,167.4,74,1021
1999040412,17.6,0,5.4,223.4,17.5,1016.2
1999040418,13.4,0,2.6,229.7,28,1014.8
1999040500,9.4,0,0.7,314.9,55,1016.2
1999040506,10.8,0,2.3,62.3,51.5,1016.7
1999040512,14.6,0,4.6,56.6,48,1014.5
1999040518,12.4,0,4.5,87.3,74.5,1011.7
1999040600,10.7,2.5,2.9,224.7,83,1007.9
1999040606,10.8,0,5.8,260.3,59.5,1003.2
1999040612,11.5,0,4.2,290,45.5,1007.2
1999040618,6.9,0.4,3,354.2,81.5,1013.7
1999040700,4.9,0,1.3,8.9,74.5,1017.6
1999040706,6.6,0,1.3,304.1,68.5,1021.2
1999040712,12.3,0,4,119.6,34.5,1021.9
1999040718,9.8,0,2.6,161.7,56.5,1022.8
1999040800,5.8,0,0.7,296.5,84.5,1024.2
1999040806,8,0,0.5,280,84.5,1024.9
1999040812,16.1,0,4.8,131.5,40.5,1023.2
1999040818,13,0,1.5,213.3,56,1021.5
1999040900,9.4,0,0.1,350,75.5,1021.3
1999040906,10.3,0,0.2,10,74,1021.2
1999040912,14.1,5.1,3.6,194.2,79.5,1018.9
1999040918,13.3,25,5.6,116.6,95.5,1014.2
1999041000,13.4,23.2,6.4,151.1,94.5,1007.1
1999041006,14.4,2.4,2.5,164.2,95,1003.6
1999041012,14.4,2.2,3.8,38.4,81,1004
1999041018,12.5,0.4,7.4,26.6,86.5,1008.7
1999041100,11.3,0.4,5.3,6.6,90,1012.6
1999041106,11.6,0.1,4.4,11.2,86.5,1015.2
1999041112,16.4,0,4.8,26.2,44.5,1014
1999041118,12.9,0,1.6,40,52.5,1012.3
1999041200,10.5,0,0.3,306.7,79.5,1010.1
1999041206,10.8,1.8,1.4,348.3,93,1004.3
1999041212,14,5.9,4.8,222.6,96.5,998.7
1999041218,14.3,0,5.9,260,74.5,992.8
1999041300,12.5,0,5,233,50,996.1
1999041306,12.6,0,5.6,187.9,52,998.1
1999041312,12.3,0,6.7,280.1,38,1000
1999041318,9.5,0,3.1,291.2,41.5,1005.6
1999041400,6.5,0,1.3,327.2,44,1010.8
1999041406,8.7,0,2.6,343.2,42,1014.1
1999041412,17.2,0,4.8,0.3,14,1014.7
1999041418,13.9,0,2.3,296.6,12.5,1017.2
1999041500,10.2,0,2.7,328.5,28,1020.5
1999041506,11.8,0,2,300.8,42.5,1021.8
1999041512,18.8,0,4.6,144.1,25.5,1019
1999041518,16.3,0,2.7,226.7,21.5,1016.8
1999041600,10.7,0,0.1,7.7,40.5,1016.3
1999041606,11.9,0,0.7,211.6,52.5,1016.5
1999041612,21.4,0,3.8,172.5,27.5,1015.2
1999041618,16.9,0,1.3,33.2,61,1014.5
1999041700,12.9,0,0.7,338.3,71,1016.2
1999041706,13.1,0,0.8,271.5,76.5,1016.2
1999041712,20.1,0,3.9,90,43,1014.5
1999041718,16.8,0,3.5,187.5,70.5,1013.5
1999041800,15.3,0,0.7,342,74,1012.6
1999041806,15.8,0,2.1,3.3,82.5,1011.5
1999041812,17.7,0,5,35,66,1010.1
1999041818,15.5,0,1.8,0.4,74,1009.5
1999041900,12.9,0,0.2,341.1,86,1009.3
1999041906,14.8,0,0.8,220.6,84,1009.5
1999041912,21.9,0,3.7,138.4,45,1009.1
1999041918,16.7,0,1.9,197.2,68,1011.4
1999042000,12.8,0,0.3,327.8,91,1013.8
1999042006,13.8,0,2,37.2,84.5,1016.8
1999042012,16.2,0,4.4,46.8,68,1019
1999042018,13.4,0,2.9,23.2,75.5,1021.2
1999042100,12.6,0,1.4,353.6,81,1022.7
1999042106,13.5,0,1,11.2,81,1023.7
1999042112,17.7,0,2.2,91.4,59.5,1022.3
1999042118,14.9,0,1.5,350,68,1020
1999042200,11.1,0,0.2,319.8,93,1019.3
1999042206,13.7,0,0.7,33.6,80,1017.3
1999042212,21.1,0,3.5,130.4,39.5,1013.8
1999042218,17.2,0,1.1,33.8,72,1012
1999042300,15.6,0,0.4,316.2,84,1010.2
1999042306,17.4,0,0.9,40.9,83,1009.2
1999042312,21.9,0,6,103.4,46,1007.9
1999042318,17.4,0,3.5,63.7,56,1010.2
1999042400,15.1,0,2.6,359.4,77,1012.8
1999042406,16.1,0,3.1,0,83.5,1015.1
1999042412,22.3,0,5.3,25,41,1015.2
1999042418,15.7,0,2.7,358,71.5,1016.3
1999042500,12.5,0,1,322.7,88,1016.7
1999042506,14.3,0,2,337.3,82.5,1018
1999042512,20.3,0,4.3,38.2,42.5,1016
1999042518,15.7,0,2.6,352.8,52,1017.3
1999042600,12.3,0,0.7,293.2,76,1017.8
1999042606,15.4,0,1,100.1,68.5,1017.1
1999042612,22.7,0,3.8,76.2,32,1014.5
1999042618,17.6,0,1.4,39.3,48.5,1013.1
1999042700,13,0,0.5,314.4,75.5,1011.6
1999042706,18.6,0,2.9,311.9,57,1010.2
1999042712,28.1,0,4,287.7,21,1007.2
1999042718,18.6,0,3.6,20.9,52.5,1007.5
1999042800,12.8,0,3.1,21.6,77,1010.6
1999042806,12.2,0,4,10,74,1012.9
1999042812,14.1,0,5.1,63.4,52,1013.5
1999042818,11.6,0,2.6,342.7,57,1015.5
1999042900,9.1,0.7,1.7,5.1,83.5,1018.4
1999042906,11.1,0,1,202.1,78.5,1020.2
1999042912,18,0,5,146.1,34.5,1019.6
1999042918,14.7,0,3.1,219.8,54.5,1020.4
1999043000,10.5,0,0.2,346.9,81.5,1022
1999043006,13.6,0,0.8,0,70,1023.1
1999043012,22.5,0,5.8,200,26.5,1022.5
1999043018,17.9,0,2.9,252,26.5,1022.6
1999050100,12.4,0,0.2,332.1,52,1024.6
1999050106,14.6,0,0.7,294.3,67.5,1026.6
1999050112,23.7,0,4.6,223.7,18.5,1024.8
1999050118,18.8,0,2.7,305,41,1024.1
1999050200,14.6,0,1,321.5,63,1025.6
1999050206,16.2,0,1.1,264.1,58.5,1026.6
1999050212,21.8,0,4.2,125.5,38,1024
1999050218,19.5,0,2.9,231.7,42,1021.8
1999050300,18,0,1.2,232.2,54.5,1020.8
1999050306,18.4,0,2.9,208.7,66.5,1018
1999050312,17.2,13.3,3.1,206.6,85,1015.2
1999050318,16.1,23.5,3.5,185.5,90.5,1011.6
1999050400,13.2,37,1.5,329.7,90.5,1007.8
1999050406,14.8,1.3,3.9,340,81,1004.4
1999050412,20,0,6.3,0,46,1003
1999050418,16.2,0,1.9,341.2,49,1005.7
1999050500,12.1,0,0.4,333.1,84.5,1007.6
1999050506,14.9,0,1,246.3,79,1007.6
1999050512,19.2,0.3,4.8,18.2,42.5,1006.3
1999050518,14.1,0,1.7,346.5,70.5,1007.5
1999050600,11.2,0,0.4,335.9,86.5,1007.8
1999050606,16.1,0,3,278.8,46,1008
1999050612,24.8,0,4.9,315.1,15,1007.3
1999050618,21.3,0,1.8,284.7,22.5,1007.2
1999050700,15,0,1.4,319.2,55,1008
1999050706,20.6,0,3.4,269.4,26.5,1008.2
1999050712,28.2,0,4.9,38,21,1006.1
1999050718,24.3,0,2,286.9,29,1007.7
1999050800,15.6,0,1.5,22.4,76,1011.3
1999050806,16.4,0,1.4,350,80.5,1013
1999050812,23.1,0,3.1,79.7,48,1010.6
1999050818,23.1,0,2.1,265.4,35.5,1010.7
1999050900,16.8,0,0.7,15.8,58.5,1012.9
1999050906,18.9,0,0.3,355.2,60.5,1013.4
1999050912,28.2,0,6,203.2,16,1011.3
1999050918,22,0,2.1,334.2,31,1011.2
1999051000,15.9,0,0.8,0.9,35,1012
1999051006,16.9,0,2.5,3.3,72.5,1013.9
1999051012,18.3,0,5.6,53.3,48,1013.6
1999051018,15,0.4,3.6,14.7,67,1014.6
1999051100,13.3,0,1.3,0,85.5,1016.2
1999051106,15.1,0,1.3,5.3,72.5,1017.3
1999051112,19.9,0,3.7,113.2,30,1017.3
1999051118,16.1,0,2.2,209.2,48,1016.6
1999051200,12.1,0,0.4,333.2,80,1016.5
1999051206,17.4,0,1.5,317.2,70.5,1015.9
1999051212,24.9,0,3.6,70.3,31,1013.8
1999051218,19.6,0,1.4,14.8,61.5,1012
1999051300,16.8,0,0.7,311.3,70.5,1012.8
1999051306,20.6,0,2.1,339,61,1013.7
1999051312,24.9,0,5.2,73.4,29.5,1013.4
1999051318,18.2,0,3.1,19.9,53,1014.8
1999051400,14,0,0.8,350.2,74.5,1016.7
1999051406,16.1,0,0.9,17.3,67,1016.5
1999051412,21.5,0,2.3,104.3,39,1015.1
1999051418,17.3,0,1.7,172.6,57.5,1013.5
1999051500,14.1,0,0.7,269.7,88.5,1013.4
1999051506,16.3,0,0.8,279.5,83,1013.7
1999051512,23,0,2.8,73.4,47.5,1011.9
1999051518,20.4,0,0.7,17.8,57,1010.3
1999051600,17.9,0,1.3,340.9,68.5,1011
1999051606,17.9,0,2.8,26.7,74.5,1013
1999051612,21.4,0,3,71,56.5,1012.3
1999051618,17.9,0,2.1,106.7,67.5,1012.2
1999051700,13.9,0,0.5,0,90,1013.4
1999051706,16.5,0,2.3,23.4,74.5,1014.5
1999051712,20.7,0,5.2,66.6,42.5,1015.1
1999051718,17.2,0,2.6,51.8,43,1015
1999051800,14.2,0,0.9,324.9,74,1014.3
1999051806,16.4,0,1,10.4,75,1011.9
1999051812,19.3,6.2,1.8,58.5,77.5,1007.8
1999051818,17.1,19.1,4,83.5,90,1001.7
1999051900,17.2,1.2,1,266.4,89.5,996.3
1999051906,19.8,0,1.7,325,81.5,996.8
1999051912,22.7,0,4.8,238.5,38.5,998.8
1999051918,17.6,0,4.3,270,29.5,1003.5
1999052000,15.1,0,2.1,281.2,35.5,1007.5
1999052006,17.6,0,4.4,215.5,34,1011.1
1999052012,24.1,0,7.8,233.3,21,1008.8
1999052018,20.5,0,3.8,228.7,35,1009.6
1999052100,15.2,0,1.2,326.2,48,1014.7
1999052106,18.3,0,1.9,290.8,52.5,1017.2
1999052112,26,0,4.3,153.7,23,1015.7
1999052118,22.2,0,1.6,230,32.5,1014.3
1999052200,17.5,0,0.4,357.2,68.5,1015
1999052206,21.8,0,0.8,12.7,55,1016
1999052212,27.6,0,4.2,142.9,25,1014.8
1999052218,22.4,0,1.7,145,36,1014.1
1999052300,16,0,0.2,353.6,53,1014.9
1999052306,18.2,0,0.9,236.4,60,1013.7
1999052312,22.3,0,3.4,125,54,1011.5
1999052318,18.3,3.1,3.2,135.1,84,1009.8
1999052400,17.4,15.6,2.2,114.9,89,1004.8
1999052406,17.8,13.5,1.5,63.9,91,998.9
1999052412,18,10,1,353.5,90,995.6
1999052418,16.2,0.9,1.9,346.9,89.5,998
1999052500,14.9,0,2.2,349.8,83.5,1004.4
1999052506,17.1,0,1.5,255.2,75.5,1007
1999052512,23.5,0,3.6,86.4,47.5,1005.2
1999052518,20.3,0,2.7,350,57.5,1005
1999052600,17,0,1.8,307.1,80.5,1006.5
1999052606,18.9,0,1.4,246.1,66,1007.2
1999052612,21,0,2.2,105.6,57.5,1005.5
1999052618,17.5,6.6,1.6,289,82,1005
1999052700,14.3,5.1,0.8,42.4,88.5,1002.7
1999052706,17,0,1.1,302.6,81,1003.2
1999052712,24.1,0,3.9,231.1,42.5,1003
1999052718,21.6,0,2.6,206.9,44.5,1003.6
1999052800,16,0,3.5,346.6,44.5,1006
1999052806,16.2,0,2.3,242.5,33.5,1008.5
1999052812,22.9,0,3.4,277.9,19.5,1007.2
1999052818,19,0,1.5,332.3,39.5,1007.3
1999052900,14.9,0,0.7,324.1,62.5,1009.9
1999052906,17.4,0,2.6,323.3,56.5,1011.2
1999052912,24.5,0,3.8,171,25,1010.5
1999052918,21,0,2.2,248.9,32,1010.7
1999053000,15.7,0,0.4,348.7,52.5,1013.1
1999053006,18.7,0,1.3,262.8,60,1014.7
1999053012,26,0,3.8,148.5,28.5,1014.6
1999053018,21.1,0,1.5,41.5,38,1014.2
1999053100,13.8,0,1.1,276.6,66,1015.5
1999053106,18,0,0.8,197.3,57,1015.6
1999053112,26.5,0,4.3,166.4,33,1013.8
1999053118,22.9,0,2.3,234.4,52,1012.7
1999060100,19.7,0,0.7,3.9,74,1013.5
1999060106,21.3,0,3.7,75.9,73,1012.8
1999060112,25.8,0,4.9,291.6,48,1010.8
1999060118,23.2,0,3,246.6,49.5,1009.6
1999060200,20.5,0,0.5,3.9,59.5,1008.5
1999060206,20.4,0,0.6,320.9,73.5,1008.7
1999060212,18.9,2.3,1.2,336.7,65,1008.9
1999060218,17.8,4.9,0.8,38.6,90,1008.8
1999060300,17.8,0.2,0.7,342.8,89.5,1008.3
1999060306,19.1,0.2,1.2,26.6,84.5,1009.1
1999060312,23.3,0,2.5,49.8,67.5,1008.2
1999060318,20.5,0,1.4,298.8,80,1008
1999060400,18.6,0,0.8,324.8,88,1009
1999060406,22.3,0,1.7,316.8,79.5,1009.8
1999060412,28,0,3.6,84.1,42,1009.8
1999060418,21,0,2.2,150,73,1011.5
1999060500,18.6,0,2.1,310.5,84.5,1013.9
1999060506,19.5,0,2,338,80,1016.7
1999060512,21.5,0,3.4,50.3,65,1016.5
1999060518,20.1,0,1.8,11.2,66.5,1015.8
1999060600,16.9,0,0.6,325.8,87,1016
1999060606,18.6,0,1.4,312.7,87.5,1015.2
1999060612,23.7,0,3.2,70,62.5,1012.2
1999060618,20.7,0.2,1.8,26.2,84.5,1010.2
1999060700,19,0.9,0.8,325,84.5,1010.3
1999060706,19.2,1.3,0.6,341.1,88.5,1009.2
1999060712,23.9,0,2.4,29.1,60,1008.8
1999060718,21.1,0,1,161.2,58.5,1009.8
1999060800,17.5,0,0.2,23.9,81,1010.2
1999060806,19.7,0,0.4,192.9,78.5,1010.2
1999060812,26.2,0,2.5,143.5,42,1009.4
1999060818,22.1,0,1.2,49.2,65,1009.7
1999060900,18.9,0,0.7,350,82.5,1010.8
1999060906,21,0,3.3,285.8,69,1014.2
1999060912,23.5,0,4.9,74.2,40.5,1014.7
1999060918,19.6,0,2.3,44.9,56.5,1015
1999061000,16.3,0,0.7,333.1,82.5,1015
1999061006,19.6,0,0.9,140,67,1014.9
1999061012,26.2,0,3.6,90,23,1012.4
1999061018,21.8,0,2,124.5,57.5,1011.4
1999061100,17.8,0,0.2,4.8,78.5,1010.8
1999061106,22.5,0,1.4,315,58.5,1011.2
1999061112,28.6,0,3.7,141.8,32,1009.8
1999061118,24.3,0,1.6,58.2,53,1009.6
1999061200,19.7,0,0.2,322,72.5,1010.9
1999061206,23.7,0,0.7,115,65,1011.4
1999061212,30.1,0,3.5,84.3,36,1010.2
1999061218,27,0,2.2,263.3,42,1009.6
1999061300,22,0,1.3,328.3,55.5,1010
1999061306,24,0,1.8,96,58,1010.5
1999061312,28.5,0,4.6,148.8,43,1009.8
1999061318,23.9,0,2.8,170,62,1008.7
1999061400,19.7,0,0.6,209.4,84.5,1008.8
1999061406,22.6,0,1.2,70,77,1008.7
1999061412,28.6,0,4.1,143.3,48.5,1006.9
1999061418,26,0,1.6,3.3,47.5,1006.6
1999061500,21.7,0,0.7,43.7,78,1007.7
1999061506,25.4,0,3.4,183.6,69,1007.2
1999061512,30.2,0,6.5,183.3,39.5,1005.4
1999061518,26.2,0,5,186.6,58.5,1004.8
1999061600,24.1,0,2.6,220.1,73,1005
1999061606,25.1,0,2.5,192.3,65,1005.4
1999061612,24.7,4.7,3,147.1,80.5,1003.8
1999061618,23.1,6.4,3.5,151.3,85.5,999.8
1999061700,18,43.9,1.2,294.7,90,1001.5
1999061706,17.4,42.3,1.5,329.9,89,1004.2
1999061712,17,13,1.6,17.3,79.5,1005.3
1999061718,17,5,1.2,307.5,86.5,1005.6
1999061800,16.7,6.1,1,278.1,89.5,1006.7
1999061806,17.8,5,0.6,309.2,90.5,1008
1999061812,21.1,0,1.5,102.3,74,1009
1999061818,19.9,0,1.4,152.4,79,1008.7
1999061900,16.6,0,0.3,322,89,1008.6
1999061906,19.4,0,1.2,127.6,80.5,1009.2
1999061912,24.2,0,3.6,136.8,57.5,1009.3
1999061918,20.4,0,1.5,74.4,72,1010.2
1999062000,18.6,1.5,0.4,10,87,1011.6
1999062006,20.3,0,0.5,7.2,82,1012.2
1999062012,24.7,0,3.8,164,59,1011.4
1999062018,21.8,0,2.3,131.4,74,1011.5
1999062100,19,0,0.3,353.6,87.5,1012.5
1999062106,20.1,0,1.2,10,86,1013.3
1999062112,24,0,3.6,51,49.5,1013.2
1999062118,21,0,3,8.8,58,1012.8
1999062200,19.4,0,2.1,346.9,78.5,1012.7
1999062206,21.8,0,2.8,12.8,70.5,1013.2
1999062212,24,0,5,66.6,60,1012.1
1999062218,21.3,0,2.9,26.1,69.5,1012.1
1999062300,19.5,0,0.7,328.2,81,1011.2
1999062306,19.3,34.1,1.1,328.1,87.5,1008.5
1999062312,20.4,7.7,1.3,348.1,90,1004.3
1999062318,21.2,3.4,1.6,155.9,91.5,998.5
1999062400,23.5,3.3,3.5,160,90,995.5
1999062406,21.2,0,2,90,86.5,1000.9
1999062412,21.2,0,1.9,131.3,71.5,1002.4
1999062418,20.5,0,1.4,252.2,81.5,1003
1999062500,19.5,0,0.9,333,88,1003.4
1999062506,22,0,0.9,304.2,71.5,1004.4
1999062512,26.6,0,1.4,289.6,52,1005.5
1999062518,24.8,0,0.9,357,59,1006.2
1999062600,20.4,0,0.9,346.8,81.5,1008.5
1999062606,21.5,0,1.2,293.9,81,1009
1999062612,23.5,0,2,133.5,73.5,1008.8
1999062618,21.1,0,2.1,178.2,67,1009.5
1999062700,17.3,0,0.2,0,87,1008.3
1999062706,20.1,0,1,48.8,78.5,1009.3
1999062712,25.1,0,4.2,122.9,60.5,1009.4
1999062718,22.6,0,2,63.4,73.5,1008.8
1999062800,20.8,0,0.2,353.6,85.5,1008.8
1999062806,22.9,0,0.7,17.1,83.5,1008.8
1999062812,25.7,0,1.4,69.5,67,1008.5
1999062818,22,0.8,1.5,42.1,81.5,1008.1
1999062900,20.1,17.4,1.5,74.4,86.5,1006.7
1999062906,19.3,14.9,6,57.2,87,1004.3
1999062912,19.9,9.4,6.7,3.3,89.5,1003.2
1999062918,20.7,0.1,4.4,353.2,78.5,1004.7
1999063000,19.8,0,2.2,2,76.5,1007.6
1999063006,21.3,0,0.7,250,80.5,1009.8
1999063012,24.6,0,3.3,150,54.5,1009.8
1999063018,21.8,0,1.6,351.3,68.5,1010.7
1999070100,20.8,0,0.6,347,79,1011
1999070106,20.8,0,1.6,45,85,1010.8
1999070112,21.3,0,2,99.5,85.5,1010.6
1999070118,20.6,2.2,1.7,44.4,86.5,1009
1999070200,19.6,44.5,1.7,3.3,90,1007.5
1999070206,19.7,59.1,3.1,0,92,1003.2
1999070212,22.5,0.2,2.2,326.1,88,1002.5
1999070218,21.5,0.1,1.4,322.3,84.5,1003.2
1999070300,20.4,0.6,1.4,350.2,88,1005.4
1999070306,21.7,0,2.9,356.7,76.5,1008
1999070312,24.7,0,4.4,62.1,59,1009
1999070318,21.3,0,2.7,52,71.5,1010.8
1999070400,19.6,0,0.8,320.4,81.5,1011.4
1999070406,21.2,0,1.7,357,78,1011.8
1999070412,23.3,0,3.1,29.6,63.5,1011.5
1999070418,21,0,2.2,10.2,73,1011.3
1999070500,19.8,0,1.1,357.7,80,1012.6
1999070506,21.2,0,2.7,28.5,76,1012.6
1999070512,23.3,0,3.8,51.5,59,1012.3
1999070518,21,0.2,2.3,52.3,81.5,1012.5
1999070600,19.5,0,1.6,11.9,81,1012.8
1999070606,21,0,2.8,357.7,71.5,1013.6
1999070612,23.1,0,4.4,48.4,58,1013.2
1999070618,20.9,0,2.1,3.4,72,1012.8
1999070700,19.8,0,0.9,340,82,1012.7
1999070706,22,0,3,25.5,73.5,1013.3
1999070712,24.5,0,3.2,66.6,51.5,1012.8
1999070718,21.7,0,2.2,50,69.5,1012.5
1999070800,20.7,0,1,339.6,83.5,1012.7
1999070806,21.9,0,2.1,32.3,80,1012.3
1999070812,25.8,0,3.3,59.8,63.5,1010.5
1999070818,23,0,3.3,38.2,74.5,1009.9
1999070900,21.6,0,2,10,84.5,1009.5
1999070906,22,0,1.2,7.4,83,1009.8
1999070912,23.7,0,3.6,51.8,73,1007.9
1999070918,22.2,0,2.5,24.9,76.5,1007.7
1999071000,21.2,0,1.3,343.1,83,1008
1999071006,22.6,0,3.7,23.2,76.5,1009.1
1999071012,25.4,0,4.9,53.3,53.5,1008.1
1999071018,22.3,0,3.8,18.2,65.5,1008.7
1999071100,21,0,3,13.4,71,1008.7
1999071106,21.3,0,3.6,20,69.5,1009.9
1999071112,23.1,0,4.8,50,54.5,1009
1999071118,21.4,0,3.7,20,68,1008.8
1999071200,20,1.3,3,20,89,1009.1
1999071206,20.4,0.1,4,3.4,83.5,1008.8
1999071212,22,0,5.1,6.6,73.5,1008.1
1999071218,21.3,0,4.1,0,82.5,1007.3
1999071300,21.3,0,3.6,3.4,87.5,1006.8
1999071306,21.8,0,2.7,353.4,87.5,1006.6
1999071312,22.9,0.1,3.8,15,82,1006.2
1999071318,22.3,0,3,13.4,80.5,1005.8
1999071400,21.6,0,2.5,356.6,81.5,1005.5
1999071406,22,0,2.5,356.6,86,1005.5
1999071412,25,0,3.7,32.8,64,1004.4
1999071418,22.8,0,1.5,327.2,78.5,1004.1
1999071500,21.1,0,0.9,316.9,86.5,1004
1999071506,23.2,0,1.4,33.8,79,1003.4
1999071512,26.6,0,3.5,61.4,53.5,1002.4
1999071518,24.2,0,1.9,335.5,74.5,1001.8
1999071600,22.1,0,1.1,270.2,86,1002.8
1999071606,24.9,0,1.6,265.2,77.5,1003
1999071612,31.2,0,2.5,271.9,38.5,1002.5
1999071618,28.1,0,2.3,276.1,54,1002.8
1999071700,23.8,0,0.8,357,81.5,1004.9
1999071706,24.5,0,0.6,0,82.5,1005.2
1999071712,28.4,0,1.8,290.5,56.5,1004.6
1999071718,25.4,0,1.7,219.5,68,1004
1999071800,22.1,0,0.5,343.4,80,1004.3
1999071806,24.8,0,1.5,275.4,77.5,1003.8
1999071812,28.5,0,4.2,132.3,57,1004
1999071818,24.7,0,2.4,106.2,69.5,1004
1999071900,21.9,0,0.7,343.2,86.5,1004.9
1999071906,23.9,0,1.5,38.1,79.5,1005.9
1999071912,27.8,0,5.2,83.4,54.5,1006.2
1999071918,24.2,0,2.5,17.7,74.5,1006.7
1999072000,23,0,0.6,3.3,82.5,1007.9
1999072006,23.8,0,1.8,28.4,81,1009.3
1999072012,25.3,3.8,2.4,32.8,77,1009.2
1999072018,24.3,0,1.9,28.5,80,1009
1999072100,23.4,0,0.3,338.1,88.5,1010.4
1999072106,24.5,0,0.8,356.8,87,1011
1999072112,27.6,0,1.8,58.2,79.5,1009.9
1999072118,27.5,0,1.8,75.9,73.5,1009.7
1999072200,25.7,0,0.4,334.8,86.5,1009.6
1999072206,25.7,3,1.4,70.7,89.5,1009.8
1999072212,25.8,13.6,2.9,111.6,89.5,1009.3
1999072218,24.6,48.5,6.4,162.8,90,1006
1999072300,24.4,0.1,2.6,297.3,89,1002.2
1999072306,26.3,0,3.5,145.9,81,1004.8
1999072312,30,0,3.8,225.7,64,1005.1
1999072318,26.9,0,3.5,233.3,79,1004.7
1999072400,26,0,3.2,241.9,79,1005
1999072406,25.3,1,4.2,218.2,73,1006.4
1999072412,28.8,0,4.9,240,59.5,1005.8
1999072418,27,0,2.7,226.3,64,1005.7
1999072500,24.1,0,0.6,292.3,80.5,1008
1999072506,27.4,0,1.8,252.4,77.5,1009.2
1999072512,30.9,0,4.2,187.7,60.5,1009.8
1999072518,28,0,2.1,289.2,60.5,1009.8
1999072600,24.5,0,0.4,329.8,84.5,1010.5
1999072606,26.3,0,1.4,27.2,80,1010.7
1999072612,28.4,0.2,2.4,61.1,63,1009.4
1999072618,26.6,0,2.4,18.2,72,1007.1
1999072700,25.9,4,5.5,87,75.5,1003.5
1999072706,24.6,9.6,9,86.7,86,999.7
1999072712,25.6,1.5,7.1,130.1,84,997.8
1999072718,24.7,2.7,5.9,150,89.5,999.4
1999072800,24.9,0.7,4.4,173.4,87,1001.2
1999072806,26,1,4.5,183.3,85,1002.8
1999072812,29,0,5.6,193.4,70,1003.4
1999072818,27.2,0,3.8,225.1,67.5,1004.1
1999072900,24.6,0,1.4,128.4,85,1004.7
1999072906,24.4,31.4,1.6,117.6,90,1005.2
1999072912,25.5,8,3.3,160,89.5,1005.3
1999072918,24.7,11.1,4.6,180,88.5,1006.1
1999073000,24.6,21.8,2.6,186.8,88.5,1007.2
1999073006,24.5,25.9,4.6,238.5,90,1007.6
1999073012,27.7,0,6.2,246.7,76.5,1008.1
1999073018,26.2,0,4.5,220.1,75,1008.8
1999073100,25.4,0,2.4,230,85,1009.6
1999073106,26.6,0,5.1,186.6,82,1009.3
1999073112,28.5,0,5.4,204.9,66.5,1009.2
1999073118,27.4,0,3.9,225.1,69.5,1007.9
1999080100,27.2,0,4.3,230,72.5,1007
1999080106,27.8,0,4,209.6,75.5,1007.1
1999080112,30.2,0,5.4,223.4,59,1006.8
1999080118,27.4,0,3.2,200.2,71,1007.3
1999080200,25.8,1.5,1.8,190.3,85.5,1008
1999080206,26.3,0,2.8,191.5,83,1007.2
1999080212,27.4,0,5,186.6,80,1006.3
1999080218,26.8,0,2.6,162,81,1006
1999080300,24.5,4.4,2.5,54.2,87.5,1006.1
1999080306,24.3,15.5,3.9,87.9,90,1005.6
1999080312,26.1,8.3,7,158.1,80.5,1003.5
1999080318,24.7,11,5.1,220.4,78.5,1003.8
1999080400,22.9,12.3,1.1,305,81.5,1007.2
1999080406,22.2,79.2,1.1,50,90,1009.7
1999080412,22.6,17.1,0.8,342.9,90.5,1011.5
1999080418,22.9,0.2,0.9,43.3,88,1011.2
1999080500,22.5,0.6,0.1,348.6,89,1011.2
1999080506,24.5,0,0.7,342,88.5,1010.7
1999080512,28.2,0,4.2,15,63,1008.3
1999080518,24.8,0,2.4,353.1,79,1007.5
1999080600,23.6,3.3,1.9,4.3,87,1006.2
1999080606,24.5,0.5,3.3,4.3,89,1005.2
1999080612,27.1,0,4.2,16.7,75.5,1004.4
1999080618,25.5,0,3.9,356.7,79.5,1003
1999080700,25.6,0,4.5,0,80.5,1003.1
1999080706,26.8,0,4.2,6.6,75.5,1001.5
1999080712,27.4,0,4.1,10,73,1000.5
1999080718,25.4,1.6,2.9,16.2,86,1000.7
1999080800,25.4,2.2,2.5,69.1,87.5,1002.2
1999080806,25.9,5.4,1.3,94.1,89,1003.7
1999080812,29.6,0,4.2,76.6,69,1004.8
1999080818,27.3,0,2,356.6,73.5,1006.4
1999080900,26.5,0.1,2.5,70.6,84.5,1007.4
1999080906,27.6,0,2.7,70,81,1008.5
1999080912,31.1,0,3.8,69.5,51,1008.8
1999080918,27.7,0,1.7,32,68,1008.5
1999081000,24.7,0,0.7,331.9,81.5,1009.8
1999081006,26.6,0,1.1,11.7,80,1009
1999081012,31.3,0,3.2,62.3,55.5,1007.7
1999081018,27,0,1.2,30.3,73.5,1007.7
1999081100,24.2,0,0.1,350,87,1008.4
1999081106,26.4,0,0.7,40.2,80,1008.1
1999081112,31.4,0,3.3,131.3,49,1007.2
1999081118,27.1,0,1.6,31.9,67,1007.1
1999081200,24,0,0.3,332,87,1007.4
1999081206,26.4,0,2,19.7,79.5,1007.8
1999081212,29.4,0,4.6,43.4,58.5,1006.6
1999081218,26,0,2,46.8,54.5,1006.3
1999081300,23.2,0,1.4,24.6,72,1007.2
1999081306,25.4,0,2.6,343.4,69.5,1007.6
1999081312,28.3,0,4.1,346.5,65,1007.5
1999081318,25.2,0,1.6,330,62.5,1008.4
1999081400,22,0,0.7,287.3,84.5,1010.2
1999081406,24.9,0,2.6,349.8,75,1011
1999081412,28.3,0,2.8,325,53.5,1010.8
1999081418,25,0,1.6,275.3,72,1011.2
1999081500,23.5,0,1.4,303.6,80,1011.6
1999081506,24.7,0.5,3,10,83,1011.5
1999081512,26.1,1,3.9,356.7,80.5,1011.3
1999081518,25,0,2.3,346.8,80,1011.3
1999081600,24,0,1.5,346.8,82,1010.7
1999081606,25.4,0,2.9,0,76.5,1010.4
1999081612,27.3,0,4.2,6.8,61.5,1009
1999081618,24.6,0,1.8,349.8,71.5,1008.3
1999081700,23,0,0.7,343.6,83,1007.8
1999081706,25,0,2.3,31.3,77.5,1007
1999081712,27.4,0,2.2,56.4,72,1006.2
1999081718,26.7,0,1.4,31.3,77.5,1006.3
1999081800,25.5,14.8,1.5,330,84,1007
1999081806,26,2.5,2,326.6,86.5,1007.2
1999081812,27,20.9,3.5,293.2,78,1006.8
1999081818,24,7.8,2,296.8,86,1007.3
1999081900,23.4,0,1.2,300.6,89,1008.2
1999081906,26,0,1.2,242.4,80,1008.5
1999081912,31.1,2.5,2,283,50.5,1008.3
1999081918,27.1,0.2,1.1,37.8,78.5,1009.7
1999082000,24.3,0,1.1,26.6,85.5,1011.2
1999082006,25.7,0,1.2,350.6,82,1010.7
1999082012,28.8,0,4,214,61.5,1009.2
1999082018,26.4,0,3,239.7,68.5,1008.3
1999082100,24.9,4.7,1.1,206.8,83,1007.5
1999082106,24.7,10.1,1.1,250.1,88,1007
1999082112,29.3,0,4,226.8,63.5,1007.4
1999082118,25.8,0,2,252.5,77.5,1008.8
1999082200,24.5,0.6,1.6,267.5,80,1010.1
1999082206,25.2,0.2,1.1,280,85,1010.7
1999082212,27,0,2.8,332.1,70.5,1011
1999082218,25.5,7.9,2.7,103.8,82.5,1011.7
1999082300,21.4,23.9,2.4,329.7,86.5,1012.7
1999082306,20.5,11.9,1.2,290.8,89,1013
1999082312,23.1,0.2,2.2,340,82,1013.7
1999082318,22.5,0,2.1,320.3,77,1014.7
1999082400,21.4,0.1,1.2,328.5,86,1015
1999082406,22.6,0,1.4,339.5,82,1016
1999082412,26.4,0,2.5,345.5,51,1015.1
1999082418,23.5,0,1.4,346.5,70.5,1014.5
1999082500,20.4,0,0.3,332.3,86.5,1014.3
1999082506,22,0,0.3,16.2,82.5,1013.8
1999082512,26.1,0,3,107.7,56,1012.3
1999082518,23.8,0,1.1,70,72,1011.5
1999082600,20.6,5.8,1.3,353.4,86,1012.1
1999082606,20.4,42,2.2,17.1,88.5,1009.5
1999082612,22.3,0.2,2.6,353.6,83,1006.8
1999082618,20.6,2.2,1.3,288.2,86,1008.7
1999082700,20.2,0.6,0.5,315,90,1009.3
1999082706,21.1,0,1,287.3,90.5,1009.8
1999082712,24.2,0.9,1.3,18.2,81,1009.5
1999082718,22.9,4.6,0.7,356.7,88,1008.1
1999082800,21.7,0,0.5,348.6,89,1008
1999082806,22.8,0,0.9,330.7,84,1010.3
1999082812,27.5,0,2.4,127.4,61,1011.2
1999082818,24.9,0,2,167.8,74,1011.8
1999082900,21.9,0,0,0,87.5,1012
1999082906,23.3,0,0.6,63.2,82,1012.5
1999082912,25.6,0,2.7,153.9,63.5,1011.1
1999082918,24.5,0,1.6,63,76.5,1010.8
1999083000,23.1,2.3,0.8,10.2,86.5,1010.9
1999083006,22.6,10.7,0.5,27.6,88.5,1010.1
1999083012,22.9,12.8,0.8,5.8,86,1009.2
1999083018,21.9,4.8,0.3,325.3,87,1009
1999083100,21.4,25.8,0,0,89,1007.8
1999083106,23.2,27,0.7,181.6,89.5,1005.7
1999083112,24.1,11.7,3.4,337.3,85,1005.7
1999083118,21.3,23,2.4,333.1,85,1008.4
1999090100,20.9,0,0.8,336.6,84,1011.8
1999090106,22,0,0.8,347.9,86.5,1014
1999090112,26.2,0,4.4,97.3,60,1012.1
1999090118,23.3,0,1.7,356.6,77,1014.3
1999090200,20.7,0,0.3,302.3,88,1016.7
1999090206,22.9,0,1.9,3.4,81,1017.4
1999090212,26.7,0,3.6,18.2,50,1018.3
1999090218,23.2,0,1.6,353.4,70.5,1019.3
1999090300,21,0,0.9,300.6,84,1020.2
1999090306,22.2,0,0.9,356.8,82.5,1020.6
1999090312,25.6,0,3.3,21.6,56.5,1020.2
1999090318,23.2,0,1.4,10,72.5,1019.7
1999090400,21.4,0,0,0,81,1019.5
1999090406,22.7,0,1.4,316.4,81.5,1019
1999090412,27.5,0,2.7,16.7,47.5,1017.2
1999090418,24.5,0,1.5,0,77,1016.3
1999090500,23.4,0,0.3,335.9,84.5,1015.1
1999090506,23.9,0,0.4,308.8,85.5,1013.2
1999090512,24.2,43.5,2.9,171.9,89,1010.7
1999090518,24.1,0,1.8,261.4,86,1008.7
1999090600,23.9,0,0.1,350,86.5,1006.6
1999090606,25.3,0,1.1,41.3,81.5,1007.2
1999090612,26.2,0,2.5,25.3,65,1008.2
1999090618,23.7,0.4,0.8,346.4,83,1009
1999090700,23.1,0.5,0.3,293.5,87,1009.2
1999090706,22.9,8.9,0.8,295,86.5,1009.1
1999090712,24.1,13.6,0.9,24.5,84.5,1007.2
1999090718,24.5,0,0.8,22,83.5,1007.5
1999090800,22.8,0,0.2,350.2,89,1008.3
1999090806,25,0,1,334,83.5,1009.8
1999090812,30.3,0,1.8,87,52,1009.1
1999090818,26.3,0,1.1,4.3,65.5,1009
1999090900,22.6,0,0.3,24.1,83.5,1009.4
1999090906,24.7,0,0.8,283.5,77.5,1008.8
1999090912,31.2,0,2.2,119.8,47.5,1006.8
1999090918,27.3,0,1.3,299.2,71.5,1006.2
1999091000,25.2,6.2,0.7,267.1,83.5,1005.4
1999091006,24.4,53.8,1.5,158.6,90,1003.4
1999091012,28.4,0,3.8,269.4,73.5,999.7
1999091018,26.3,0,0.8,356.5,81,1001.2
1999091100,23.9,0,0,0,88.5,1002.4
1999091106,25.1,0,0.6,295,86.5,1003.6
1999091112,29.6,0,2.9,131.9,58,1003.5
1999091118,26.1,0,0.9,22.6,75.5,1003.5
1999091200,23.9,0,0.2,21.9,86,1004.5
1999091206,25.4,0,1.8,202.4,78.5,1006.5
1999091212,29.1,0,2.9,39.7,52.5,1007.7
1999091218,25,0,0.6,1.3,73.5,1009.2
1999091300,22,0,0.1,0,85.5,1009.8
1999091306,24.5,0,0.4,32.4,77,1010
1999091312,30.1,0,3.3,138.4,46,1008.7
1999091318,26,0,1,32.4,65.5,1008.7
1999091400,22.6,0,0.2,348.7,84,1009.1
1999091406,24.2,0,1.6,341.3,78,1008
1999091412,27.4,0,2.8,6.6,65,1006.2
1999091418,25,0,2.7,320,67.5,1006.3
1999091500,22.8,0,2.2,293.2,76.5,1005.8
1999091506,24.4,0,3.4,329.8,68.5,1007.8
1999091512,26.9,0,4.8,42.3,51,1009.9
1999091518,24,0,3.1,64.2,73.5,1012.8
1999091600,23,0,2.8,27.6,83,1014.3
1999091606,24.2,0,5.1,24.9,70,1015.3
1999091612,25.6,0,6.2,40.1,58.5,1015.5
1999091618,24,0,4.7,20,73.5,1016.2
1999091700,22.2,11.8,2.4,35,84.5,1016.4
1999091706,19.4,13.6,3.3,7.5,87,1017.2
1999091712,19,7.5,2.5,340,85,1016.8
1999091718,19.7,5.7,1.5,1.3,89.5,1017
1999091800,21.9,2.1,3,21.6,86,1016.2
1999091806,22,8.5,3.4,353.2,89,1016.5
1999091812,22.1,2.3,2.9,346.6,86,1015.9
1999091818,22.3,0,1.5,314.6,86.5,1015.8
1999091900,22,0,1,266.6,88.5,1015
1999091906,23,0,0.9,284.5,89,1014
1999091912,28.1,0,1.6,104.9,73.5,1011.6
1999091918,26.3,0,1.6,178.8,83.5,1009.9
1999092000,25.5,2.4,1,48.7,89,1008.3
1999092006,22.2,7.1,3.2,26.8,86.5,1008.7
1999092012,21.4,12.1,3.1,31.4,86.5,1010.5
1999092018,21.1,2.3,4.3,56.6,86,1012.3
1999092100,20.4,2,4.6,42.3,85.5,1012.5
1999092106,19.5,3,4.7,40.1,84,1013.4
1999092112,19.3,2.2,4.4,16.7,86.5,1012.8
1999092118,19.5,0.6,4.7,50,81.5,1013.1
1999092200,18.8,0.4,3.4,40.1,82,1012.7
1999092206,18.6,3.4,3.8,45.1,85,1012.5
1999092212,19.2,1.4,2.5,343.2,84.5,1012
1999092218,19,3,1.8,316.8,88,1012.4
1999092300,19.3,0.8,1.3,329.8,88,1011.7
1999092306,19.1,27.8,1.5,285.5,90,1011.1
1999092312,20.5,3.2,0.9,353.2,88,1010.3
1999092318,20.5,8.6,1.4,342.7,87,1010
1999092400,20.1,55.4,3.8,1,89.5,1005.2
1999092406,20.5,49.9,6.7,346.5,90,997.9
1999092412,24.8,0.1,1.9,329.7,63.5,1000.6
1999092418,21.8,3.1,0.4,16.2,85,1006.8
1999092500,20.5,0.1,0.2,344.8,89,1010.4
1999092506,21,0,1.7,239.8,85.5,1013.2
1999092512,27.4,0,1.8,346.2,36.5,1013.4
1999092518,21.2,0,1.1,306.7,47,1015.8
1999092600,18,0,2,277.9,76,1018.6
1999092606,18.8,0,1.6,300.7,76,1020.8
1999092612,24.5,0,2.7,56.6,47,1020.4
1999092618,19.9,0,0.9,357.7,68.5,1020.5
1999092700,16.1,0,0.1,335.4,87,1021.6
1999092706,18.1,0,0.7,168.6,82.5,1021.4
1999092712,26.2,0,3.1,151.3,44.5,1020.1
1999092718,21.6,0,1,30.2,66.5,1020.8
1999092800,16.8,0,0.2,350,88,1021.3
1999092806,18.8,0,1,300.4,79.5,1021.6
1999092812,25.6,0,2.6,46.8,55,1019.2
1999092818,21.8,0,1.6,24.3,76.5,1019.2
1999092900,18,0,0.5,340.3,87.5,1019
1999092906,19.2,0,0.7,225,85,1018
1999092912,26.4,0,3,45,55.5,1015.8
1999092918,24,0,1.1,316.6,71.5,1015.8
1999093000,22.1,0,1.6,329.8,75,1016
1999093006,22.8,0,2.8,346.3,66,1018.3
1999093012,24.1,0,4,10,50.5,1018.7
1999093018,21.2,0,2,346.6,64.5,1020
1999100100,20.2,0,1.6,317.2,80.5,1019.8
1999100106,20.9,0.3,1.9,262.9,86,1019.8
1999100112,24.5,0,2.8,90,63,1017
1999100118,22.7,0,1.1,116.7,79,1016.2
1999100200,20.5,0,0,0,88,1014.2
1999100206,24.5,0,2.1,209.7,73,1011.5
1999100212,21.6,0,4.3,8.6,54,1010.6
1999100218,17,0,3.8,10.2,52.5,1014.2
1999100300,12.9,0,2.4,18.9,49,1017.5
1999100306,14.7,0,2.8,11.5,58,1020.8
1999100312,19.4,0,4.4,18.2,44,1021.5
1999100318,15.1,0,1.5,282.6,56.5,1023
1999100400,12,0,0.7,297.3,80,1023.7
1999100406,15.3,0,0.9,349.7,74.5,1024.1
1999100412,21.1,0,3.6,51.8,40.5,1022.8
1999100418,17.7,0,1.5,325.7,57.5,1022
1999100500,14.6,0,0.6,352.8,80.5,1020.9
1999100506,16.4,0,0.7,305,78,1020.9
1999100512,21.8,0,1.6,115.6,46,1019.5
1999100518,18.2,0,0.9,5.7,62.5,1019.7
1999100600,15.2,0,0.9,329.8,74.5,1019.2
1999100606,16.1,0,0.9,331.9,73.5,1018.8
1999100612,18,0,3.8,30.7,58.5,1017
1999100618,13.7,0.6,1.2,273.8,88.5,1017
1999100700,12.6,0,1.2,324.6,79,1016.5
1999100706,15.7,0,1.4,347.4,76,1016.3
1999100712,21.5,0,2.3,13.7,46.5,1014.2
1999100718,18.1,0,0.7,3.4,65.5,1013.9
1999100800,16.3,0,1.2,26.1,81.5,1014.2
1999100806,18.1,0,3.2,353.6,66,1015.5
1999100812,24.1,0,2.5,7.3,32,1016
1999100818,18.2,0,0.7,276.1,49.5,1017.6
1999100900,13.7,0,0.4,295,78.5,1019.7
1999100906,16.2,0,0.8,230,77,1021.5
1999100912,22.7,0,4.2,83.4,43.5,1021.1
1999100918,19.5,0,1.6,52.8,59,1021.5
1999101000,15.4,0,0.7,306.7,83.5,1022.1
1999101006,17.4,0,0.4,279.5,80,1021.8
1999101012,21.1,0.4,2,29.3,56,1019.3
1999101018,17.8,2.1,1,296.4,85,1017.4
1999101100,18.6,28.2,1.2,271.5,90,1013.9
1999101106,22.7,24.3,3.3,186.6,88,1012.6
1999101112,23.3,2.8,2.7,215,81.5,1013.1
1999101118,19.4,4.8,1.3,10.3,89,1015.2
1999101200,18.5,0,1.7,37.8,80.5,1016.7
1999101206,18.5,1.2,2.3,336.6,80.5,1018.2
1999101212,19.3,0.3,2.4,340,82.5,1019.1
1999101218,18.9,0.1,1.2,321.5,76.5,1019.6
1999101300,18.1,0,0.5,332.1,83.5,1019.4
1999101306,18.4,0.1,0.7,353,82.5,1019.1
1999101312,20,1.7,1.2,98.6,83,1018.2
1999101318,18.6,0.4,1,348.4,86.5,1018.2
1999101400,17.5,0,1.6,16.6,79.5,1018
1999101406,17.3,0,2,296.8,70,1020.2
1999101412,21.1,0,2.8,356.8,59,1019.6
1999101418,19.8,0,2.7,352.2,76,1019.3
1999101500,18.1,0.7,1.1,321.1,83.5,1019.2
1999101506,16.9,3.4,1.1,328.3,88,1018.5
1999101512,17.6,0.7,1,302.7,78.5,1016.8
1999101518,17.4,0,2.2,336.6,70.5,1016.9
1999101600,13.6,0,3,333.2,32,1019.9
1999101606,11.9,0,3.6,336.1,31.5,1022.7
1999101612,12.8,0,5.3,315.1,18.5,1021.8
1999101618,8.3,0,4.2,328.3,23.5,1024.3
1999101700,4.7,0,2.7,5.7,31.5,1025.4
1999101706,7.4,0,2.4,350.2,40,1025.6
1999101712,15.4,0,3.9,357.7,31,1022.8
1999101718,11,0,0.7,350.2,48.5,1022.9
1999101800,7.7,0,0.6,43.5,75.5,1024.4
1999101806,10.5,0,1.2,221.1,75,1025.7
1999101812,18.1,0,3,98,38,1024.4
1999101818,13.9,0,1.6,263.6,66.5,1024.7
1999101900,10.1,0,0.8,316.3,85.5,1024
1999101906,12.6,0,1.1,260,77,1023
1999101912,19.9,0,2.3,111.4,40,1020
1999101918,15.2,0,0.8,300.6,62.5,1019.2
1999102000,10.5,0,0.6,288.2,85,1018.8
1999102006,12.5,0,1.9,253.7,71,1019.5
1999102012,20.5,0,2.7,273.4,30,1018.1
1999102018,14.5,0,1.3,291.2,47.5,1018.6
1999102100,10.1,0,0.7,263.5,78.5,1020.2
1999102106,12,0,0.9,217.6,77,1021.2
1999102112,21.3,0,2.1,193.6,33.5,1019.5
1999102118,15.8,0,0.5,280.5,56.5,1019.9
1999102200,11.3,0,0.3,333.4,83.5,1020.9
1999102206,13.3,0,1.1,271.2,79.5,1021.4
1999102212,22.1,0,2.8,278.7,24.5,1019
1999102218,16,0,1.9,296.2,39.5,1018.8
1999102300,14.9,0,3.3,357.2,48,1020.5
1999102306,17.1,0,5.3,50,63,1023.6
1999102312,16.8,0,4.9,50,48.5,1025.1
1999102318,13.5,0,1.9,5,54.5,1025.2
1999102400,9.9,0,0.3,338.1,73.5,1024.2
1999102406,12.4,0,1,84.7,73.5,1024.2
1999102412,18.5,0,3,60,46,1022
1999102418,13.4,0,0.8,348.3,70.5,1022
1999102500,9.6,0,0.3,330.6,88,1022.6
1999102506,12.1,0,0.3,343.9,82,1023
1999102512,21.3,0,2.1,157.7,39.5,1020.8
1999102518,14.8,0,1.1,325.1,65.5,1021.3
1999102600,10.8,0,0.2,315,87.5,1021.6
1999102606,12.3,0,0.1,348.7,85,1021.2
1999102612,20.6,0,0.8,146.9,46,1018.2
1999102618,17.2,0,1,0,73.5,1016.3
1999102700,15.4,0,0.6,309.7,86.5,1014.2
1999102706,16.4,0,2,287.1,78.5,1014.2
1999102712,21.7,0,3.1,13.4,34.5,1012.3
1999102718,15.9,0,0.8,346.4,67.5,1013.3
1999102800,11.7,0,0.1,350,87,1015.5
1999102806,12.7,0,0.2,341.6,82,1016.5
1999102812,23.2,0,2.8,96.6,28,1013.7
1999102818,18,0,1.2,18.6,55.5,1013.4
1999102900,14.6,0,0.6,33.8,73,1013.7
1999102906,15.8,0,1.1,271.4,75,1014.5
1999102912,21.4,0,3.8,309.8,31.5,1014.8
1999102918,12.4,0,2.7,11.7,23,1018.7
1999103000,8.1,0,2.8,312.1,36,1022.7
1999103006,9.7,0,2.4,24.1,52.5,1024.6
1999103012,16.7,0,2.4,41.9,31.5,1023.7
1999103018,11.2,0,0.5,284.5,56,1024.8
1999103100,7.4,0,0.5,300.7,71.5,1024.7
1999103106,9.4,0,0.5,239.7,71.5,1023.6
1999103112,16.1,0,1,79.5,51,1018.9
1999103118,13.4,13,1.9,341.7,84.5,1013.4
1999110100,12.6,14.1,3.5,7.7,87.5,1008.1
1999110106,11.5,0.9,2.8,340,84.5,1009.8
1999110112,12.5,0.5,4.8,315.7,62.5,1012.5
1999110118,10.4,0,3.2,331.9,59.5,1017
1999110200,8.5,0,4.3,350,51.5,1019.5
1999110206,9,0,5.6,340,45.5,1020.3
1999110212,12.6,0,5.4,313.3,31,1019.8
1999110218,8.8,0,2.3,333.4,28.5,1022.2
1999110300,5.7,0,0.6,77.4,50,1023.6
1999110306,6.9,0,1.1,335.9,66.5,1024.8
1999110312,13.6,0,3.7,326.6,32.5,1023.1
1999110318,9.6,0,1.7,335.5,45,1023.8
1999110400,7,0,2.6,343.2,56,1024.8
1999110406,8.1,0,2.8,0,54,1026.4
1999110412,15.7,0,3.2,318.4,22.5,1024.9
1999110418,10.3,0,1.3,325.9,37.5,1024.9
1999110500,7.2,0,1.2,356.6,65.5,1024.8
1999110506,10.4,0,1.5,266.4,71.5,1025.3
1999110512,18,0,2.8,75.9,40,1023.8
1999110518,12.9,0,0.7,284.1,62.5,1023.8
1999110600,9.7,0,0.9,294.7,84.5,1024.2
1999110606,11.4,0,0.4,330.5,77,1024.6
1999110612,18.5,0,2.8,73.4,48,1023
1999110618,13.5,0,0.6,317.9,72,1023.5
1999110700,9.9,0,0.4,312.1,89.5,1022.8
1999110706,11,0,0.2,350,86,1021.7
1999110712,19.8,0,2,150.4,38.5,1017.4
1999110718,15.9,0,0.6,2.1,65,1015.6
1999110800,13.2,0,0.4,0,82,1014.3
1999110806,14,0,2.2,24.7,74,1013.8
1999110812,18.6,0,2.9,344.8,43,1013.6
1999110818,14.8,0,4.1,311.3,60,1016.4
1999110900,12.2,0,2.3,336.6,61,1019.2
1999110906,13.1,0,3.5,14.3,54.5,1020.6
1999110912,14.3,0,3.9,64.9,42.5,1021.2
1999110918,11.6,0,2.9,346.6,50.5,1022.9
1999111000,11.6,0,3,350,52.5,1023.6
1999111006,12.8,0,0.8,42.8,55,1023.9
1999111012,17.1,0,2.3,70.5,39,1022.7
1999111018,11.9,0,0.8,345.7,60,1021.6
1999111100,8.4,0,0.1,348.6,84.5,1020.3
1999111106,8.9,0,0.3,315,86,1019
1999111112,16.1,0,1.4,102.6,63,1015.3
1999111118,15.3,0.5,0.8,265.2,78.5,1012.8
1999111200,14.5,6.8,0.5,335.2,91,1009.4
1999111206,15.8,0.9,2.6,50.7,84,1009.1
1999111212,17.7,0,4.3,321.8,48.5,1011.7
1999111218,13.4,0,1.5,342.7,52.5,1015.8
1999111300,10.6,0,2.8,353.6,59.5,1019.8
1999111306,11.2,0,1.2,206.3,67,1023.2
1999111312,17.6,0,2.8,23.2,32.5,1023.5
1999111318,11.6,0,1.4,301.2,52.5,1024.5
1999111400,8.3,0,0.1,0,79,1025.1
1999111406,11.7,0,1,283.8,77,1024.1
1999111412,18.6,0,3.4,29.6,50,1021.2
1999111418,15,0,1.3,336.5,68,1019.5
1999111500,13.2,2.5,0.9,337.8,86.5,1017.2
1999111506,13.6,0.1,1.7,354.2,78,1017.1
1999111512,14.4,0,3.7,43.8,70,1016.8
1999111518,11.3,0,4,56.6,69.5,1018.8
1999111600,9,0,3.1,353.4,76.5,1020.6
1999111606,8.7,0,3.2,356.7,76,1022.8
1999111612,11.1,0,3.5,24.1,52,1023.7
1999111618,7,0,1.2,307.2,68,1025.8
1999111700,4,0,0.4,307.5,91,1027.3
1999111706,5.2,0,1.1,356.7,80,1028.6
1999111712,11.4,0,2.4,234.2,44.5,1025.4
1999111718,9.2,0,2.4,332.7,46.5,1024.1
1999111800,5.9,0,1.1,320.2,49,1023.1
1999111806,5.7,0,0.8,314.9,76,1023.5
1999111812,12.8,0,3.1,260.2,57,1022.3
1999111818,8.4,0,2.2,280.1,46,1023.5
1999111900,3.6,0,1.2,243.4,56,1024.1
1999111906,4.4,0,1.1,221.7,64,1024.2
1999111912,14.5,0,2,46.1,39.5,1022.3
1999111918,9.6,0,0.8,0,43.5,1022.7
1999112000,6.3,0,0,0,61.5,1022.2
1999112006,7.2,0,0.1,0,72.5,1022
1999112012,16,0,1.6,133.4,40,1020.3
1999112018,11.7,0,2.1,29.1,55.5,1021.2
1999112100,6.7,0,0.5,293.1,80.5,1023.2
1999112106,7,0,1.1,306.4,86,1024.2
1999112112,16.1,0,1.7,35,33.5,1023
1999112118,10.4,0,1,268.1,51,1023.6
1999112200,6.3,0,2,273.9,64.5,1024.4
1999112206,7,0,1,297.3,72,1024.6
1999112212,16.8,0,0.9,111.1,36,1023
1999112218,13,0,0,0,45,1022.8
1999112300,8.6,0,0.2,350,67.5,1023.8
1999112306,8,0,0.3,325,74,1023.8
1999112312,18.3,0,1.7,160,48,1021.9
1999112318,13.4,0,0.3,352.6,78.5,1021.2
1999112400,9.4,0,0.1,0,88.5,1019.8
1999112406,9.3,0,0.2,342,83.5,1017.8
1999112412,19.6,0,0.8,68.3,41,1014.1
1999112418,14.1,0,0.6,270.3,45.5,1011.7
1999112500,15.2,0,3.5,257.5,60,1009.3
1999112506,14.5,0,3.5,310.9,68.5,1008.8
1999112512,13.7,0,4.7,326.6,25.5,1012.2
1999112518,9.6,0,2.5,305,26.5,1015.8
1999112600,4.7,0,1.8,325,34,1019
1999112606,3,0,1.8,321.8,51,1022.2
1999112612,4.1,0,4.3,323.3,36.5,1023.2
1999112618,0.6,0,2.6,310.4,29,1025.6
1999112700,-0.7,0,3,327.1,41,1025.8
1999112706,0.9,0,0.7,253.9,57,1024.8
1999112712,6.1,0,3,272.9,49.5,1023.6
1999112718,4.5,0,2.3,283.4,50,1022.8
1999112800,2.5,0,1.8,325,53.5,1023.6
1999112806,2.5,0,3.2,318.7,64.5,1025.2
1999112812,6,0,4.5,291.6,31.5,1024.4
1999112818,2.5,0,2.6,286.2,34.5,1026.5
1999112900,-0.1,0,1.6,292.4,54.5,1029
1999112906,0,0,0.6,248.7,74,1029.7
1999112912,8.1,0,2.6,253.4,42,1026.4
1999112918,4.3,0,1.4,284.7,51.5,1026.3
1999113000,0.3,0,0.3,332.1,77.5,1028.1
1999113006,1.8,0,0.6,304.1,81.5,1028.9
1999113012,11.2,0,4.1,325.3,35,1029.7
1999113018,6.1,0,0.7,305.5,47,1030.9
1999120100,2.5,0,0.9,283.4,72.5,1031.7
1999120106,3.2,0,1,292.9,79.5,1031.6
1999120112,8.4,0,0.6,16.7,60,1029.9
1999120118,7.3,0,0.6,20.1,58,1029.3
1999120200,6.4,0,3.5,35,53,1029.8
1999120206,7.4,0,4.6,287.1,54,1030.8
1999120212,12.4,0,4,331.8,43,1030.8
1999120218,8.5,0,1.4,340.5,53.5,1033.1
1999120300,4,0,1.2,287.3,75,1035.1
1999120306,4.6,0,1.2,220.4,70.5,1036.2
1999120312,13.1,0,1.8,107.2,44,1033.8
1999120318,8.6,0,0.6,357.7,74,1032.8
1999120400,4.5,0,0.2,346.9,87,1031.2
1999120406,5.2,0,0.1,8.6,86.5,1029.1
1999120412,13.2,0,3,252.5,46.5,1025.1
1999120418,9.5,0,0.2,335.5,56.5,1024.6
1999120500,7.4,0,0.2,355.5,75,1024.5
1999120506,8.3,0,0.6,333.4,76,1023.4
1999120512,10.9,0,3.4,19.3,62.5,1020.6
1999120518,7.4,0,3.6,340,56,1020.1
1999120600,5.4,0,4.5,276.6,50.5,1020.1
1999120606,4.3,0,2.3,275.1,56,1020.4
1999120612,6.4,0,5.9,273.3,43.5,1020.5
1999120618,3.4,0,3.8,316.3,40.5,1023.4
1999120700,1.9,0,2.1,6.6,44,1027.1
1999120706,1.4,0,4.4,333.2,47,1029.4
1999120712,8.3,0,3.8,310.4,23,1029.6
1999120718,4.8,0,1.6,285.5,25,1028.9
1999120800,2.1,0,1,300.6,55,1028.9
1999120806,2.7,0,1.3,235,72.5,1028.3
1999120812,11.7,0,1.4,184.4,40.5,1024.1
1999120818,8.4,0,1.5,283.5,43.5,1022.3
1999120900,8.6,0,2.4,256.6,59.5,1019.9
1999120906,9.9,0,2.9,281.2,58.5,1018.4
1999120912,13.6,0,3.2,303.8,28,1019.6
1999120918,8.5,0,1.9,295.5,30.5,1020.5
1999121000,3.1,0,0.7,328.3,54.5,1020
1999121006,3.2,0,1.6,249.1,64,1019.9
1999121012,14,0,3.5,218.2,26.5,1016.6
1999121018,10.4,0,1.6,250,41.5,1015.3
1999121100,7.1,0,2.6,325,49.5,1019.5
1999121106,3.8,0,4.2,310.1,37.5,1024.7
1999121112,7.3,0,4.3,305,21,1025.2
1999121118,3.8,0,2.5,323.3,21,1026
1999121200,1.4,0,4,354.7,30,1025.8
1999121206,2.2,0,5.2,322.3,34.5,1025.7
1999121212,7.9,0,3.4,318.4,21.5,1023.8
1999121218,4.6,0,2.1,325,31,1024.1
1999121300,0.5,0,0.4,353.6,54,1022.7
1999121306,1.4,0,0.3,337.2,66.5,1022.4
1999121312,10.6,0,2.5,315,48.5,1019.5
1999121318,5.9,0,2.8,0,48,1020
1999121400,3.2,0,6.7,324.9,55,1021.2
1999121406,3.3,0,3.7,276.6,53,1022.2
1999121412,6.8,0,3.6,11.4,39.5,1020.8
1999121418,3.1,0,1,296.6,53,1021.8
1999121500,-0.5,0,0.1,348.7,73,1022.5
1999121506,1.6,0,1.2,308.1,81,1023.2
1999121512,8.8,0,3.1,305,46.5,1023.9
1999121518,4.3,0,0.3,1.3,51.5,1025.7
1999121600,0.3,0,0.9,340,72,1026.2
1999121606,0.9,0,0.4,314.9,80.5,1025.8
1999121612,12.5,0,4.1,246.2,32.5,1022
1999121618,10.1,0,2.3,182.1,51,1021.2
1999121700,6,0,2.5,1.3,75.5,1021.2
1999121706,3.4,0,2.8,9.3,64,1023.5
1999121712,6,0,3.7,307.1,33,1023.8
1999121718,1.7,0,2.1,294.7,28,1025
1999121800,-1.1,0,4.1,333.1,32.5,1025.6
1999121806,-1.6,0,3.7,313.4,45.5,1027.1
1999121812,2.4,0,5.8,288.2,34,1026.8
1999121818,-0.2,0,2.5,281.3,34.5,1028.2
1999121900,-2.3,0,2.1,326.6,34,1027.8
1999121906,-2.6,0,3.4,346.6,48.5,1027.7
1999121912,0.5,0,4.3,328.8,38.5,1025.8
1999121918,-3,0,1.9,318.1,36,1026.1
1999122000,-5,0,2.7,270.9,41.5,1027.4
1999122006,-4.9,0,2.5,284.7,45.5,1027.1
1999122012,-0.1,0,5.4,336,34.5,1025.1
1999122018,-2.1,0,3.8,315.1,35.5,1026.2
1999122100,-5.5,0,1.9,353.5,55.5,1027.5
1999122106,-4.5,0,3.5,333.1,64,1026.9
1999122112,2,0,4.2,310.9,37.5,1025.2
1999122118,-0.8,0,2.8,4.7,31.5,1024.9
1999122200,-3.6,0,2.1,60,47,1025.1
1999122206,-3,0,3.5,38.4,48.5,1025.2
1999122212,2.8,0,5.9,346.6,28.5,1024.1
1999122218,0.5,0,3,354.7,30.5,1025.1
1999122300,-1.4,0,2.8,28.5,59.5,1027.1
1999122306,-0.2,0,3.1,19.9,68.5,1026.6
1999122312,7.1,0,2.5,336.7,42.5,1023.8
1999122318,2.5,0,0.9,301.1,55.5,1023
1999122400,-0.7,0,0.5,293.5,75,1021.4
1999122406,1.3,0,1.8,333.4,78,1018.2
1999122412,8,0,5.7,221.5,45,1013
1999122418,4,0,2.4,227.4,68.5,1014.5
1999122500,1.3,0,0.6,341,59,1017.5
1999122506,1.5,0,1.5,316.3,69,1019.4
1999122512,5,0,4,285.4,42.5,1019.3
1999122518,0.4,0,3.3,340,58.5,1021.2
1999122600,-1.6,0,3.3,288.2,64.5,1023.3
1999122606,-1.8,0,2.1,353.7,67.5,1026.4
1999122612,5.6,0,1.5,38.7,40,1027.6
1999122618,1.7,0,1.3,350,39,1029.7
1999122700,-2.4,0,1,261.7,61.5,1031.1
1999122706,-1.7,0,0.3,292.5,67.5,1031.6
1999122712,11.4,0,1.1,181.2,30.5,1028.9
1999122718,5.3,0,0.4,335.9,36,1028.2
1999122800,0,0,0.4,160,63.5,1027.7
1999122806,2.2,0,0.3,350.3,74.5,1025.7
1999122812,12.6,0,4.5,220.1,31.5,1021.8
1999122818,9.1,0,1.8,256.3,48,1020.8
1999122900,4,0,0.6,326.1,83.5,1021.3
1999122906,3,0,1.3,0,84,1020.8
1999122912,10.2,0,2,47.3,31.5,1019.7
1999122918,5.4,0,2,350,28.5,1020.3
1999123000,0.9,0,1.4,260,45,1022.2
1999123006,0.7,0,0.5,281.4,56.5,1023.6
1999123012,11.3,0,1.8,102.8,45.5,1022
1999123018,6.2,0,0.6,316.8,73,1022.7
1999123100,2.1,0,0.1,332.1,87.5,1023.8
1999123106,1.9,0,0.3,315,86,1024.3
1999123112,11.9,0,1.9,105,38.5,1024.4
1999123118,6.7,0,0.7,275.3,58,1026
2000010100,3.8,0,0.3,319,73.7,1026.7
2000010106,5.3,0,0.3,45,78.7,1026.6
2000010112,9.1,1.5,1.7,60,83.3,1024.7
2000010118,8.1,3.6,1.4,55.3,85.7,1024.3
2000010200,7.1,0.3,0.9,344.9,86.7,1021.8
2000010206,7.1,0,0.4,302.3,86.3,1018.5
2000010212,12.5,0,2.7,211.3,62,1013.4
2000010218,7.5,0,2.4,358,58.7,1012.8
2000010300,3,0,0.9,0.4,49.5,1015.9
2000010306,2.8,0,1.6,345.9,49.8,1019
2000010312,8.6,0,1.8,335.6,19.2,1019.2
2000010318,4,0,2.1,17.7,28.8,1020.9
2000010400,1.1,0,1.4,48.4,37.2,1022.5
2000010406,1.6,0,0.9,295.3,39.5,1023.7
2000010412,9.5,0,1.3,100,24.3,1023.8
2000010418,5.1,0,0.5,359.5,57.3,1024.2
2000010500,2.9,0,0,0,65.5,1024
2000010506,5.2,0,0.3,348.6,70.3,1022.7
2000010512,11.8,0,1.4,55.3,63.3,1019.2
2000010518,9.9,0.5,1,5.3,81.7,1017.7
2000010600,8.4,1,0.6,335.6,93.5,1015.2
2000010606,10.4,0.4,1,314.4,90,1011.5
2000010612,13.5,0,4,330.7,66.3,1010
2000010618,7.4,0,2.2,3.4,53.3,1013.7
2000010700,2.5,0,2.8,7.9,48.7,1016.3
2000010706,0.3,0,2.4,23.2,45.8,1020.7
2000010712,1.7,0,2.6,343.4,33.5,1022.3
2000010718,-1.4,0,1.3,36.6,46.2,1022.3
2000010800,-2.8,0,0.7,314.7,58.7,1022.9
2000010806,-1.3,0,1,260.2,56.7,1023.4
2000010812,5.3,0,1.7,263.4,32.5,1021.9
2000010818,2.2,0,0.9,338.7,51,1023.1
2000010900,0.5,0,0.8,324.6,60.5,1023.8
2000010906,0.8,0,1.1,356.6,59,1023.2
2000010912,3.5,0,0.8,357.3,46,1021.2
2000010918,2,1,0.9,7.4,82.8,1019.6
2000011000,1.5,0.6,0.7,3.3,87.3,1018.5
2000011006,3.1,0,1.9,31.9,63.7,1021.2
2000011012,8,0,3.5,336.7,34.7,1022.1
2000011018,3.4,0,1.1,349.8,41.7,1024.7
2000011100,0.3,0,0.9,320.5,53,1026.4
2000011106,1.5,0,0.6,2.1,63.7,1027.5
2000011112,7.8,0,2.1,46.8,53.3,1025.7
2000011118,8.1,0,3.7,91,58.5,1025.2
2000011200,6.6,4.5,3,83.4,85.2,1023.9
2000011206,7.5,2,3.3,90,82.3,1021.7
2000011212,8.5,0.5,2.1,53.5,85.8,1017.8
2000011218,8.6,1,1.5,356.6,89.5,1015.6
2000011300,8.2,0,1,325.8,94.2,1013.1
2000011306,8.1,0.5,1.2,6.6,86.7,1011.6
2000011312,9.3,0,4.9,340,55,1010.7
2000011318,4.4,0,2.7,353.4,54.7,1014.2
2000011400,0.6,0,1.9,0,62.7,1017.7
2000011406,1.1,0,0.9,350,62.3,1020.1
2000011412,6.9,0,1.5,255.3,47,1019.2
2000011418,2.7,0,2,13.4,60,1021.2
2000011500,-0.3,0,1,7.4,65.2,1022.7
2000011506,0.3,0,0.9,349.3,61.8,1024.6
2000011512,8.1,0,1.8,41.5,53,1023.3
2000011518,4.7,0,1,326.9,75.7,1023.7
2000011600,3.6,0,0.3,355,82.8,1022.2
2000011606,5.2,0,0.5,217.6,74.3,1021.2
2000011612,8.6,0,2.4,35,53.7,1019
2000011618,5.8,0,1.1,353.6,65,1019.3
2000011700,2.3,0,0.9,337.6,72,1019.2
2000011706,3.3,0,1.6,329.1,68.3,1018.4
2000011712,6.6,0,3.3,0,79.2,1017
2000011718,5,0.8,2.8,3.3,85.2,1018.1
2000011800,3.8,0,2.1,10.2,77.8,1018.5
2000011806,4.4,0,1,18.9,67.7,1018.7
2000011812,9,0,3.1,48.1,39.8,1016.3
2000011818,3.5,0,2.2,26.2,28.7,1017.3
2000011900,0.7,0,2.5,18.2,34.7,1018.3
2000011906,1.4,0,1.5,7.4,45,1017.8
2000011912,2.2,0,5,325,52,1016.5
2000011918,-1.7,0,3.7,333.4,46.2,1020.4
2000012000,-4,0,2.5,333.2,47.3,1024
2000012006,-3.9,0,5.1,315.1,34.3,1027.4
2000012012,-1.6,0,5.9,330,19.3,1028.4
2000012018,-4.1,0,3.8,330,25,1031.7
2000012100,-6.2,0,1.7,349.7,40.7,1033.9
2000012106,-5.4,0,2.7,10,36.5,1036.3
2000012112,1.4,0,2.4,56.6,16.2,1036.4
2000012118,-1.4,0,0.9,344,25.3,1037.7
2000012200,-4.1,0,1,333.2,38.5,1036.9
2000012206,-1.4,0,0.4,317.7,39,1034.9
2000012212,6,0,0.8,112.9,42.2,1030.1
2000012218,4.3,0.4,0.2,3.3,75.3,1027.4
2000012300,2.7,1.9,0.1,346.4,92,1024.2
2000012306,4.2,3.4,0.2,355.3,94,1020.8
2000012312,10.6,0.1,2.4,29.6,69.3,1020.5
2000012318,5.7,0,1.6,37.4,78.5,1022.8
2000012400,4.9,0,1.2,32.9,70,1023.8
2000012406,4.4,0,2.5,6.8,60.3,1024.8
2000012412,7.7,0,2.8,25.3,32.8,1025.1
2000012418,4.3,0,0.9,3.3,37.8,1025.4
2000012500,1.6,0,2,20.9,48.7,1025.2
2000012506,0.4,0,2,356.6,44,1025.1
2000012512,3.8,0,3.6,10.2,38.5,1024.7
2000012518,-0.4,0,3.7,0,22.3,1026.2
2000012600,-4.4,0,4.5,356.7,29.7,1026.9
2000012606,-4.8,0,5.6,349.8,35.3,1027.2
2000012612,0.1,0,4.6,349.8,23,1025.2
2000012618,-2.7,0,2.9,356.6,34.2,1026.7
2000012700,-5.3,0,1.4,20,48.3,1027.8
2000012706,-4,0,1.8,1,46.7,1028.9
2000012712,3.4,0,3.3,35,24.5,1028.1
2000012718,-0.2,0,1.4,1.1,32.2,1030.2
2000012800,-3.2,0,0.7,271.3,43.7,1031.4
2000012806,-2.7,0,1,275,42.2,1032.4
2000012812,7.4,0,1.5,151.9,23.2,1030.7
2000012818,2.5,0,1.1,2.1,34.8,1031.2
2000012900,-2,0,0.8,325,41.7,1031.5
2000012906,-0.7,0,0.3,325,45.2,1031.7
2000012912,8,0,2.7,288.4,32.8,1028.8
2000012918,3.5,0,2.3,5,42.2,1029.6
2000013000,1.4,0,1.3,339.1,53.7,1029.7
2000013006,1.8,0,1.1,350.3,57.7,1029.1
2000013012,4.8,0,4.6,353.4,31.8,1028.4
2000013018,-0.6,0,5,333.4,32,1031.5
2000013100,-4,0,3.4,323.3,35,1033.5
2000013106,-4.3,0,3.9,340,37.3,1034.1
2000013112,0.6,0,3.7,343.4,23.3,1032.9
2000013118,-2.1,0,1.2,349.8,30.3,1033.9
2000020100,-4.8,0,0.5,343.5,41.7,1033.8
2000020106,-3.6,0,1,299.9,40.3,1032.3
2000020112,4.7,0,2.1,86.1,16.7,1028.3
2000020118,0.7,0,2.5,10,17.7,1027.2
2000020200,-2.3,0,4.6,350,35.2,1027.6
2000020206,-1.6,0,4.3,350,36.8,1028.8
2000020212,4.7,0,3.5,356.7,22,1028
2000020218,1.5,0,2.4,7.9,34.3,1027.8
2000020300,-1.5,0,1.2,356.2,50.2,1027.2
2000020306,-0.2,0,3.3,10,46.5,1026.4
2000020312,5.1,0,3.8,340,27.3,1024.2
2000020318,1.9,0,2.4,350,37.2,1025.6
2000020400,-0.3,0,2.1,356.7,49.5,1027.4
2000020406,-0.3,0,1.4,339,50,1029.7
2000020412,6.8,0,1.7,126.5,33.8,1028.7
2000020418,2.2,0,0.9,318.6,61.8,1029.1
2000020500,-0.6,0,0.3,325,75,1028.7
2000020506,0.9,0,0.4,293.6,69.5,1027.7
2000020512,10.2,0,2.1,156.1,49.7,1024.4
2000020518,8,0,1,41.5,66.5,1021.3
2000020600,6.3,0.1,1,360,80.3,1018.5
2000020606,5.4,0,3.8,346.8,59.7,1017.4
2000020612,7.4,0,5.4,340,34.7,1016
2000020618,3.8,0,3.4,340,43.8,1017.5
2000020700,1.7,0,2.2,356.6,52.8,1018
2000020706,2,0,2,26.2,54,1017.2
2000020712,6.7,0,1.9,46.8,36.2,1013.1
2000020718,3.1,0,1.9,350.2,50.5,1010.6
2000020800,-0.3,0,4.4,343.1,48,1010.1
2000020806,-2,0,5.9,323.3,22.7,1011.8
2000020812,-0.8,0,8.2,321.8,22.7,1010.8
2000020818,-3.4,0,4.1,3.4,33.3,1015.7
2000020900,-5.1,0,3,17.7,43.5,1018.7
2000020906,-3.4,0,4.3,353.1,36.8,1020.2
2000020912,4.5,0,3.1,353.5,16.2,1019.2
2000020918,1.5,0,2.5,27.6,24.5,1019.2
2000021000,-1.1,0,3.7,346.8,28.8,1019.8
2000021006,-1.1,0,1.9,21.6,26.5,1021
2000021012,7.7,0,1.9,134.6,20.2,1018.1
2000021018,3.9,0,1,346.1,29.2,1017.1
2000021100,1.1,0,1,1.4,45.8,1017.8
2000021106,2.7,0,3,11.5,46.8,1018.3
2000021112,8.8,0,3,358.9,34.2,1017.7
2000021118,4.9,0,0.8,31.3,49,1017.7
2000021200,1.4,0,1.2,344.2,59.3,1018.3
2000021206,3.2,0,1.4,5,42.3,1018.5
2000021212,11.5,0,2.1,17.2,16.2,1016.2
2000021218,6.9,0,2.5,11.5,32.2,1016.7
2000021300,3.6,0,2.1,358,54.5,1017.9
2000021306,4.2,0,0.8,284.4,53.8,1020
2000021312,11.1,0,2.2,163.3,36.8,1017
2000021318,7.7,0,0.8,332.4,58,1015.3
2000021400,6.1,0,0.3,346.2,62.8,1014.5
2000021406,5.2,0,0.8,350.5,51.2,1012.7
2000021412,9.9,0,4.1,326,27.7,1008.8
2000021418,3.3,0,4.6,336.7,27,1010.3
2000021500,-1.2,0,5.4,320,29.2,1014
2000021506,-2.1,0,3.2,11,25.3,1015.5
2000021512,1.4,0,6.6,328.8,17.8,1014.3
2000021518,-1.3,0,3.5,312.3,28,1015.2
2000021600,-3.7,0,1.6,329.7,38,1017.8
2000021606,-2.9,0,3.2,27.6,34,1019.2
2000021612,2.9,0,4.3,336.6,18,1018.6
2000021618,0.3,0,2.2,353.4,32,1018.9
2000021700,-2.3,0,3.5,326.6,37.8,1021.2
2000021706,-1.7,0,4.8,336.7,30.2,1023.9
2000021712,4.2,0,4.2,335.7,17.7,1022.5
2000021718,1.5,0,1.3,353.5,15.3,1022.7
2000021800,-1.7,0,3.1,346.6,29.5,1024.9
2000021806,-0.5,0,2.2,339.6,36.7,1026.3
2000021812,6.1,0,3.2,240.7,22.3,1023.9
2000021818,3.6,0,0.6,24.6,28.3,1022.8
2000021900,1.6,0,0.3,333.2,31.2,1021.4
2000021906,3.2,0,0.5,290,37.7,1019.2
2000021912,8.8,0,1.6,153.2,45.2,1014.8
2000021918,6.7,0,0.7,32.1,63.2,1012.2
2000022000,4.4,0,1.4,340,39.3,1011
2000022006,4.3,0,2.7,0.9,32.3,1011.7
2000022012,9.5,0,2.6,350,15.3,1010.4
2000022018,5.1,0,3.1,6.6,21.5,1011.8
2000022100,0.5,0,6.4,340,30.8,1014.5
2000022106,-0.2,0,2.8,43.8,35.2,1018.7
2000022112,6.3,0,3.8,333.2,13.2,1018.1
2000022118,3.2,0,2,353.1,17.3,1018.8
2000022200,-0.3,0,1.6,353.4,32.7,1021
2000022206,0.2,0,2.1,14.7,36.7,1022.3
2000022212,6.2,0,1.7,10.3,15.5,1021.9
2000022218,2.8,0,1.5,355.1,19.8,1022.1
2000022300,-0.8,0,0.8,313.3,34.5,1022.9
2000022306,2.8,0,1.4,4.6,25.5,1022.7
2000022312,9.6,0,2.2,196.3,23.7,1020.4
2000022318,6.1,0,1.1,325,32.8,1019.2
2000022400,2.5,0,2.2,13.4,39.5,1020.8
2000022406,-0.2,0,4.9,343.3,22.3,1024.4
2000022412,4.5,0,3.7,16.5,10.3,1024.4
2000022418,0.8,0,2.1,353.4,16.5,1024.4
2000022500,-2.4,0,1.7,13.5,35,1026
2000022506,-1.9,0,1.2,352.3,34.7,1026.1
2000022512,5.5,0,2,129.8,16.3,1022.9
2000022518,2.7,0,1.3,304.7,33.3,1020.9
2000022600,0.6,0,0.3,340.3,36.5,1018.8
2000022606,1.7,0,1.9,333.7,30,1017.5
2000022612,7.3,0,3.5,333.4,22.2,1015.2
2000022618,4.4,0,2.5,353.6,36.2,1016.5
2000022700,1.7,0,2.2,343.3,40.8,1018.9
2000022706,2,0,2.4,343.4,23.3,1022.9
2000022712,8.2,0,2.9,302.4,17.5,1022.7
2000022718,5.2,0,3.1,246.6,35.7,1021
2000022800,5,0,4.2,299.9,39.3,1019.5
2000022806,4.2,0,3.5,314.5,20.5,1021.4
2000022812,6.1,0,3.9,19.7,9.8,1023.2
2000022818,1.3,0,2.1,13.4,29.7,1026.2
2000022900,-2.8,0,0.5,56.7,30.7,1028.8
2000022906,-1,0,1.8,356.4,24.7,1029.6
2000022912,7.3,0,2.8,90.1,17.2,1027.3
2000022918,3.8,0,0.9,319.1,28.5,1026.9
2000030100,0,0,1.1,299.5,37.8,1027.9
2000030106,2.8,0,1.6,43.2,33.7,1028.9
2000030112,11.7,0,2.4,166.9,22.7,1026.2
2000030118,7.8,0,1.5,336.2,28,1024.9
2000030200,3.3,0,1,322.3,48.3,1025.5
2000030206,7.5,0,2.6,13.1,38.2,1026.5
2000030212,14.4,0,2.4,119.9,28,1024.7
2000030218,9.2,0,1,277.9,54.3,1025.1
2000030300,4.2,0,0.5,323.1,65.8,1025.2
2000030306,6,0,0.5,317.6,54.8,1025.4
2000030312,15.7,0,3.1,181.3,31,1021.7
2000030318,12.2,0,1.6,238.4,56,1019
2000030400,8.5,6.5,0.5,341.2,90.7,1017.3
2000030406,8.8,0,0.3,8.4,84.2,1015.7
2000030412,11.4,0,1.3,313.8,72.2,1013.3
2000030418,8.9,0,1.1,333.5,71.7,1013.1
2000030500,7.3,0,3,23.2,54,1014.8
2000030506,7.1,0,1.3,350,59,1016.1
2000030512,11.8,0,4.3,96.6,40.2,1014.2
2000030518,8.1,0,0.8,337.8,60.7,1014.3
2000030600,3.6,0,0.8,316.3,79.5,1014.2
2000030606,6.1,0,0.7,310.6,61.7,1014.4
2000030612,14.6,0,3.2,210.4,18.2,1012.3
2000030618,11,0,3.8,291.7,32,1011.6
2000030700,3.2,0,3.2,0,26.3,1015
2000030706,1,0,4.1,340,19.8,1019.4
2000030712,7.2,0,4.3,326.6,11.3,1017.2
2000030718,4.4,0,2.6,350,13.8,1016.3
2000030800,-0.2,0,2.8,6.8,21.5,1018.2
2000030806,0,0,2.2,9.4,27.3,1021.1
2000030812,7.5,0,4.6,288.2,15.2,1018.5
2000030818,4.3,0,1.8,343.3,28.2,1017.3
2000030900,0.3,0,1.4,35.5,30.7,1022.2
2000030906,0.9,0,2.1,333.2,25,1026.4
2000030912,7.8,0,4.9,340,14.3,1024.3
2000030918,5.8,0,2.4,343.4,26.2,1024.4
2000031000,2.4,0,2.1,51.5,41.8,1027.2
2000031006,3.7,0,2.2,3.9,34.5,1028.8
2000031012,10.2,0,3.1,194.7,23.5,1025.7
2000031018,7.6,0,2,242.1,37,1023.2
2000031100,6.3,0,1.5,325,43.2,1021.9
2000031106,7.5,0,0.6,301.3,41.5,1020
2000031112,12,0,1.6,159,25.7,1015.6
2000031118,9.7,0,1,273.6,37.8,1013.1
2000031200,7.9,0,2.8,0.9,53.7,1012
2000031206,7.4,0,2.2,13.4,55,1013.7
2000031212,12,0,2.6,115.7,32.5,1013.2
2000031218,8.2,0,1.6,266.3,52.5,1014.4
2000031300,6.5,0,1.6,343.4,37.7,1016.5
2000031306,7.9,0,3.3,351.7,20,1020
2000031312,13.8,0,3.1,53.7,18.8,1019.2
2000031318,9.9,0,1.3,310.8,28.8,1020
2000031400,7.1,0,1.8,330.8,27.7,1021.2
2000031406,8.3,0,1.8,15.1,24.7,1023.2
2000031412,14.6,0,3.3,330,14,1021.5
2000031418,9.4,0,0.9,27.6,43.8,1021.5
2000031500,3.4,0,0.8,301.6,61.3,1021.9
2000031506,5.6,0,0.7,314.9,50.2,1021.3
2000031512,14.7,0,3.7,186.6,35.7,1015.9
2000031518,9.3,2,2,56,68.5,1011.2
2000031600,5.8,14.5,2.6,6.6,89,1005.2
2000031606,6.6,2,2.9,0.9,74.5,1003.3
2000031612,10.3,0,5.4,340,42.7,1005.2
2000031618,6.8,0,3.5,353.4,48.8,1010.2
2000031700,4.2,0,2,3.4,57,1014.3
2000031706,5.8,0,1,181.2,52,1018.2
2000031712,13.4,0,2.9,158.3,27,1017.8
2000031718,9.1,0,1.1,290.1,51.3,1018.9
2000031800,5.8,0,0.2,341.1,64.2,1020.2
2000031806,7.9,0,0.5,327.8,56,1020.8
2000031812,16.5,0,4.8,240,20.3,1017.5
2000031818,12,0,2.1,252.4,33.3,1016
2000031900,10.2,0,1.5,317.6,49,1014.5
2000031906,11.6,0,0.9,332.1,53.8,1011.4
2000031912,15.6,0,4.6,336.1,29,1009.3
2000031918,8,0,3.2,45.1,62.3,1015.4
2000032000,4.8,0,1.8,9.3,64,1020.2
2000032006,7,0,2,38.4,51.8,1022.8
2000032012,11,0,3.5,155,41.7,1021.5
2000032018,7.9,0,2.3,242.6,59,1020.8
2000032100,5.7,0,1,310.1,72.8,1020.2
2000032106,7.8,0,0.7,271.5,66,1020.1
2000032112,13.3,0,2.2,173,47.3,1016.7
2000032118,10.7,0,1.4,29.1,55.2,1017.4
2000032200,7.4,0,1.8,342.8,63.3,1022.3
2000032206,8.9,0,3.1,76.6,55,1026.1
2000032212,9.4,0,3.9,93.3,50.2,1026.1
2000032218,6.4,0,1.4,47.3,61.7,1025.1
2000032300,3.4,0,0.8,325,75.3,1021.5
2000032306,5.4,0,0.7,307.7,72.5,1016.8
2000032312,8.9,3,0.7,319.8,83.3,1012
2000032318,9.2,0,1.9,299.5,70.2,1009
2000032400,7,0,2.5,323.3,28.8,1011.1
2000032406,6.8,0,4.8,315.1,28.7,1011.8
2000032412,11.9,0,6.5,305,12.3,1011
2000032418,6.8,0,3.6,325.3,18.8,1013.6
2000032500,3.7,0,3,344.8,26.5,1018.4
2000032506,6.1,0,3.5,330,21.2,1019.5
2000032512,13,0,5.1,291.6,14,1016.8
2000032518,11.2,0,6.1,310.1,19,1014.8
2000032600,7.8,0,3.7,331.7,21.8,1016.9
2000032606,8.2,0,0.8,329.6,27.3,1018.4
2000032612,16.6,0,3.7,313.8,13.7,1014.8
2000032618,13.3,0,1.6,353.9,22.5,1013.8
2000032700,6.5,0,0.3,338.1,46.8,1015.3
2000032706,10.4,0,1.1,288.2,38.3,1015.3
2000032712,18.7,0,6.9,243.4,24.2,1012.2
2000032718,14.9,0,4.3,240,57.2,1011.5
2000032800,13.9,0,4.2,235.3,66.7,1008
2000032806,13.7,1.5,2.4,235.3,69.7,1003.3
2000032812,12.8,9,3.4,269.2,68.7,998.4
2000032818,8.1,20,1.3,325.7,82.3,1000.9
2000032900,6.8,0,1.6,310.9,69.2,1003.8
2000032906,7.6,0,3,353.4,62.2,1006.8
2000032912,12.6,0,3.1,346.6,42,1009.2
2000032918,10,0,1.4,222.4,57.3,1010.7
2000033000,7.1,0,2.7,336.7,48,1012.1
2000033006,9.1,0,2.1,9.7,36.3,1013.9
2000033012,16.8,0,2.8,171.8,22,1011.3
2000033018,12.9,0,1.7,289,37.5,1009.9
2000033100,8.3,0,0.6,13.6,59.7,1010.6
2000033106,9.5,0,0.9,300.3,56.3,1009.8
2000033112,17.7,0,2.4,266.7,34.8,1007.3
2000033118,14.6,0,2.4,50.5,38.3,1009
2000040100,8.7,0,1.4,3.3,43.7,1016.2
2000040106,9.9,0,0.9,255.1,39.3,1020.2
2000040112,15.8,0,4,173.2,21.5,1019.1
2000040118,12.7,0,2.1,228.5,31.3,1019.7
2000040200,8.7,0,0.6,317.2,48,1020.8
2000040206,11.4,0,1.9,45,38,1021.7
2000040212,14.9,0,4.8,93.4,49.7,1021
2000040218,12,0,1.5,40.4,64.5,1021
2000040300,9.8,0,0.3,10,72.3,1020.8
2000040306,12.1,0,0.6,30.2,62.5,1020.6
2000040312,17,0,3.7,119.6,37.3,1018.5
2000040318,12.1,0,1.5,45,68.5,1019.6
2000040400,8.9,0,0.8,340,79.3,1020.2
2000040406,11,0,0.4,18.4,72.5,1018.8
2000040412,14.8,0,1,110.6,38.8,1016
2000040418,12.9,0,0.7,325,58.8,1014.3
2000040500,11.2,0.1,0.9,336.3,74.7,1012
2000040506,13.4,0,0.9,234.1,59.3,1010.5
2000040512,18.2,0,3.8,0,30.2,1006.7
2000040518,11.9,0,3.4,6.6,17,1010.8
2000040600,6.6,0,1.6,0,31.5,1017.6
2000040606,8.5,0,1,302.8,34,1020.3
2000040612,14.4,0,4.7,183.3,30.8,1018.9
2000040618,11,0,2.1,218.6,33.3,1017.6
2000040700,8.3,0,1.2,283.1,29.8,1017.3
2000040706,12,0,1.9,274.4,22.2,1017
2000040712,20.5,0,5.6,260.2,18.2,1013.2
2000040718,15.4,0,4.6,321.6,18.5,1014.2
2000040800,8.4,0,3,4.1,13,1019.8
2000040806,10,0,2,31.8,16.2,1023.4
2000040812,14.1,0,3.9,130.7,25.7,1022.8
2000040818,10.7,0,1.6,70,49,1022.6
2000040900,5.9,0,0.9,333.1,68,1022.2
2000040906,9.5,0,1.2,255.9,61.3,1020.8
2000040912,17.1,0,3.8,202.4,36.3,1016.5
2000040918,15.7,0.3,2.1,231.8,60.8,1014.4
2000041000,13.9,1.2,2.5,233.1,88.3,1010.5
2000041006,16.5,0.4,3,280.2,75.8,1004.8
2000041012,14,0,5.5,346.5,26.2,1005.3
2000041018,7.8,0,3.7,330,21,1011.6
2000041100,4.2,0,1.6,15,29.2,1015.2
2000041106,7,0,2.8,288.3,27.8,1015.4
2000041112,17,0,5.1,266.7,17.7,1010.1
2000041118,14.5,0,2.3,312.9,31.8,1007.8
2000041200,12.2,0,3.9,299.9,22.3,1009.2
2000041206,14.6,0,1.9,301.3,19.5,1007.8
2000041212,21.2,0,4.1,270,13.3,1004.2
2000041218,15.9,0,3,276.3,40.8,1004.5
2000041300,11.1,0,0.7,331.9,63.2,1006.8
2000041306,13.3,0,0.4,327.6,53.3,1008.3
2000041312,23.1,0,3.5,170,32,1006.2
2000041318,20.4,0,1.7,288.4,39.3,1005.7
2000041400,16.6,0,1.4,37.6,52.5,1007.5
2000041406,15.2,0,3.5,65.6,42,1011.5
2000041412,15.5,0,4,104.7,36.2,1012.1
2000041418,12.9,0,1.2,62.5,54.8,1011.3
2000041500,11.5,0.2,0.7,7.3,69,1011
2000041506,11.6,0,1.4,339.6,70.7,1009.6
2000041512,12.2,0.3,2.7,54.2,74.3,1008.7
2000041518,9.7,0,2,10.2,75.2,1010.5
2000041600,8.4,0,0.9,36.1,77.3,1012
2000041606,10.9,0,1.3,17.8,62.8,1013.4
2000041612,14.2,0,3.7,172.6,51.8,1012.2
2000041618,12,0,1.4,278.5,65.3,1012.7
2000041700,8.8,0,0.8,323.1,67.2,1013.3
2000041706,12,0,1.2,275.4,50.5,1014.1
2000041712,22.3,0,4.8,283.4,21.3,1012.5
2000041718,18,0,2.2,0,37.5,1014.3
2000041800,11.3,0,0.3,350,68.8,1017.2
2000041806,15.7,0,1.8,173.4,36.8,1018.1
2000041812,20.7,0,5.6,256.6,29.7,1015.4
2000041818,17.6,0,2.7,236.6,55.8,1014.7
2000041900,15.7,0.1,1.1,329.3,73.8,1013.8
2000041906,15,20.9,2.8,182.6,92,1010
2000041912,13.6,29.5,1.9,51.1,90.8,1006.1
2000041918,12.6,0,2.3,6.6,81.8,1008
2000042000,12.4,0,2.4,10,78.7,1011.3
2000042006,12.6,0,2.6,26.6,76.2,1013.9
2000042012,14.6,0,2.7,41.5,67.5,1014.1
2000042018,12.8,0,2,63.4,76.3,1012.5
2000042100,11.9,0,0.8,25,81.7,1010.5
2000042106,12.5,0.5,0.8,327.5,82,1008.7
2000042112,17.8,0,2.6,257.4,60.2,1005.9
2000042118,15.7,0,2,283.4,67.8,1005.8
2000042200,13.4,0,1.7,278.7,75.5,1005.8
2000042206,15,0,0.8,174.1,62.2,1006.6
2000042212,20.7,0,5.6,215.8,30,1002.2
2000042218,15.7,0,4.9,310.7,40.8,1000.6
2000042300,11.3,0,4.6,294.9,22.2,1005.3
2000042306,13.9,0,6.3,286.7,25.5,1005.2
2000042312,19.6,0,4.9,293.2,18.5,1002.8
2000042318,15.2,0,2.3,350.2,23.3,1004.3
2000042400,10.8,0,2,350,26.2,1008.4
2000042406,13,0,1.4,278.7,29.3,1010.7
2000042412,20.6,0,5,340,13.2,1009.2
2000042418,17,0,2.2,325.3,22.5,1009.5
2000042500,14.3,0,1.4,327.4,29.8,1011.3
2000042506,15.8,0,0.7,295,30.7,1011.9
2000042512,20.5,0,3.9,182.4,30.7,1009
2000042518,17.4,0,3.5,253.3,32,1007.4
2000042600,13,2,1.3,240,86,1005.7
2000042606,13.2,1,1.2,246.6,90.5,1001.8
2000042612,16.5,0,1.7,253.4,77.3,999.5
2000042618,15.8,0,2.5,8.7,67.3,999.1
2000042700,10.7,0,1.9,18.2,68.7,1002.1
2000042706,11.2,0,0.6,10,71.8,1004.1
2000042712,12.2,1.2,2.7,80,74.5,1005.2
2000042718,9.5,3.3,1.6,54.4,85.5,1008.8
2000042800,8.5,0,0.8,355.9,89.2,1012.2
2000042806,11.4,0,1.4,296.6,74.2,1013.2
2000042812,16.1,0,3.2,97.2,48.7,1013.2
2000042818,13.1,0,1,279,62.5,1015
2000042900,8.8,0,0.7,328.3,84.8,1016.8
2000042906,14.2,0,0.9,307.5,59,1017.7
2000042912,21.5,0,3.6,156.6,29.5,1016.1
2000042918,16.9,0,1.3,262.6,45,1014.7
2000043000,12.9,0,0.5,0.1,63.8,1013.5
2000043006,12.8,1.5,1.3,320.7,70.7,1012.9
2000043012,15.9,0,2.5,210.2,66.3,1010.9
2000043018,13.3,0,1.1,305,80.5,1008.5
2000050100,11.3,0,0.9,334.9,86.7,1009.6
2000050106,15.2,0,1.2,202.1,69.3,1009.6
2000050112,21.9,0,4.1,176.6,40.8,1007
2000050118,18.6,0,2.6,196.9,47.5,1004.3
2000050200,13.1,0,1,28.9,66.7,1007.2
2000050206,13.5,0,1.6,201.2,71.5,1010.2
2000050212,15.4,0,3.5,128.2,62.5,1011.9
2000050218,13.1,0,1.4,44.4,71.2,1013.7
2000050300,10.7,0,1.2,313.3,84,1013.9
2000050306,15,0,1.3,243.9,65,1013.7
2000050312,21.8,0,3.6,162.7,38.8,1012.3
2000050318,17.5,0,0.9,0,56.2,1012.4
2000050400,14,0,0.2,357,69.8,1013.8
2000050406,17.8,0,1.6,283,53.3,1014
2000050412,22.1,0,2.8,126,43.2,1013
2000050418,18.1,0,0.8,48.1,55.5,1012.8
2000050500,15.8,0,0.3,350.3,62.5,1014.3
2000050506,18.9,0,1,267.6,53.8,1015.2
2000050512,25.4,0,2.9,145,34.7,1013.2
2000050518,20.6,0,2.1,157.5,45.7,1013
2000050600,17.4,0,1.3,25,52.3,1013
2000050606,17.6,0,1.4,280.7,50.8,1014.2
2000050612,19.9,0.1,2.8,215.7,55.8,1012.8
2000050618,14.1,0,3,83.4,78.7,1013.5
2000050700,11.9,0,0.8,12.6,84.2,1016
2000050706,15.5,0,1.2,302.6,57.8,1016
2000050712,21.4,0,3.8,160,33.2,1014.5
2000050718,18.4,0,1.8,298.6,42.7,1013.7
2000050800,12.9,0,0.6,264.9,62.2,1014.8
2000050806,17.3,0,1.2,291.3,41.8,1016.3
2000050812,26.3,0,2.3,121.9,22,1013.9
2000050818,22.4,0,1.1,356,32.3,1013
2000050900,15.5,0,0.9,335.5,47.2,1013.9
2000050906,18.1,0,1.5,232.9,48.2,1015.2
2000050912,20.1,0,2.6,128,53,1013.8
2000050918,14,0,1.7,55,74.8,1014
2000051000,12.8,0,0.9,4.4,80,1013.8
2000051006,13.9,0,1.6,109.8,78.5,1011.5
2000051012,15.6,0,2.5,153.4,77.8,1009.2
2000051018,15.6,3.7,1.9,218.2,89.7,1006.9
2000051100,12.8,0,0.4,339.1,90.8,1006.2
2000051106,14.7,0,1.5,285,68.7,1006.7
2000051112,18.3,0,2.2,185.7,49.7,1005.5
2000051118,15.9,0,1.3,308.2,57.7,1005.6
2000051200,11.8,0,0.9,295.6,78.2,1006.6
2000051206,14.9,0,0.9,21.1,61.8,1007.1
2000051212,18.8,0,4.1,149.8,49,1007.2
2000051218,15.4,0,2.3,130.1,73.5,1008
2000051300,13.4,0,0.5,2.8,84.3,1008.7
2000051306,15,0,0.8,83.7,79.7,1009.6
2000051312,14.7,8,1.3,171.8,82.5,1010.2
2000051318,13.1,0,0.6,20.3,79.2,1010.2
2000051400,11,0,0.6,322.3,87.5,1010.9
2000051406,14.1,0,0.8,22.6,77.7,1012.6
2000051412,18.3,0,3.1,100,55.8,1012.7
2000051418,15,0,1.1,33.2,74.8,1012.3
2000051500,13.2,0,0.6,328.3,86.2,1012.7
2000051506,16.2,0,1,7,71.7,1011.8
2000051512,19.3,0,3.4,163.3,60,1011
2000051518,16.6,0,1.6,151.1,73.2,1011.7
2000051600,14.4,0,0.9,307.7,86.2,1011.9
2000051606,15.9,0,0.8,313.3,81.5,1011.4
2000051612,16.9,0.1,2.2,153.4,81,1010.2
2000051618,15.6,0.1,1.2,87.2,81.7,1009.8
2000051700,14.4,5,0.7,359.5,88.3,1009.5
2000051706,15.6,1.5,1.2,29.8,85.2,1010.1
2000051712,17.8,0,3.5,70,69.8,1009.7
2000051718,14.6,0,1,45.5,80,1010.9
2000051800,10.9,0,0.6,339.1,91.3,1011.5
2000051806,14.8,0,0.6,183.1,73.5,1012.5
2000051812,18.8,0,2.4,160,62.7,1010.8
2000051818,15.7,0,1.1,173.1,74.2,1010.7
2000051900,13.5,0,0.7,350.5,88.7,1009.8
2000051906,16.1,0,1.6,152.6,80.8,1008.4
2000051912,22.6,0,3.6,187.5,51,1006.8
2000051918,19.2,0,2.2,248,62.3,1006.6
2000052000,16,0,0.7,307,71.3,1006.7
2000052006,19.3,0,0.9,354.3,66.5,1005.9
2000052012,20.8,0.5,3,97.8,62,1005.2
2000052018,15.8,0,1.3,66.6,81.7,1007.5
2000052100,12.7,0,0.6,334,89.5,1010.6
2000052106,16.2,0,1.2,238.2,75.5,1012.3
2000052112,22.2,0,3.7,153.2,52,1012.2
2000052118,18.3,0,1.7,90,68.7,1011.6
2000052200,15.7,0,0.3,14.3,78.8,1012.6
2000052206,21.3,0,2.3,190,49.8,1012.3
2000052212,28.6,0,4.2,256.6,30.3,1010.1
2000052218,22.7,0,1,98.3,59.5,1010.6
2000052300,19.3,0,0.6,345.1,73.2,1011
2000052306,22.1,0,0.5,72.9,61.3,1012.5
2000052312,27.9,0,2.3,145,36.3,1011.3
2000052318,23.8,0,0.5,70.8,58,1009.3
2000052400,19.2,0,0.5,359.4,72.7,1010.2
2000052406,24.2,0,2,19.3,43.2,1012.4
2000052412,28.5,0,3.2,148.5,27,1011.4
2000052418,23.1,0,0.9,92.4,53,1011.4
2000052500,17.9,0,0.7,335.5,73,1012.4
2000052506,23.6,0,0.6,248.9,50.2,1012.8
2000052512,29.1,0,3.1,153.4,30.2,1011.1
2000052518,23.6,0,1.8,108.5,56.8,1010.6
2000052600,19.8,0,0.7,343.5,84.7,1011
2000052606,21.8,0,0.7,271.1,65.2,1010.3
2000052612,24.9,0,2.9,244.2,46.2,1009.8
2000052618,19.1,6.5,2.8,209.2,80.8,1009.4
2000052700,17.7,14,2,170,95,1005
2000052706,18.8,1,1.6,225.7,94.8,1001.4
2000052712,24.9,0,4.1,243.4,67.7,997.8
2000052718,21.2,0,2.8,243.4,73.2,996.2
2000052800,19.8,0,1.1,315.1,75.5,998.3
2000052806,22.1,0,3.8,273.4,58,1001.3
2000052812,25.5,0,5,313.4,37.7,1001.5
2000052818,21.9,0,2.5,350.2,41.5,1005.2
2000052900,17,0,0.7,316.3,63.3,1009.5
2000052906,21.6,0,1.4,274.5,48.3,1012
2000052912,28.4,0,2.7,195,25.2,1010.3
2000052918,23.5,0,1.4,291.2,40,1009.9
2000053000,17.8,0,0.3,338.1,58.2,1009.8
2000053006,19,0,0.3,323,57.3,1009.6
2000053012,24,0,2.7,242.1,37.2,1007.3
2000053018,20,0.2,2.8,260,53.2,1006.6
2000053100,15.1,5,1,323.5,86.8,1005.1
2000053106,16.1,3.5,0.5,332.7,86.8,1003.2
2000053112,21,0,1.2,145.9,67.2,1002.4
2000053118,19.5,0,0.8,23.6,81.2,1003.3
2000060100,17.1,0,0.4,340,91,1006.6
2000060106,19.6,0,1.5,119.4,70,1010.3
2000060112,21.6,0,2.5,103.9,55.3,1012.4
2000060118,17.6,0,1.4,45.9,77.3,1013.8
2000060200,16.2,0,0.9,331.3,85.8,1015.1
2000060206,17.9,0,0.6,212.4,79,1015.2
2000060212,21.7,0,1.9,141.8,64.5,1013.3
2000060218,18.8,0,1.7,122.3,80.2,1012.8
2000060300,17.7,0,0.9,47.3,88.2,1012.2
2000060306,18.4,0,1.6,68.6,82.7,1011.1
2000060312,20.6,0,3,76.6,69.2,1009.6
2000060318,18.3,0,1.9,51.1,77.5,1009.9
2000060400,16.9,0,0.9,11.5,83.2,1009.8
2000060406,18.5,0,2.4,87,75.3,1009.3
2000060412,25.8,0,2,110.9,28.7,1009.3
2000060418,21.4,0,1.5,291.4,37.5,1008.9
2000060500,15.8,0,0.4,323.1,60.5,1009.3
2000060506,20.1,0,1.2,249.6,50.7,1009
2000060512,25.3,0,3.2,160,31.5,1008.3
2000060518,20.5,0,1.4,95,54,1007.7
2000060600,16.6,0,0.7,317.6,73.2,1007.7
2000060606,23.3,0,1.3,318.1,41.8,1007
2000060612,29.9,0,2.3,92.3,26.2,1005
2000060618,25.9,0,1.3,346.3,37.3,1004.7
2000060700,21,0,1.7,308.2,44.2,1005.7
2000060706,24.4,0,1,23.1,34,1006.4
2000060712,29.5,0,3.1,110.2,32,1004.2
2000060718,25.6,0,2,307.6,40.3,1003.5
2000060800,21.7,0,1.3,319.1,47.7,1004.2
2000060806,22.6,0,1.9,254.8,47.2,1004
2000060812,24.9,0,4.2,221.5,55.7,1001.8
2000060818,18.7,1,1.8,300.8,77.3,1000.7
2000060900,17.3,0,1.7,23.2,79.2,1001.5
2000060906,17.9,0,1.7,38.6,68.7,1005.6
2000060912,19.3,0,3.7,90,61.3,1007.9
2000060918,16.7,0,1.8,47.4,73.3,1010.9
2000061000,15.3,1.5,0.5,353.4,85.3,1012.8
2000061006,17.1,0,0.8,74.2,77.3,1012.7
2000061012,18.1,0,2.1,104.7,73.8,1011.4
2000061018,17.5,0,0.9,45,79,1011.2
2000061100,16.8,0,0.5,28.1,84.2,1010.8
2000061106,18.2,0,1.2,44.7,75.8,1010.7
2000061112,20.3,0,3.8,76.8,66.5,1010.6
2000061118,18.1,0,2.3,73.4,75.7,1010.7
2000061200,16.3,0,1.1,38.4,83.8,1010.2
2000061206,17.8,0,2.5,73.4,74,1010.2
2000061212,20.9,0,3.7,93.3,53.8,1008.5
2000061218,17,0,1.8,59.6,76,1008
2000061300,13.4,0,0.8,325,88.3,1007.5
2000061306,18.2,0,1,240,63,1006.6
2000061312,24.1,0,4.2,138.4,40.8,1003.7
2000061318,20.3,0,1,50.2,68.5,1002.9
2000061400,19.5,0,0.6,326.9,71.7,1003.1
2000061406,23.4,0,1.3,341.6,51.5,1005.1
2000061412,25.6,0,3.5,201.6,45.7,1005.2
2000061418,22.7,0,1.3,80,56.5,1005.1
2000061500,19.8,0,0.2,15.2,60.2,1006.8
2000061506,24.1,0,0.6,330.6,50.7,1008.4
2000061512,28.4,0,2.9,75.3,43.3,1007.9
2000061518,23.1,0,0.9,58.2,65.7,1009
2000061600,22.1,0,0.4,354,70.7,1010.8
2000061606,25.8,0,1.7,356.6,53.7,1012.3
2000061612,26.7,0,2.9,159.1,53.3,1012.3
2000061618,22.9,0,1.2,101.2,67.7,1012
2000061700,20.6,0.5,0.9,52,79.2,1012.2
2000061706,20.2,0,1.8,62.1,76.5,1012.8
2000061712,25.4,0,2.9,113.4,53.3,1011.2
2000061718,21,0,0.8,47.6,71,1010.8
2000061800,17.8,0,1.2,43.5,87.2,1011.7
2000061806,20.7,0,1.3,65.7,74,1011.8
2000061812,26.1,0,2.1,140.3,52.2,1010.2
2000061818,21,0,1.7,182.8,74.5,1009.8
2000061900,18.1,0,0.4,357,89.5,1010.2
2000061906,23.2,0,0.8,276.9,69,1009.7
2000061912,28.3,0,2.9,121.6,49.5,1008
2000061918,24.4,0,1.1,49.5,66,1008.2
2000062000,22.4,0,0.6,345.3,76.2,1008.6
2000062006,27,0,1.7,260,57.2,1008.7
2000062012,30.6,0,2.5,156.7,46.5,1007.3
2000062018,24.2,0,1.4,84.7,66,1006.8
2000062100,22.6,0.5,1,271.9,74.7,1007.2
2000062106,22.6,0,1.5,76.2,71.5,1008
2000062112,25.6,0,3.5,103.4,58.7,1007.5
2000062118,21.5,0,1.2,58.9,78.5,1008.7
2000062200,20.4,1.2,0.6,355.4,84.8,1009.1
2000062206,19.9,16.6,1.6,139.1,93.8,1007.8
2000062212,20.4,0.8,0.7,43.2,90.8,1006.2
2000062218,20.3,0.4,0.4,31.7,92.3,1004.3
2000062300,20.3,0,0.5,356.4,94.2,1003.5
2000062306,23.2,0,0.8,105,81.5,1004.7
2000062312,24.5,0.1,2.2,167.2,74.2,1004.5
2000062318,21.1,0,2.3,73.3,82.7,1004.9
2000062400,20.1,0,1,72.5,85.8,1006.3
2000062406,19.6,0.4,1.1,70.5,89.5,1006.9
2000062412,20.9,1,1.6,69.6,85.5,1006.6
2000062418,20.1,0,1.2,52.9,84.7,1006.6
2000062500,19.6,0,0.4,15.5,87.2,1007.2
2000062506,20.5,0,0.6,48.7,80.7,1008.7
2000062512,23.9,0,1.5,149.4,66.3,1008.5
2000062518,21.3,0,1.9,174.3,79.8,1008.3
2000062600,20.1,1.8,0.2,350.3,87.8,1008.6
2000062606,21,1.8,0.6,103.1,91.3,1009.1
2000062612,22.3,3,1.9,173.5,91.5,1007.6
2000062618,22.8,5,1.5,231.8,92.3,1005.2
2000062700,23.4,6.2,1.6,239.8,92.3,1003.4
2000062706,24.1,7.5,2.5,235.3,85.8,1001.7
2000062712,21.6,24.8,2.2,40.1,91,1000.5
2000062718,20.8,0.5,0.6,350.2,88.5,1003.2
2000062800,19.7,3.8,0.5,13.6,92,1005.2
2000062806,20.5,0,1.8,66.6,83.3,1006.1
2000062812,22.9,0,3,90,72.2,1005.7
2000062818,20.6,0,1,56.4,82,1005.3
2000062900,19.2,0,0.6,8.2,87,1006
2000062906,20.5,0,1.1,158.7,80.2,1005.6
2000062912,24,0,3.9,143.3,67,1004.7
2000062918,22.7,0,2.1,215,73.5,1003.7
2000063000,23.2,0,1.5,250,82.5,1003.4
2000063006,27,0,3.3,246.6,75.3,1004
2000063012,28.8,0,3.7,250,66.2,1005.2
2000063018,26.1,0,2.5,215,78.7,1006.6
2000070100,23.8,2.4,0.8,29.7,91.2,1008.8
2000070106,24.7,3.9,1.3,207.6,87,1010.2
2000070112,27.7,0,2.3,274.3,68.2,1009.9
2000070118,25.4,0,1.2,266.5,76.2,1010.9
2000070200,23.6,0,0.6,350,84.7,1012
2000070206,26.2,0,0.7,315,73.3,1012.9
2000070212,30.8,0,3,133.8,55.2,1011.9
2000070218,28.5,0,1.3,325,68.5,1011.2
2000070300,25.1,0,0.8,319.8,80.3,1012
2000070306,28.2,0,0.6,332.2,64.2,1012.2
2000070312,31.4,0,3,161.4,49.7,1011.4
2000070318,26.6,0,1.1,59.3,70.7,1011
2000070400,24.4,0,0.5,350.3,84.5,1011.3
2000070406,27.2,0,0.6,32.4,72.7,1012.4
2000070412,29.7,0,3.2,100.2,57.8,1011.9
2000070418,24.4,0,1.7,66.6,74.2,1013.2
2000070500,21.8,0,0.6,14.7,83.7,1014.1
2000070506,23.7,0,1.8,26.6,74.3,1014.5
2000070512,26.2,0,3.7,93.3,62.2,1013
2000070518,23,0,1.5,69.1,78.8,1011.1
2000070600,21.9,0,1.2,339.7,84.2,1010.8
2000070606,23.8,0,1.4,270,77.5,1009.8
2000070612,27.4,0,3.3,146.6,57.7,1007
2000070618,24.6,0,2.1,141.8,72.8,1005.7
2000070700,22.3,0,1.2,96.5,87.8,1005.8
2000070706,24.4,0,1.9,48.7,72.3,1006.5
2000070712,26.1,0,4.2,80,61.7,1004.5
2000070718,22.7,0,1.7,31.8,72.3,1004.1
2000070800,21.6,0,1.5,10.2,74.2,1004.6
2000070806,23.2,0,1.6,42.3,65.5,1004.7
2000070812,23.7,0,2.7,86.7,68.8,1005.6
2000070818,21.3,0,1.6,56.1,74.8,1006.8
2000070900,19,0,0.4,6.5,84.2,1008.4
2000070906,22.6,0,0.9,150,69.5,1009.8
2000070912,27.1,0,3,166.8,54.7,1009.8
2000070918,22.9,0,1.2,138.7,70.3,1011.5
2000071000,19.7,0,0.8,325,86.7,1012.3
2000071006,23.1,0,0.9,220.4,74.7,1013.5
2000071012,28.1,0,2.9,191.5,65,1012.7
2000071018,25.1,0,1.8,155.6,84.3,1011.6
2000071100,24.4,19.3,2.8,180,92.2,1010.4
2000071106,26.5,28,2.9,231.8,84.5,1008.4
2000071112,29.8,0,7.2,246.7,54,1006.4
2000071118,26.1,0,3.3,243.4,64.8,1005.6
2000071200,24,0,3,263.2,69.2,1005.7
2000071206,26,0,3.6,273.3,60.5,1004.8
2000071212,31.9,0,4.8,263.4,46.7,1002.7
2000071218,29.2,0,2.2,264.9,60.3,1002.5
2000071300,25.9,0,0.8,303.8,74.3,1003.8
2000071306,27.4,0,1.1,284.3,68.3,1004.6
2000071312,32.3,0,2.4,237.7,51,1003.7
2000071318,29.4,0,3,276.8,62.8,1004
2000071400,25.8,0,1.7,305,66.5,1005.3
2000071406,26.5,0,1.5,288.5,68.8,1006.3
2000071412,26.8,2,3.1,250,71.5,1006.8
2000071418,23.4,8.9,2.2,235.3,89.7,1006.3
2000071500,23,0,0.9,328.7,92,1006.2
2000071506,24.3,11.8,0.9,156.6,91.8,1007.3
2000071512,25.4,2.5,2.9,243.4,85.2,1009.9
2000071518,24.9,1.3,1.9,250,83,1009.7
2000071600,23.6,0,0.7,36.6,89,1011.3
2000071606,27.5,0,3.1,246.7,69.7,1011.4
2000071612,30.1,0.1,2.7,268,60,1010.9
2000071618,25.8,0,0.8,61.3,79.3,1010.8
2000071700,24.5,0,0.9,324.4,87,1010.7
2000071706,27.8,0,1.7,299.3,67.8,1010.4
2000071712,31.4,0,1.6,75.6,51.8,1009.4
2000071718,27.8,0,1.4,46.9,72,1008
2000071800,25.3,0,1.1,307.7,82.3,1008.2
2000071806,27.2,0,1.2,307.7,72.5,1008.6
2000071812,31.7,0,2.1,272.7,54.3,1007.7
2000071818,28.1,0,1.6,348.2,73,1006.4
2000071900,26.3,0,1.2,321.5,79.3,1006.8
2000071906,28.2,0,0.5,297.3,71.5,1007.9
2000071912,30,0,2.3,100.7,64.8,1006.8
2000071918,26.7,0,0.9,333.2,79.8,1008.4
2000072000,25.7,0,0.9,4.4,85.7,1009.1
2000072006,27.8,0,0.8,4.2,75,1009.8
2000072012,31.5,0,3.2,263.4,53.5,1009.1
2000072018,29.8,0,2,253,68.7,1008.3
2000072100,27.2,0,1.6,278.1,72.3,1008.4
2000072106,30,0,1.4,295,54.3,1007.7
2000072112,34.4,0,4.1,274.4,44,1005.1
2000072118,30.4,0,3,235.3,65,1003.4
2000072200,28.1,0,3.3,238.1,65,1002.6
2000072206,29.8,0,4.9,260,59.3,1001.4
2000072212,32.2,0,4.4,237.2,56.8,999.7
2000072218,28.7,0,2.8,220.1,68.5,999
2000072300,27.5,0,4,236.6,69.3,999.2
2000072306,25,1.1,2.7,336.6,77.7,998.8
2000072312,23.7,0.2,1.4,75.1,85,999
2000072318,24.6,22.8,2.8,252.1,87.7,997.2
2000072400,19.7,28.7,1.9,308.3,89.2,999.3
2000072406,20.3,5.7,0.9,164.7,89,1001.3
2000072412,25.9,0,2.3,113.2,66.5,1000.1
2000072418,23.9,0,1.1,39.8,80,1000.5
2000072500,22.5,0,0.9,340,89,1001.2
2000072506,26.1,0,1.4,305,71.2,1002.2
2000072512,29.1,0,2.3,132.6,57.2,1001.8
2000072518,25.7,0,1.5,76.3,69.5,1002
2000072600,22.7,0,0.4,10.2,78.2,1003.3
2000072606,24.2,0,1.1,46.1,73.5,1004.4
2000072612,26.6,0,3.8,96.6,65.2,1003.8
2000072618,22.8,0,1.7,56.1,80.7,1004.3
2000072700,20.5,0,0.6,329.8,87.7,1004.8
2000072706,23.5,0,1.3,115,76.2,1004.8
2000072712,28.6,0,2.3,94.4,53.7,1004.7
2000072718,24.4,0,1.4,51,73.8,1005.2
2000072800,22.6,0,0.6,338,81.3,1005.3
2000072806,25,0,0.6,46.1,79.3,1005.5
2000072812,29.1,0,2,165.1,64,1005
2000072818,26.2,0,1.3,33.1,73,1003.8
2000072900,25.9,0,0.3,335.9,78.7,1003.5
2000072906,26.8,0,1.4,263.3,77.7,1002.2
2000072912,29.5,0,3.3,176.6,66.8,1001
2000072918,28.2,0,2.3,156.6,71,999.4
2000073000,27.2,0,1.9,166.4,77,998.2
2000073006,27.3,0,1.7,150,78.3,996.6
2000073012,27.1,2.1,2.5,106.5,80,996.3
2000073018,22.4,5.8,1.3,5.7,90.7,996.7
2000073100,22.9,5.8,2.8,66.6,90.5,994.9
2000073106,23.5,12.7,3,292.6,90.2,991.9
2000073112,25.5,0.3,1.3,61.1,83.2,998.3
2000073118,22.7,0,1.7,87.2,85.8,1002.7
2000080100,21.1,0,0.8,3,89.8,1005.5
2000080106,22.7,0,0.7,319.5,84.5,1007.7
2000080112,26.9,0,1.6,167.4,65.5,1007.7
2000080118,24.3,0,1.1,132.1,78.8,1008.3
2000080200,21.5,0,0.3,342.8,89.8,1009.5
2000080206,22.2,1.8,1.5,46.7,85.5,1010.2
2000080212,22.3,10.6,1.5,37.1,90,1009.9
2000080218,22.2,7.4,1,18.6,92.8,1009
2000080300,21.9,5.7,0.4,317.1,93.8,1009.8
2000080306,23,2,0.5,21.9,91,1011.2
2000080312,23.1,4.1,1.8,86.6,90.5,1012.3
2000080318,22.3,0.6,0.4,28.1,92.2,1013.5
2000080400,21.9,7.5,1.6,59.3,92.3,1013.4
2000080406,22.3,12.5,1.3,45.3,92,1014.1
2000080412,24.4,0.5,1,54.9,88.3,1014.2
2000080418,23.5,0,0.4,24.1,90.7,1014.4
2000080500,22.4,0,0.1,11.4,94.3,1015.1
2000080506,24.8,0,0.2,23.2,82.2,1015.6
2000080512,31.2,0,2.1,164.3,49.7,1013.8
2000080518,26.3,0,0.8,260,79.3,1014
2000080600,23.2,0,0.8,328.3,85,1014.2
2000080606,25.6,0,0.6,16.1,73.8,1014
2000080612,29,0,2.5,111.3,61.7,1013.2
2000080618,25.1,0,1.8,38.4,78.3,1013.2
2000080700,24,0,0.3,25,84.5,1013.1
2000080706,25.9,0,0.9,25.6,79,1013
2000080712,28.8,0,2.2,80.2,68,1011.9
2000080718,26.2,0,0.7,21.9,77,1012
2000080800,24.3,0,0.4,346.9,89.3,1012.2
2000080806,26.6,0,0.7,30.7,77.3,1012.7
2000080812,28.5,0,2.7,117.7,63.3,1012.2
2000080818,25.5,0,1.2,40.9,79.8,1012.7
2000080900,24,0,0.5,336.8,86.8,1012.8
2000080906,26.1,0,1.1,70.5,73.7,1013.5
2000080912,29.2,0,2.7,93.3,57.5,1012.4
2000080918,25.5,0,1.3,69.6,75.5,1011.7
2000081000,23.1,0,0.5,343.1,84.7,1012.2
2000081006,26.6,0,0.7,0,72.7,1011.3
2000081012,31.2,0,3.1,156.6,62,1009.5
2000081018,28.5,0,1.1,316.8,66.2,1009
2000081100,24.5,0,0.6,331.9,83.5,1009
2000081106,27.4,0,1,324,65.5,1009.2
2000081112,32.5,0,2.3,51.5,45.2,1007.7
2000081118,28.7,0,1.5,50.8,69,1007.5
2000081200,25.2,0,1,299.6,79,1007.3
2000081206,28.3,0,1.4,28.5,66.8,1007.2
2000081212,31.5,0,4.6,83.4,48.5,1005.7
2000081218,26.8,0,2,13.4,70,1006
2000081300,24.6,0,1.4,3.3,77.3,1007.1
2000081306,26.3,0,1.8,10.2,66.7,1008
2000081312,28.8,0,3.1,70,53.3,1007.2
2000081318,24.6,0,1.1,46.3,64.3,1007.5
2000081400,21.4,0,0.6,346.1,79.8,1008.3
2000081406,25,0,0.7,301.5,65.3,1007.7
2000081412,30.6,0,3.3,146.6,58.3,1005.3
2000081418,27.4,0,1.1,32.9,77.5,1004.8
2000081500,25.3,0,0.6,339.1,83.3,1006.1
2000081506,28.1,0,1.1,329.7,63.8,1006
2000081512,31.7,0,2.3,112.9,55,1004.7
2000081518,28.4,0,1.2,280.6,67.2,1003.8
2000081600,26.1,0,0.7,324,78.2,1004.7
2000081606,26.7,1.1,1,326.4,79.5,1005.1
2000081612,26.6,3,2.4,184.4,82.8,1005
2000081618,25.1,8.5,1.8,188.6,90,1005.1
2000081700,25,46.2,0.9,303.4,92.7,1004.8
2000081706,25.9,0.5,0.9,346.3,89.2,1004.9
2000081712,27.7,1,1.8,76.6,79.5,1004.6
2000081718,25.8,0,0.9,350,86.8,1005.2
2000081800,24.6,0,0.6,346.2,88.8,1005.9
2000081806,24.9,5.5,1,21.3,89.7,1006.7
2000081812,26.3,0.3,3.4,80.2,83,1006.8
2000081818,25.5,1.7,2.6,66.7,83.5,1007.1
2000081900,24.2,0,0.8,0,87.7,1006.8
2000081906,25.3,0,1.4,53.1,81.8,1005.8
2000081912,27.1,0,2.1,66.6,71.7,1004.6
2000081918,25.1,0,1.2,32.2,78.8,1004.8
2000082000,23.8,0,0.9,336.7,86.2,1004.7
2000082006,25.1,0,1,44.8,80.8,1003.2
2000082012,25.6,6.8,2.6,146.7,86.5,1000.1
2000082018,25.4,4.2,2.4,246.7,85.2,998
2000082100,24.2,0,3.2,263.5,78.8,999.9
2000082106,25.9,0,2.5,241.4,65,1003.5
2000082112,30.5,0,4.7,263.4,44.3,1004.9
2000082118,26.5,0,3.4,246.7,61.2,1006.8
2000082200,24.2,0,2.2,273.4,72,1009.3
2000082206,26.2,0,2.9,276.8,62.3,1011.2
2000082212,30.4,0,3.2,327.6,44.8,1011.3
2000082218,27,0,0.9,313.7,66.8,1012.8
2000082300,23.4,0,0.6,345.1,83.2,1014.2
2000082306,25.5,0,1,323.5,71.3,1015.2
2000082312,31.6,0,1.7,300.9,35.7,1014.2
2000082318,27.4,0,1.4,328.3,61,1014.3
2000082400,24.5,0,0.4,351.8,81.2,1014.2
2000082406,25.3,1.6,0.7,323.1,82,1014.3
2000082412,29.1,0,1.5,315,69.8,1013
2000082418,26.7,0,1.1,32.4,81.5,1011.6
2000082500,25.4,0.6,0.6,342.4,85.5,1011.8
2000082506,25.2,1.3,1.7,235.6,86,1011.2
2000082512,26.3,12.4,2.3,225,85.8,1008.8
2000082518,23.3,33.2,1.3,269.1,91.5,1009.6
2000082600,22.5,18.5,0.4,16.1,94.7,1009.8
2000082606,23.2,15.5,0.9,141.1,94.7,1010.2
2000082612,23.9,29.5,1,120.6,92.8,1009.7
2000082618,25.4,1,1.7,212.3,88.8,1009.3
2000082700,25.1,0,0.7,294.5,87.8,1010
2000082706,27.2,0,2.1,246.6,79.7,1010.6
2000082712,30.5,0,4.1,223.4,63.5,1010
2000082718,27.4,0,1.5,279,76.8,1011.5
2000082800,24.1,0,0.4,348.6,91.3,1013.2
2000082806,26.5,0,1.3,195,78.3,1014
2000082812,30.2,0,2.6,156.6,61.2,1012.8
2000082818,27.2,0,1.5,128.1,73.8,1012.9
2000082900,25,0,0.8,34.1,84.5,1013.8
2000082906,27,0,1.6,65.9,76,1013.6
2000082912,29.6,0,3.3,72.7,63,1012.2
2000082918,26,0,2.2,28.7,78.5,1011.6
2000083000,24.4,0,1.1,350,84.2,1012.2
2000083006,26.8,0,1.8,27,75.2,1011.9
2000083012,29.5,0,4.2,86.7,65,1009.9
2000083018,26.7,0,2.6,70,78.8,1009.5
2000083100,26.5,0,2.2,76.6,81.7,1008.2
2000083106,27.2,0,4.2,143.3,76.5,1006.7
2000083112,26.9,8.8,5.5,160,84.3,1003.6
2000083118,27,8.2,6,203.2,85,1001.2
2000090100,27.1,0,4.5,246.6,72.8,1001.5
2000090106,28.4,0,5.2,253.3,65.2,1003.5
2000090112,31.9,0,5.9,250,53.2,1003.7
2000090118,28.1,0,3.7,253.4,68.5,1004.8
2000090200,26.3,0,3.2,298.5,74.7,1006.2
2000090206,27.7,0,1.9,342.4,66,1007.8
2000090212,31.8,0,2.8,353.9,46.8,1007.8
2000090218,27.7,0,1.8,36.2,66,1009.7
2000090300,24.5,3.4,1.2,17.7,79.7,1011.7
2000090306,22.5,9.9,0.6,342.8,90.2,1012.7
2000090312,22.7,6.8,0.9,16.7,86,1012
2000090318,21.3,0,0.9,346.5,85.2,1011.8
2000090400,20.8,0,0.8,3.4,86.3,1010.9
2000090406,23.3,0,2.6,21.6,72.5,1010.6
2000090412,25.6,0,4,55.3,55.5,1009.3
2000090418,21,0,2.2,14.7,69.8,1009.5
2000090500,19.6,0,1.8,0,80.8,1008.3
2000090506,22,0,3,6.6,69,1007.9
2000090512,25.6,0,3.4,62.1,60.3,1006.7
2000090518,22.1,0,0.9,7.1,78.5,1006.2
2000090600,19,0,0.9,329.8,89.8,1006.8
2000090606,22.2,0,0.3,23.7,75.3,1007.7
2000090612,26.6,0,2.7,160,55.3,1006.4
2000090618,24,0,1.3,276.6,71.2,1007.6
2000090700,21.8,0,0.5,343,82.2,1009.5
2000090706,21.8,0,2.2,40.1,73.7,1012.5
2000090712,23.3,0,2.3,45.1,67.7,1012.8
2000090718,20.4,0,1.5,6.6,79.2,1014.9
2000090800,20.1,0,1.8,0,79.8,1015.2
2000090806,20.3,0,2,13.4,79.8,1016.6
2000090812,19.8,0.3,2.4,10,84,1016.7
2000090818,19.7,0,1.9,16.7,82.7,1016.4
2000090900,19.7,0,2.3,6.6,83.3,1014.3
2000090906,19.6,1.6,2.1,10,85.2,1013.5
2000090912,21.6,0,2.2,21.6,73.5,1013.1
2000090918,20,0,1.7,21.6,79.2,1013.8
2000091000,19.7,0,1.7,14.7,79.7,1013.6
2000091006,20,0,2.5,13.6,78.8,1013.2
2000091012,20.7,0,2.3,35,74,1012.6
2000091018,19.2,1.7,1.9,6.6,83.5,1012.3
2000091100,19.8,0,2.5,10.2,83.2,1011.2
2000091106,19.5,2.2,2.8,29.9,86.2,1010.8
2000091112,19.9,0.6,3.6,24.9,76.7,1010.9
2000091118,19.9,0,3.6,45.1,65.8,1011.6
2000091200,20.2,0,2.8,40.1,67.7,1012.2
2000091206,20.4,0,4,53.3,70.5,1013.3
2000091212,19.6,1.6,4,53.3,74.2,1013.6
2000091218,17.7,2,2.9,35,81.3,1013.8
2000091300,17.7,5.1,2.8,21.6,85.7,1012.5
2000091306,16.7,11,2.7,29.9,85.8,1013
2000091312,17.3,19,2.6,31.8,88.2,1012.1
2000091318,17.3,26.5,2.4,23.2,88,1012.2
2000091400,18.1,5.9,1.6,18.2,88.7,1010.8
2000091406,18.6,23.5,1.4,343.9,91,1010
2000091412,19.8,6.5,1.6,6.8,86.8,1008.9
2000091418,19.4,8,2,42.3,88.5,1008.4
2000091500,19.8,1.2,2.2,40.4,85.7,1006.2
2000091506,19.9,8.6,1.9,29.1,89,1003
2000091512,20.4,11.9,0.6,350.2,91.2,1000.2
2000091518,19.5,5.5,1.9,35.8,89.2,998.9
2000091600,19.8,16.4,4.4,63.2,89.3,993.3
2000091606,22.5,27.5,5.2,195,86.5,984.2
2000091612,23.6,0,5.4,266.7,61.8,991.8
2000091618,21,0,3.5,249.1,61.3,998.1
2000091700,19.5,0,3.2,270,55.8,1001.2
2000091706,21.2,0,3.5,270,52.3,1004.3
2000091712,25.5,0,3,294.3,36.2,1004.1
2000091718,20.5,0,1.3,329.7,56.8,1005.9
2000091800,17.1,0,1.8,358.9,62.2,1008.4
2000091806,18.6,0,1.7,295.7,54.2,1010.9
2000091812,24.5,0,2.7,343.4,31.3,1011.3
2000091818,18.8,0,0.9,326.9,54.5,1013.7
2000091900,14.2,0,0.8,333.1,76,1016.9
2000091906,17.7,0,1.1,359.3,59.5,1019.6
2000091912,24.1,0,2,73.4,36,1019.8
2000091918,18,0,0.9,6.3,72.8,1021.5
2000092000,13.9,0,0.4,330.5,82.3,1022.8
2000092006,17,0,0.6,316.8,69.2,1023.5
2000092012,24,0,1.9,93.9,50,1022
2000092018,19.2,0,0.9,18.5,71,1022.4
2000092100,16.2,0,0.6,328.3,86.3,1022.7
2000092106,19.2,0,0.9,350.2,80,1022.4
2000092112,22.1,0.5,1.7,63.2,75.3,1021.6
2000092118,19.4,3.5,0.8,29.7,88.5,1020.9
2000092200,18.7,2.8,0.4,13.6,93.8,1019.6
2000092206,19.1,0.4,0.3,335.9,91.8,1018.2
2000092212,20.1,1.5,1.3,23.2,86.8,1015.9
2000092218,19.2,0,0.9,356.9,86.8,1015.7
2000092300,18.5,0,0.5,17.3,87.7,1014.2
2000092306,19.8,0,0.8,0.3,80.2,1014.6
2000092312,22.5,0,1.8,112.6,69,1012.9
2000092318,19.4,0,1.5,83.1,81,1013.7
2000092400,18.6,0,0.4,15.5,84.2,1013.8
2000092406,20,0,0.6,292.9,78.8,1014.2
2000092412,23.2,0,2.3,150,67.5,1011.8
2000092418,20.4,0,0.8,280,84.5,1012
2000092500,18,0,0.3,322,91.5,1012.2
2000092506,20.3,0,0.6,322.3,78.7,1013.2
2000092512,23.7,0,1.8,130.7,62.8,1012.2
2000092518,19.8,0,0.3,8.7,80.7,1013.7
2000092600,16.9,0,0.4,8.7,86.7,1015.3
2000092606,18.9,0,1.6,24.9,76,1018
2000092612,22.4,0,3.2,83.4,48,1018.4
2000092618,16.8,0,1.1,343.4,60.7,1019.5
2000092700,13.3,0,1,315.1,80.2,1020
2000092706,16.1,0,0.8,344.6,70.2,1020.5
2000092712,22.9,0,3,86.6,22.7,1019.8
2000092718,16.4,0,0.9,350,51.2,1019.7
2000092800,12.6,0,0.6,314.4,72.3,1019.4
2000092806,17,0,1.1,15.2,66.3,1020
2000092812,20.9,0,2.5,86.6,55.8,1018.5
2000092818,18.5,0,1,22.4,65.7,1018.5
2000092900,17.5,0,0.7,5,71,1017.6
2000092906,18.8,0,0.9,1.9,70.7,1017.6
2000092912,21.2,0,2.3,80,66,1016.2
2000092918,18.8,1.3,0.8,41.6,86,1015.8
2000093000,18.2,0.3,0.6,331.9,90.3,1015.6
2000093006,20.5,0,0.8,343,78.5,1015.3
2000093012,24.3,0,1.3,35,64.5,1014.1
2000093018,20.1,0,0.6,340,83.5,1015.2
2000100100,16.8,0,0.3,340,92,1016.3
2000100106,18,0,0.9,7.9,81.7,1016.9
2000100112,22.6,0,3.3,96.6,56.3,1015.3
2000100118,19.2,0,1.1,22.4,79.3,1015.2
2000100200,17.9,0.1,0.4,353.5,84.8,1013.8
2000100206,18,1.6,0.6,323.1,89.8,1012.5
2000100212,17.7,2.8,1.4,321.5,84.5,1011.3
2000100218,15.9,0,0.5,317.6,86.5,1010.1
2000100300,14.6,0,0.5,344.4,87.8,1010.2
2000100306,18,0,0.5,28.1,75.7,1011.6
2000100312,24,0,1.6,345.6,42.8,1010.8
2000100318,18.5,0,0.8,329.3,75.3,1012.9
2000100400,14.3,0,0.9,321.5,87.7,1014.4
2000100406,17.1,0,0.8,336.9,69.8,1016.5
2000100412,23.1,0,2.3,148.5,55.3,1016
2000100418,18.9,0,0.6,6.8,76.8,1017.5
2000100500,14.8,0,1.1,290.2,75.8,1018.3
2000100506,18,0,1,7.9,60.7,1020.3
2000100512,22.7,0,2.4,90.4,51.5,1019.5
2000100518,18.1,0,0.6,28,76,1020.6
2000100600,15.2,0,0.4,346.9,87,1021.4
2000100606,18,0,0.2,350.7,75.2,1022.1
2000100612,23.6,0,2.1,137.6,53.7,1020.7
2000100618,19.2,0,0.9,353.1,82.7,1021.8
2000100700,16.6,0,0.2,335.5,90.2,1022.2
2000100706,19.2,0,0.7,20.7,76.7,1022.5
2000100712,24.2,0,2.4,141.1,49.5,1020.3
2000100718,19.3,0,0.8,356.4,75.5,1019.1
2000100800,17,0,0.3,338.1,85.5,1016.8
2000100806,18.6,0.2,0.5,322.4,82.5,1015.4
2000100812,18.4,14,1.5,22.4,87.3,1012.9
2000100818,16.5,5.3,1.6,3.3,89.2,1010.7
2000100900,17.1,0,1.5,356.7,85.5,1009.2
2000100906,18.9,0,1.7,12.4,73.5,1011.8
2000100912,23.6,0,2.3,28.4,54.3,1012.3
2000100918,18.3,0,1,6.6,79.7,1014.7
2000101000,15.6,0,0.9,333.2,90.7,1015.8
2000101006,17.5,0,0.6,325,82.3,1016.5
2000101012,23,0,2.2,166.4,61.8,1015.5
2000101018,19,0,0.9,290.8,81.2,1015.8
2000101100,16.3,0,0.2,342.8,89.7,1015.6
2000101106,18.8,0,0.2,319.9,79.5,1015.5
2000101112,25.2,0,1.3,148.4,56.5,1013.3
2000101118,21.8,0,1.2,332.1,73.3,1013.8
2000101200,19.6,0,1,5.7,79.2,1014.5
2000101206,18.4,0,2.8,15,56.7,1016.8
2000101212,20.8,0,2.5,3.4,33,1016.2
2000101218,15.9,0,1,7.9,36.7,1017.7
2000101300,12.2,0,1,0,42.2,1018.3
2000101306,13,0,1.5,349.8,36.5,1018.4
2000101312,18.5,0,3.4,343.4,17.7,1016.6
2000101318,12.9,0,2.6,0,29,1019.2
2000101400,9.7,0,0.8,320.6,40.3,1021.3
2000101406,11.8,0,0.8,307.4,39,1023.2
2000101412,16.7,0,1,59.9,43.2,1021.3
2000101418,13.2,0,0.5,342.6,62.7,1021.8
2000101500,11.6,0,0.9,19.7,54.5,1022.7
2000101506,13.8,0,2.1,23.2,54.8,1024.7
2000101512,18.5,0,2.9,69.1,35.5,1024.4
2000101518,12.8,0,1.1,333.9,60.5,1025.9
2000101600,9.1,0,0.7,340,77.3,1026.9
2000101606,12.6,0,0.5,333.7,62.8,1027.4
2000101612,19.8,0,1.8,98.5,33.7,1024.2
2000101618,14.3,0,0.9,352.3,68,1022.3
2000101700,11.8,0,0.6,336.6,77,1020.7
2000101706,12.7,0,0.9,300.5,61.2,1019.7
2000101712,14.5,0.2,0.8,348.6,54.8,1017.4
2000101718,15.4,0,1.7,318.1,54.2,1017.2
2000101800,14.1,0,1.4,11.5,67.3,1018.7
2000101806,14.3,0,2.8,35,73.8,1021.8
2000101812,14.9,0,2.5,53.3,66.5,1023.9
2000101818,13.8,0,1.1,40.1,65.7,1024.9
2000101900,13.5,0,1.1,29.9,64.7,1024.3
2000101906,14.7,0,2.1,27.7,58.8,1023.6
2000101912,17.5,0,1.8,79.8,52.2,1020
2000101918,14.6,0,1,357.5,70.3,1018.3
2000102000,12.1,0,0.3,350.3,80,1017.8
2000102006,14.5,0,0.9,333,65.7,1017.4
2000102012,19.3,0,1.2,16.9,42.7,1017.3
2000102018,15.2,0,0.4,355,68,1019.2
2000102100,12.9,0,1.4,301.8,77.8,1020.3
2000102106,15.9,0,1.3,14.3,66.5,1022.4
2000102112,20.5,0,3,72.7,39.3,1021
2000102118,14.4,0,0.8,328.4,65.3,1022.2
2000102200,10.2,0,0.5,325,73.5,1022.8
2000102206,13.8,0,1.2,8.5,63.8,1023.4
2000102212,19,0,3,76.6,52.3,1021.9
2000102218,17.3,0,1.5,53.3,65.5,1020.7
2000102300,16.5,0.3,0.9,343.1,76.3,1018.8
2000102306,15.6,13.5,0.6,311.6,92.7,1018.7
2000102312,18.4,0,1.2,28.7,79.7,1017.3
2000102318,17.2,0,1.1,31.9,79.5,1018.8
2000102400,15.8,0,0.9,320.1,85.5,1019.6
2000102406,17.6,0,0.9,22,82.5,1019.8
2000102412,20.3,0.2,1.4,67.2,79.2,1017.4
2000102418,18.5,1.1,0.6,331.9,92.3,1015.4
2000102500,17.9,0,0.2,7.7,93.3,1013.5
2000102506,19.6,0,0.7,16.9,85.3,1014.2
2000102512,23.9,0,1.2,276.9,62,1014
2000102518,19.4,0,1.3,31.8,71.7,1015.4
2000102600,15.2,0,1.6,29.9,55.7,1017.1
2000102606,14.2,0,2.5,6.6,43.2,1020.3
2000102612,17.2,0,3.9,76.8,45.2,1021.6
2000102618,13.8,0,2,0,67.2,1024.5
2000102700,13.6,0,2.3,6.6,65.8,1025.6
2000102706,15.1,0,2.5,35.5,60.5,1027.1
2000102712,17.1,0,3.5,80.2,50.3,1026.3
2000102718,14.8,0,1.9,10,60.2,1026.3
2000102800,12.7,0,0.3,25.2,71.3,1024.7
2000102806,14.2,0,0.5,346.6,71.8,1023.3
2000102812,17.2,0,1.3,7.2,65.8,1019.2
2000102818,14.5,0.9,0.8,16.7,81,1017.6
2000102900,12.9,0.1,0.8,333.4,80.2,1015.6
2000102906,12.4,0.5,0.5,5.1,83.7,1014.5
2000102912,13.9,0,0.7,40.1,73,1012.5
2000102918,13.4,0,1.6,350,51.3,1013.1
2000103000,10.2,0,2,336.1,45.8,1015.5
2000103006,11.3,0,0.8,313.6,50.5,1018.7
2000103012,17.6,0,1.8,90,46,1019.6
2000103018,12.5,0,0.8,328,75,1021.2
2000103100,9.5,0,0.1,353.6,85.2,1022.7
2000103106,11.2,0,0.2,342.8,77.3,1023.3
2000103112,17.3,0,1.5,87,54.8,1021.2
2000103118,14.7,0.3,0.7,328,72.2,1021
2000110100,12.8,2.6,0.6,352.4,88.7,1019.9
2000110106,12.5,5.8,1.2,356.6,89.5,1020
2000110112,12.7,4,1.5,11.2,88.7,1017.7
2000110118,12.2,6.5,1.7,356.7,89,1017.7
2000110200,11.9,4.8,1.9,346.6,88.8,1015.4
2000110206,12.9,5,3.2,6.6,83.7,1015.5
2000110212,14.8,0.1,2.6,3.3,77.2,1017.2
2000110218,14.9,0,1.4,3.4,77.5,1019.5
2000110300,13.9,0,1,332.1,79.8,1020.8
2000110306,15.1,0,1.2,10,74.5,1023
2000110312,18.5,0,3.3,83.4,53.5,1023.1
2000110318,14.4,0,1.4,341.6,66.8,1024.2
2000110400,12.9,0,0.3,350.6,76.7,1023.7
2000110406,14.7,0,0.2,17.9,71.3,1022.7
2000110412,19.4,0,1.4,191.9,50,1018.9
2000110418,14,0,0.8,316.5,73.5,1017.4
2000110500,10.5,0,0.4,323.1,85.3,1017.3
2000110506,12.8,0,1,261.1,73.2,1018.1
2000110512,19.5,0,1.8,36.4,33,1016.9
2000110518,12.8,0,0.9,320,64.8,1018.7
2000110600,9.6,0,0.5,336.6,82.3,1018.8
2000110606,12.5,0,0.3,316.8,77.2,1018.5
2000110612,20.1,0,1.6,162.9,52.7,1016.9
2000110618,14.7,0,0.7,324.6,79.8,1017.8
2000110700,10.8,0,0.2,342.8,90,1018
2000110706,13.3,0,0.7,21.4,73.8,1018.9
2000110712,21,0,2.1,11.9,33.8,1017.5
2000110718,15.7,0,3,343.3,33.8,1020.2
2000110800,9.7,0,1.7,30.2,24.7,1022.1
2000110806,7.7,0,2.8,20.8,33.3,1023.8
2000110812,11.1,0,1.7,38.4,45.3,1024
2000110818,7.9,0,1.2,329.8,64.2,1024.4
2000110900,5.8,0,0.4,335.5,75.3,1023.4
2000110906,7.9,0,0.7,314.4,68.8,1023.8
2000110912,15.9,0,1.2,131.6,41.3,1021.6
2000110918,11,0,0.6,323.1,65,1022.4
2000111000,6.9,0,0.9,321.5,60.8,1023
2000111006,9.7,0,0.9,330.5,58.2,1022.7
2000111012,16.9,0,1.7,121.3,53.7,1019.5
2000111018,12.4,0,1.6,21.6,53.7,1020.2
2000111100,7.2,0,3.7,0.9,58.8,1022.7
2000111106,6.4,0,1.9,356.6,56.7,1024.9
2000111112,12.5,0,2.3,3.3,55.5,1023
2000111118,9,0,0.9,310.9,78.3,1022.5
2000111200,7.8,0,0.8,20.2,65.8,1021.5
2000111206,7.2,0,3.2,349.8,34.5,1022.6
2000111212,11,0,2.4,340,33.5,1022.4
2000111218,7.6,0,0.8,340,54.3,1024.6
2000111300,4.4,0,0.9,327.2,74,1026.8
2000111306,5.9,0,1.1,330.7,67.3,1028.9
2000111312,13,0,1.8,102.4,34.7,1026.9
2000111318,7.7,0,0.7,338,63.5,1027.8
2000111400,4.8,0,0.3,314.9,76.8,1028.6
2000111406,7.6,0,0.8,278.1,61.3,1028.8
2000111412,15,0,1.3,141.5,46.3,1026.8
2000111418,11.6,0,0.4,342.4,66.3,1025.9
2000111500,9.7,0,0.7,341.6,61.8,1024.9
2000111506,11.8,0,1.3,335.2,50.5,1025.8
2000111512,12.8,0,2,3.3,57.8,1025.6
2000111518,12.2,0,1.6,18.5,63.5,1026.7
2000111600,12.9,0.1,4,70.3,68.8,1026.3
2000111606,11.2,3.5,4.3,90,83.2,1027.3
2000111612,10.6,2.7,2.5,70,88.2,1024.7
2000111618,10.2,2.2,1.8,13.4,88.8,1023.6
2000111700,10.5,0.6,1.4,325.3,89,1021.2
2000111706,11.6,0,1.7,342.3,76.5,1019.9
2000111712,12,0,4.6,340,51.5,1019.2
2000111718,7.3,0,1.9,340,55,1023.3
2000111800,6.2,0,2.6,350,51.3,1025.2
2000111806,6.2,0,1.7,35,46.2,1029.2
2000111812,10.9,0,2.4,62.6,23.5,1029.1
2000111818,5.8,0,1.1,316.6,49.5,1031.1
2000111900,3.2,0,0.6,323.1,66,1031.8
2000111906,7,0,0.8,347.4,63.5,1031.1
2000111912,12.6,0,1.4,43.4,55,1027.8
2000111918,11.1,0,0.8,332.5,67,1024.2
2000112000,9.1,8.2,0.6,60.6,91.3,1019.7
2000112006,10.1,15.2,0.6,320.2,94.5,1012.6
2000112012,11.6,6.5,2,28.7,81.5,1009
2000112018,9.2,0,3.3,333.4,56.7,1014.3
2000112100,5.6,0,2.1,333.4,47.8,1018.4
2000112106,5.3,0,3.2,333.2,44.3,1022.2
2000112112,7.4,0,2.9,349.8,24.2,1024.1
2000112118,2.9,0,0.8,357.2,35.2,1027.7
2000112200,1,0,0.9,291.6,43.8,1029.3
2000112206,3.3,0,0.7,326.2,47.5,1029.8
2000112212,10.6,0,2,57.2,45.5,1027.9
2000112218,6.1,0,1.2,333.6,64.3,1027.9
2000112300,2.8,0,0.9,326.6,80.5,1027.2
2000112306,5.3,0,0.8,322.3,68.5,1027
2000112312,14,0,1.4,63.2,27.3,1024.8
2000112318,7.9,0,0.8,302.6,53.5,1025.2
2000112400,4.1,0,0.6,314.4,70.7,1024.9
2000112406,6.5,0,0.9,332.7,66.3,1025.2
2000112412,14.2,0,1.8,90.5,41.7,1023.5
2000112418,8.8,0,0.8,298.7,71.8,1023.4
2000112500,5.4,0,0.4,335.5,81.3,1023.5
2000112506,7.9,0,0.4,320.2,73.8,1023.3
2000112512,16.2,0,0.9,218.1,44.8,1020.6
2000112518,10.2,0,0.3,335.5,76.5,1020.7
2000112600,5.9,0,0.5,325,84.3,1020.2
2000112606,7.9,0,0.6,280.3,72.3,1020.5
2000112612,15.9,0,1.1,69.5,45.3,1018.8
2000112618,11.5,0,0.5,12.8,63.5,1019.2
2000112700,8.7,0,2.3,8.7,69,1019.1
2000112706,6.7,0,2.3,4.3,36.3,1020.9
2000112712,11.2,0,2,7.9,22.5,1020.1
2000112718,7.4,0,2.7,353.4,23.7,1021.7
2000112800,4,0,3,6.8,30,1023.4
2000112806,5,0,1.5,43.2,28.2,1026.1
2000112812,10,0,2.6,350,22.5,1025.1
2000112818,5.1,0,0.6,347.8,37.5,1026.3
2000112900,1.7,0,0.8,304.4,48.7,1026.4
2000112906,3.8,0,1,316.1,46.7,1025.2
2000112912,10.8,0,1.9,354.9,21.8,1023.3
2000112918,6.6,0,1,354.9,34.8,1024
2000113000,6.6,0,1.7,50.2,40.7,1024.4
2000113006,7.5,0,1,7.2,47,1025.1
2000113012,10.8,0,1.7,19.7,54.5,1023.2
2000113018,7.8,0,1.2,315.1,78.2,1023.6
2000120100,7.6,0,0.7,341.6,70.5,1023
2000120106,9.5,0,2.4,6.6,72,1023.3
2000120112,13,0,2.2,18.2,65.2,1023.7
2000120118,9.2,0,0.6,350.2,78.8,1024.5
2000120200,6.3,0,0.3,338.1,87.3,1024.9
2000120206,7.5,0,0.2,350,80.8,1025.6
2000120212,15.6,0,1.3,181.3,42.7,1021.8
2000120218,10.7,0,0.5,325,62.5,1020.6
2000120300,9.7,0,1.1,20.2,51.5,1019.5
2000120306,10.8,0,2.4,343.4,47.8,1018.8
2000120312,12.7,0,3.8,336.6,17.7,1016.9
2000120318,7.2,0,1.6,20,23.8,1018.3
2000120400,3.4,0,1,313.4,32,1019.8
2000120406,4,0,0.6,323.7,36.7,1020.2
2000120412,12.4,0,1.2,270.6,21.7,1017.5
2000120418,5.3,0,0.6,330.5,32.8,1017.2
2000120500,2.9,0,1.4,334.3,40.8,1016.5
2000120506,7.8,0,2.1,308,47.8,1016
2000120512,12.1,0,2.6,346.6,17,1016.8
2000120518,6.8,0,2,30.4,25.5,1020.7
2000120600,3.4,0,2.5,15,26.8,1022.2
2000120606,4,0,3.9,4.7,27.2,1024.3
2000120612,9.1,0,2.7,43.4,17.2,1024.8
2000120618,5,0,1.2,1.9,27,1026.8
2000120700,1.9,0,0.3,342.8,45.2,1027.7
2000120706,3.7,0,0.4,330,49.2,1028.5
2000120712,11.6,0,1.3,74.6,33,1025.6
2000120718,6.5,0,0.9,331.1,42.3,1025.6
2000120800,2.7,0,0.8,285,61.2,1025.2
2000120806,5.4,0,1,344,60.5,1025.1
2000120812,13.1,0,1.1,96.8,37.3,1022.3
2000120818,7.4,0,0.5,310.9,67,1022.7
2000120900,3.4,0,0.2,350,77.7,1022.2
2000120906,5.3,0,0.5,233.7,69.7,1022.2
2000120912,15.1,0,1.4,170,31.5,1020.3
2000120918,9,0,0.7,310.9,55.7,1018.2
2000121000,5.6,0,0.3,327,67.3,1017.2
2000121006,6.9,0,0.8,321.4,65,1015.3
2000121012,10.6,0,2.6,4.4,59.3,1014.8
2000121018,5.8,0,3.2,346.6,35.8,1018.2
2000121100,1,0,3.2,0,23,1022.9
2000121106,-1.2,0,5.4,336.7,20.7,1027.1
2000121112,1,0,4.7,336.7,12.8,1027.3
2000121118,-2.6,0,2.8,350,21.3,1029.4
2000121200,-5.4,0,1.8,35,29,1029.1
2000121206,-3.5,0,4.7,350,18.3,1028.1
2000121212,2.3,0,3.1,3.4,11.5,1025.1
2000121218,-0.1,0,2.1,10.4,27.7,1024.2
2000121300,-1.4,0,0.5,331.2,51.2,1023.5
2000121306,0.1,0,0.8,298.1,57.7,1023.9
2000121312,7.2,0,1.7,308.2,33.7,1022.5
2000121318,2,0,0.6,334.3,55.2,1023.5
2000121400,-1.3,0,0.5,298.7,72.2,1025.1
2000121406,0.3,0,0.3,338.1,67.2,1026.4
2000121412,9.2,0,1.5,302.6,28.8,1024.1
2000121418,3.8,0,0.5,323.1,47,1025.3
2000121500,0.2,0,0.3,323.1,67.3,1025.6
2000121506,3.7,0,1.5,325.6,65.8,1025.2
2000121512,13.1,0,3.2,270,34.2,1022
2000121518,10.7,0,2.7,193.1,49.7,1021.9
2000121600,8.2,0,1.1,122.5,52.3,1022.2
2000121606,8.5,0,1.5,26.4,55,1024.3
2000121612,11,0,2.6,13.1,13.8,1024.7
2000121618,5.2,0,1,339,21.8,1026.2
2000121700,2.2,0,0.4,340,31.5,1025.8
2000121706,3.8,0,0.1,350,35.2,1026.2
2000121712,10.6,0,1.2,40.1,20.2,1024.5
2000121718,5.5,0,0.6,322.3,34,1025.3
2000121800,1.7,0,0.2,340.5,50.2,1025.2
2000121806,3.5,0,0.2,345.6,56.7,1024.2
2000121812,13.2,0,1.2,150,52.5,1019.7
2000121818,10.9,0,1.1,341.6,68.5,1016.7
2000121900,6.9,0,0.5,32.4,76.5,1016.9
2000121906,8.4,0,2.3,350.3,46.5,1020.1
2000121912,9.6,0,2.2,17.3,27.3,1022.5
2000121918,8.1,0,1.8,18.2,49.5,1026.6
2000122000,7.1,0,0.6,334.9,59.8,1025.4
2000122006,7.2,0,0.6,354.9,63.5,1021.3
2000122012,8.5,0,1.8,16.5,64.3,1016.9
2000122018,4.5,0.6,3.8,350,59.5,1018.4
2000122100,4.1,0,3.5,356.6,50.7,1019.2
2000122106,4.2,0,1.9,340.8,32.3,1020.5
2000122112,7.9,0,1.8,12,20.3,1020.5
2000122118,3.1,0,0.6,323.1,34,1021.8
2000122200,-0.5,0,1,301.8,49.3,1021.4
2000122206,1.2,0,0.9,311.9,46.7,1021.2
2000122212,10.7,0,2.7,243.4,26,1018.2
2000122218,5.6,0,1.2,313.3,47.8,1017.4
2000122300,1.5,0,0.3,337.1,68.3,1016.3
2000122306,6.5,0,2.4,256.9,64.8,1011.6
2000122312,9.3,0,5.5,302.9,40,1010.6
2000122318,4.9,0,2,323.9,33.3,1016
2000122400,0.8,0,0.6,342.7,42.2,1020.8
2000122406,1.5,0,0.3,330.5,49.5,1021.5
2000122412,7.1,0,2,317.1,34.5,1019.2
2000122418,2.7,0,1.1,9.7,43.3,1018.9
2000122500,1.8,0.1,1.8,310.9,65.7,1015.5
2000122506,1.3,0.3,6,336.6,46.7,1017.2
2000122512,1.5,0,4.5,333.2,21.2,1021.4
2000122518,-1.5,0,1.7,0,31.5,1025.4
2000122600,-3.7,0,2.1,3.3,39.7,1027.6
2000122606,-3.3,0,3.1,340,31.3,1029.6
2000122612,1.2,0,3.7,336.6,17.8,1029.7
2000122618,-2.1,0,2.4,32.9,28.7,1031.4
2000122700,-4.4,0,1,311.5,34.5,1031.6
2000122706,-2.9,0,1.3,296.8,34.5,1031.2
2000122712,5.2,0,1.2,40.4,16.7,1028.4
2000122718,1.7,0,1,350.2,32.3,1027.9
2000122800,-0.4,0,0.4,325.9,48.8,1027.2
2000122806,2,0,0.3,344.3,50.2,1026.3
2000122812,7.1,0,2.4,23.2,27,1026.2
2000122818,1.7,0,1.2,320.1,38.2,1027.8
2000122900,-1.1,0,0.9,336.6,56.3,1028.3
2000122906,0.3,0,0.6,328,56.7,1028
2000122912,9.5,0,1.6,83,27.2,1025.3
2000122918,4.3,0,1.6,335.9,36.8,1024.8
2000123000,0.6,0,0.5,328.3,48.7,1024.2
2000123006,2.3,0,0.2,335.9,46.3,1022.6
2000123012,9.7,0,0.7,272.1,42.8,1019
2000123018,6,0,0.6,317.2,72,1016.8
2000123100,2.7,0,0.7,331.1,77.2,1015.1
2000123106,4.5,0,2.8,346.5,36.2,1015
2000123112,4.8,0,4.8,326.6,16.3,1014.6
2000123118,0,0,2.5,3.4,26,1017
2001010100,-3.9,0,1.2,6.8,41.5,1019.1
2001010106,-2.7,0,0.8,17.7,38.5,1019.8
2001010112,6,0,0.8,170,19.2,1015.3
2001010118,2.6,0,0.8,322.3,19.8,1013.8
2001010200,3.4,0,1.4,223.3,42,1012
2001010206,4,0,2.3,333,54.2,1012.8
2001010212,7.6,0,6,325.3,24.8,1012.7
2001010218,3.2,0,4.9,315.1,23,1016.8
2001010300,0.7,0,4.8,323.3,20.7,1020.2
2001010306,-1.9,0,2.7,347.8,27.3,1023
2001010312,2,0,3,343.3,23.7,1021.6
2001010318,-0.7,0,1.1,343.2,38,1022
2001010400,-2.7,0,1.2,355.6,47.5,1022.2
2001010406,-2.8,0,2.9,313.7,37.2,1024.4
2001010412,0.6,0,3.4,353.2,13.5,1025.2
2001010418,-2.3,0,2.2,0,16.3,1027.9
2001010500,-4.6,0,2.5,16.7,22.2,1028.5
2001010506,-4,0,1.5,322.8,24,1030.9
2001010512,2.4,0,3.6,350,22.2,1030.7
2001010518,-0.3,0,1.7,336.6,34.8,1032.5
2001010600,-2.3,0,2.5,0,45.8,1033.6
2001010606,-1.9,0,1.2,12.4,38.7,1034.1
2001010612,5.2,0,1.5,61.9,36.8,1032.6
2001010618,4.3,0,1.5,26.8,57.5,1031.4
2001010700,5.8,0,2.9,86.7,65.5,1028.2
2001010706,6.3,12.8,4.6,103.4,84.5,1021.6
2001010712,7.2,9.1,2.8,76.8,87.5,1014.2
2001010718,7.6,2,2.1,353.6,86.7,1010.6
2001010800,6.2,1,3,3.3,82.2,1015.1
2001010806,6.1,0,2.6,10,75.7,1020.3
2001010812,7.6,0,2.9,24.9,64.2,1022.7
2001010818,4.8,0,1.5,356.9,79.5,1024.2
2001010900,4.3,0.6,1.1,310.1,90.2,1022.8
2001010906,5.2,1.6,0.8,334.2,91.7,1018.2
2001010912,7.3,5.6,0.5,340,91.5,1011.5
2001010918,5.9,0.3,3.7,346.6,69,1011.2
2001011000,2.1,0,3.6,4.3,41.7,1014.3
2001011006,0.3,0,2.2,3.3,30.2,1017.9
2001011012,5.2,0,2.5,0.5,16.7,1016.1
2001011018,0.7,0,0.4,330.5,34.3,1015.4
2001011100,-1.4,0,0.6,325,50.3,1013.7
2001011106,2.3,0,1.3,325,43.5,1013.6
2001011112,4.3,0,3.8,350,17.2,1014.8
2001011118,0,0,1.5,6.6,33.3,1017.6
2001011200,-3,0,1.5,28.1,44,1021
2001011206,-4,0,2.4,0,39.8,1022.2
2001011212,0.3,0,3,353.2,24.2,1022.1
2001011218,-2.3,0,1.2,8.7,30,1021.8
2001011300,-3.5,0,1.4,37.1,34.3,1020.7
2001011306,-3.4,0,0.9,351.7,52.7,1018.8
2001011312,0.8,0,2.7,346.6,54.7,1016.2
2001011318,-2.5,0,3.4,340,32.8,1017.5
2001011400,-6.4,0,3.1,343.3,39.2,1020
2001011406,-7.2,0,6.5,340,32.7,1021.2
2001011412,-3.6,0,4.1,343.3,22,1020.6
2001011418,-7.1,0,3.3,340,32.5,1021.8
2001011500,-9.4,0,5.1,336.7,33.7,1023.4
2001011506,-8.7,0,5.1,340,32.3,1025.2
2001011512,-4.6,0,5.6,333.4,16.5,1025
2001011518,-7,0,5.1,330,28.8,1027.4
2001011600,-7.9,0,7.1,333.4,38.2,1027.2
2001011606,-6.2,0,7.9,336.7,39.8,1026.6
2001011612,-2.6,0,7.4,340,18,1026.6
2001011618,-4.7,0,4.4,340,18,1028.6
2001011700,-5.7,0,3.5,13.9,16.8,1028.9
2001011706,-3.2,0,3.4,353.2,10.7,1029.8
2001011712,2.8,0,2.5,346.8,8.5,1028.1
2001011718,-0.8,0,1.9,12.8,25,1028.4
2001011800,-3.6,0,0.9,329.6,45.2,1027.8
2001011806,-1.9,0,0.3,322.3,53.3,1027.8
2001011812,6.7,0,1.5,30.1,39.3,1027.4
2001011818,2.5,0,1.3,356.8,64,1028.9
2001011900,-0.3,0,0.5,333.2,76,1030.4
2001011906,1,0,1,293,72,1030.1
2001011912,8.4,0,1.5,100.4,58.2,1027.3
2001011918,5.6,0,0.3,359.5,72.5,1024.8
2001012000,3.9,1.3,0.2,4.3,88,1021.9
2001012006,3.5,14.1,0.3,358,91.5,1017.7
2001012012,5.4,4.5,1.5,2,84.8,1015.2
2001012018,4.1,0,1.5,10.4,74.7,1017.6
2001012100,2.3,0,1.8,28.5,65.3,1018.9
2001012106,3,0,2.2,356.6,42.7,1020.8
2001012112,7.1,0,3.1,350,29.3,1021
2001012118,2.2,0,1.6,337.6,52,1021.8
2001012200,0.8,0,1.1,356.6,60,1022.6
2001012206,1.9,0,0.8,341,54,1023.3
2001012212,5.9,0,1.2,350,52.8,1022.2
2001012218,3.6,0,0.7,340,72.8,1022.9
2001012300,0.9,0,0.7,308.9,79.2,1023.9
2001012306,2.4,0,2.3,6.6,40.3,1025.6
2001012312,6.4,0,2.6,28.5,25.2,1026.2
2001012318,2.9,0,1.5,6.6,60.5,1028.9
2001012400,1.9,0,0.8,354.4,62.8,1029.6
2001012406,3.5,0,0.8,345.2,57.7,1029.4
2001012412,6.2,0,1.6,80,54.3,1026.9
2001012418,5.9,0,0.8,6.1,61.2,1023.7
2001012500,4.6,0.1,0.3,334.3,71,1021.2
2001012506,4.7,0.4,0.4,327.3,82,1018.5
2001012512,7.2,0.2,2.5,26.6,74,1016.5
2001012518,6,0.1,3.2,29.9,70.8,1016.8
2001012600,5.8,0.4,4.4,56.6,59.2,1018.8
2001012606,5.8,0,4.8,66.7,54.8,1019
2001012612,5.7,0,4,66.7,58.2,1016.2
2001012618,4.1,0.7,2.5,14.7,78.5,1015
2001012700,3.3,4.1,2.4,0,87.3,1012.8
2001012706,4.1,0.3,1.9,0,80,1012.8
2001012712,6.6,0.2,3,355.9,62.2,1013.5
2001012718,3.1,0,1.6,12.4,64,1016.4
2001012800,1,0,0.5,325,65.5,1017
2001012806,2.2,0,1.3,265.2,57.5,1016.4
2001012812,4.3,0,4,308.2,46.7,1014
2001012818,0.4,0,5,326.6,25.7,1017.5
2001012900,-2.2,0,5.6,333.4,34.3,1021.5
2001012906,0.2,0,3.9,332.3,37.3,1023.3
2001012912,5.4,0,3.3,299.9,25.2,1021.3
2001012918,2.5,0,1.5,318.5,36.8,1021.7
2001013000,1,0,1.4,346.1,49.7,1021.7
2001013006,1.4,0,0.7,32.8,40.3,1022.5
2001013012,6.7,0,2.2,16.9,26.2,1021.7
2001013018,2.8,0,1,0,46.5,1022.2
2001013100,-0.6,0,0.4,350.2,61.3,1022.6
2001013106,0.3,0,0.4,66.6,61,1021.1
2001013112,5.9,0,1.1,218.7,39.8,1017.4
2001013118,5.1,0,0.2,348.6,58.3,1014.4
2001020100,4.8,0,1.8,350,65.5,1010.8
2001020106,2.6,0,4.2,336.7,29.2,1013.6
2001020112,4,0,4.4,336.7,14.8,1015.4
2001020118,-0.5,0,1.9,343.4,24.7,1018.8
2001020200,-3.8,0,3.8,357.3,23.2,1021.2
2001020206,-3.4,0,1.8,22.8,25,1023.4
2001020212,3.4,0,3.5,343.4,13.3,1022.3
2001020218,0.2,0,0.5,338.6,26.5,1022.8
2001020300,-2.7,0,0.9,317.6,46.2,1024.7
2001020306,-0.4,0,1.2,47.8,49.5,1025.9
2001020312,7.5,0,1.6,166.6,35.5,1025.6
2001020318,4.6,0,0.5,320.4,50.7,1025.8
2001020400,2.5,0,0.6,317.6,59.8,1026.8
2001020406,3.3,0,0.5,319,61.3,1026.9
2001020412,8.6,0,1.7,76.1,48.2,1025.2
2001020418,6.5,0,0.9,11.7,57.3,1024.5
2001020500,2.3,0,0.5,325,73.3,1024.6
2001020506,3.7,0,0.5,358.5,72.7,1024.1
2001020512,10.9,0,2.2,104.7,50.8,1021.4
2001020518,7.9,0,1.2,35,64.7,1019.5
2001020600,6.2,0,0.8,330.1,71.5,1018.2
2001020606,7.1,0,1.1,359.2,75.8,1018.6
2001020612,7.5,0.2,1.6,18.2,72,1018
2001020618,6.7,0,0.8,11.1,72.8,1018.5
2001020700,5.6,0,0.6,316.4,83.7,1017.8
2001020706,6.6,0,1.3,11.2,74.2,1016.7
2001020712,8.6,0,3.8,336.1,33.8,1015.3
2001020718,4.3,0,2.8,333.4,24.7,1017.2
2001020800,-1.6,0,3.2,353.2,28.5,1020.9
2001020806,-2.2,0,3.6,350,31.3,1023
2001020812,3.2,0,3.7,340,17.2,1023
2001020818,-0.1,0,2.3,325.3,22.2,1024
2001020900,-1.8,0,3.6,333.2,37.2,1025.4
2001020906,-0.6,0,2,350.2,45.7,1027.6
2001020912,6.2,0,2.4,285,26.5,1024.9
2001020918,2.7,0,1.1,315.1,44,1024.5
2001021000,0.2,0,0.1,348.7,55.3,1026.6
2001021006,1,0,0.6,52.8,47.3,1029
2001021012,6.5,0,2.1,137.6,23,1028
2001021018,2.6,0,0.8,298.5,36.3,1028.8
2001021100,-1.1,0,0.8,319.8,44.2,1030.2
2001021106,0.6,0,1.1,298,47.8,1031.7
2001021112,6.7,0,2.4,350,28.7,1031.8
2001021118,3.5,0,1.6,6.8,26.2,1032.4
2001021200,2,0,0.9,17.3,23.3,1031.7
2001021206,2,0,1.9,43.4,19.7,1031
2001021212,3.4,0,2.2,46.8,14.7,1029.2
2001021218,1.6,0,0.9,23.2,16.8,1027.1
2001021300,0.1,0,0.9,338.9,23,1025.1
2001021306,1.3,0,1.3,358,25.8,1023.4
2001021312,7.3,0,1.7,35,26.2,1019.9
2001021318,2.7,0,3.2,336.7,17.7,1019.8
2001021400,-0.7,0,6,333.4,27,1021.2
2001021406,-1.2,0,5.2,343.4,26.3,1022.9
2001021412,3.2,0,4,340,15.5,1023.2
2001021418,0.6,0,3.2,320,25.8,1024.1
2001021500,-1.1,0,1.5,352,38.2,1025.2
2001021506,0.1,0,0.9,11.9,42.3,1025.9
2001021512,8,0,5.2,250,28,1020.2
2001021518,5,1.1,3.5,295.5,64.7,1015.5
2001021600,1.1,0,4.1,346.6,48,1019.2
2001021606,-0.2,0,5.1,343.3,37.5,1023.8
2001021612,3.5,0,5.8,333.4,21.5,1026.6
2001021618,0.6,0,2.8,333.4,26.3,1029.9
2001021700,-2.2,0,2.7,343.3,25.8,1029.8
2001021706,-1,0,1.6,346.6,34,1029.5
2001021712,7,0,2.3,264.1,25.2,1025.5
2001021718,5.3,0,1.2,308.2,31.2,1022.2
2001021800,2.6,0,0.9,72.9,46.7,1021
2001021806,4.3,0,1.2,349.8,41,1019.3
2001021812,11.9,0,3.2,349.8,21.3,1016.9
2001021818,8.1,0,1.6,14.3,37.3,1017
2001021900,5.1,0,1,358.4,53.7,1018.8
2001021906,7.8,0,2.9,0,48.5,1020.5
2001021912,13.6,0,2.7,54.2,29.5,1020
2001021918,9,0,1.9,63.2,58.3,1023
2001022000,6.4,0,0.7,355.9,64.5,1023.9
2001022006,6.5,0,0.2,353.6,66.3,1024.1
2001022012,12.5,0,2.8,144.8,45.5,1022.1
2001022018,9,0,2,177.9,66,1020.4
2001022100,4.1,0,0.1,350,83,1018
2001022106,5.4,0,0.5,326.9,78.7,1016.2
2001022112,8.6,1.8,1.2,352,79.3,1015
2001022118,7.7,0,1.6,349.6,75.8,1015.2
2001022200,5.1,0,0.8,350,70.5,1017.5
2001022206,6.3,0,0.8,280,63.2,1018.9
2001022212,15.3,0,2.5,158,43.2,1017.1
2001022218,10.3,0,1.1,35,71.2,1016.3
2001022300,5.6,0,0.2,350,77.7,1016.3
2001022306,6.8,0.5,1,311.9,77.2,1015
2001022312,7.4,5.7,1.5,10,87.2,1013
2001022318,6.7,10.6,2.7,26.6,86.3,1011.6
2001022400,5.2,5.2,2.5,21.6,85.7,1011.6
2001022406,4.4,1.9,2.1,10,83.7,1013.1
2001022412,4.5,0,2.5,3.3,78,1013.6
2001022418,3.3,0.1,2.3,3.4,75.5,1017.5
2001022500,1,0,3.4,340,53.5,1021.5
2001022506,0.3,0,4,343,32.8,1025.9
2001022512,5.2,0,3.8,327.2,22,1027.8
2001022518,2.2,0,1.6,355.7,35.2,1029.4
2001022600,-0.8,0,0.7,323.4,57.2,1030.6
2001022606,1.8,0,1.3,11.6,45.3,1032.1
2001022612,9.7,0,1.7,342.4,20.5,1029.6
2001022618,5.5,0,0.9,350.2,35.7,1029.5
2001022700,0.6,0,0.8,319.8,54.7,1029.2
2001022706,3,0,0.2,332.1,51.7,1027.8
2001022712,12,0,0.9,330.5,26.8,1023.9
2001022718,10.7,0.5,0.7,297.3,70.2,1020
2001022800,12.8,10.1,2.5,219.8,90.3,1012.9
2001022806,7.8,18,1.9,18.5,87,1013.3
2001022812,10.6,0.5,2.7,55,60.5,1014.4
2001022818,8.6,0,1.8,31.8,64.2,1014.6
2001030100,7.6,0,1.6,356.7,65,1013.3
2001030106,7.9,0,1.3,343.4,62.8,1012.8
2001030112,8.5,0,1.9,38,68.3,1012.2
2001030118,5.4,1,1.8,0.4,69.5,1015
2001030200,4,0,1,353.4,58.5,1019.1
2001030206,5.3,0,1.3,342.5,65,1022.2
2001030212,11.1,0,2.1,150.7,41.8,1023
2001030218,7.6,0,1,286.9,61.5,1023
2001030300,4.4,0,0.5,317.6,81.2,1022.5
2001030306,7.8,0,0.8,234.4,68.8,1019.9
2001030312,12.9,0,3.1,223.4,61.8,1013.4
2001030318,10.1,0,3.9,246.7,71.5,1005.6
2001030400,3.2,1.7,3.7,312.3,31,1008.1
2001030406,3,0,4.8,273.4,41.5,1007.5
2001030412,3.5,0,4.5,329.8,40.2,1004.6
2001030418,1.2,0,6.8,310.1,32.7,1008
2001030500,0.5,0,6.2,320,34.7,1010.8
2001030506,3,0,2.2,215,30.8,1014.9
2001030512,10.4,0,3.5,340,16.3,1015.2
2001030518,6.9,0,0.7,332.6,33.7,1015.7
2001030600,3.1,0,0.5,316.3,53.3,1016.9
2001030606,5.9,0,1,294.5,51.8,1015.9
2001030612,15.9,0,4.9,270,43.7,1010.8
2001030618,11.9,0,3.1,295.5,52,1009.8
2001030700,5.8,0,3.4,343.4,26.2,1012.8
2001030706,3.6,0,2.5,346.5,36.5,1016
2001030712,6.9,0,4.7,340,22.5,1015.7
2001030718,2,0,2.8,0,26.2,1017.4
2001030800,-1.4,0,2,356.7,37.2,1019
2001030806,-1.1,0,2.4,316.8,40,1017.7
2001030812,1.3,0,4.8,316.8,29.2,1015
2001030818,-0.8,0,3.5,333.4,35,1016.8
2001030900,-2.7,0,3.3,333.4,43.3,1020
2001030906,-1.2,0,4.5,333.4,36.2,1021.4
2001030912,4.9,0,3.9,333.4,16.7,1020.2
2001030918,2.7,0,0.6,318.5,30.8,1019.5
2001031000,2.3,0,1.6,282.4,46.3,1019.2
2001031006,6.7,0,3.9,273.3,45.2,1016.2
2001031012,9.9,0,3.7,35,44.7,1014.8
2001031018,3.2,0,1.8,11.2,64.7,1020.2
2001031100,0.7,0,0.4,319.2,72.8,1022.8
2001031106,2.4,0,0.6,340.8,72.5,1023
2001031112,6.8,0,2.1,135.7,57.5,1021.1
2001031118,5,0,1,293.4,67.8,1019
2001031200,2.3,0,1.1,6.8,42.2,1018.9
2001031206,3.6,0,3.5,8.7,28.7,1018.6
2001031212,8.8,0,4.1,326.6,21,1017.7
2001031218,5.3,0,1.3,10.2,28.8,1019
2001031300,1.9,0,1.6,10.1,49.3,1022
2001031306,3.9,0,1.1,308.2,49.3,1024.8
2001031312,10.4,0,2.9,153.4,47.3,1024.2
2001031318,7.6,0,1.9,248.1,50.5,1021.5
2001031400,3.3,0,0.2,350,64.2,1020.3
2001031406,9.2,0,2.1,256,63,1019.5
2001031412,17.1,0,5.9,246.7,45,1015.9
2001031418,15.9,0,3.7,246.7,61.3,1012
2001031500,14.2,0,3.2,322.6,60.5,1010.3
2001031506,10.8,0,2.1,29.9,51.7,1017
2001031512,13.1,0,3.1,122.2,46.7,1017.3
2001031518,8.5,0,1.3,38.7,70.3,1018.3
2001031600,4.5,0,0.5,346.4,60.5,1020
2001031606,5.6,0,0.7,308.1,44,1020.7
2001031612,13.1,0,3,176,47.8,1017.3
2001031618,10.9,0,1.6,235,59.2,1015.7
2001031700,8.6,0,0.9,323.3,72.3,1014.2
2001031706,7.6,2.7,0.6,319,83.2,1012.2
2001031712,10.2,0.1,1.1,359.2,63.8,1008.8
2001031718,10.2,0,0.7,291.7,70.5,1007.5
2001031800,9.3,0,2.6,346.8,43.2,1008.8
2001031806,10.2,0,3.6,3.4,33,1012.7
2001031812,18.3,0,2.6,292.3,15.7,1012.5
2001031818,14.2,0,1.3,316.3,30.3,1012
2001031900,9.8,0,1.2,315.1,47.3,1013.5
2001031906,11.8,0,0.6,311.8,44.7,1013.9
2001031912,20.6,0,4.8,270,12.2,1009.6
2001031918,15.5,0,2.8,242.1,34.7,1008.7
2001032000,13.1,0,1.8,253.3,52.3,1008.7
2001032006,14.7,0,2,231.1,44,1007.1
2001032012,21.3,0,5.2,273.4,26,1003.1
2001032018,16.4,0,1.6,252.1,48.5,1003.2
2001032100,11,0,1.1,299.4,46.8,1007.8
2001032106,12.3,0,1,291.3,42.7,1009.5
2001032112,19.7,0,3.8,176.6,25.8,1008.2
2001032118,15.4,0,0.9,314.9,33.3,1007.4
2001032200,10.1,0,0.2,351.8,44.2,1006.8
2001032206,14.7,0,1.6,271.5,39.8,1005.8
2001032212,22.5,0,4.5,289.7,23.5,1003.3
2001032218,16.2,0,2.6,32.3,26.7,1007.4
2001032300,10.7,0,1.3,3.9,49.5,1014.2
2001032306,11.8,0,0.8,7,44.3,1017.3
2001032312,17.4,0,2,173.2,15.8,1015.4
2001032318,12.2,0,0.9,35,23.3,1015
2001032400,6.6,0,0.3,335.5,39.2,1015.2
2001032406,10,0,0.5,9.4,37.8,1015.2
2001032412,17.9,0,2.6,166.4,32.7,1011.9
2001032418,13.9,0,1.3,137.3,72.7,1009.8
2001032500,11.7,0,0.6,314.7,75.8,1007.8
2001032506,14.3,0,0.6,52.8,50.3,1007.1
2001032512,18.3,0,2.8,160,47.5,1004
2001032518,15.1,0,3.1,18.3,49,1003
2001032600,10,0,2.1,356.6,21.8,1007.5
2001032606,8.8,0,1.9,332.1,15.3,1011.2
2001032612,14.1,0,3,316.7,11.5,1010.8
2001032618,8.8,0,2.5,16.5,19.5,1011.4
2001032700,3.8,0,1.2,32.9,25,1016.2
2001032706,4.9,0,1.3,40,24.3,1017.1
2001032712,11.3,0,3,118.7,18.3,1014.7
2001032718,8,0,1.4,49.7,37.7,1014.3
2001032800,6.7,0.4,0.6,335.5,59.2,1012.5
2001032806,5.3,2.1,1.7,349.8,84.3,1011.4
2001032812,8.7,0.6,2.6,38.2,66.8,1011.4
2001032818,7,0,0.8,13.9,69.3,1012.4
2001032900,5.7,0,2.2,16.2,61.3,1011.9
2001032906,6,0,4.3,353.4,29.5,1010.5
2001032912,10,0,4.5,332.1,23,1008.7
2001032918,5.5,0,2.7,336.7,34.5,1010.9
2001033000,2.5,0,0.7,318.8,41.8,1012.3
2001033006,3.8,0,0.6,357.3,41.8,1014
2001033012,3.5,0.8,0.9,326.5,81.2,1013.4
2001033018,3.9,0,1.3,350.2,80.2,1013.2
2001033100,2.8,0,1.7,6.6,75,1015.7
2001033106,5.2,0,2.5,13.7,54.8,1018.2
2001033112,10.9,0,2.9,336.6,21.8,1018.4
2001033118,8.6,0,1.6,356.6,30,1019.3
2001040100,4.6,0,1.7,340,41.3,1021.2
2001040106,6.8,0,2.5,350,30.7,1021.3
2001040112,14.3,0,3.1,171,23,1018
2001040118,10.8,0,1.7,256.6,44.8,1016
2001040200,5.8,0,0.6,325.7,62.3,1015.8
2001040206,10.6,0,2.6,292.3,34.7,1014.5
2001040212,18.5,0,5.1,253.3,23.7,1009.7
2001040218,14.3,0,2.1,225,42.8,1009.2
2001040300,10,0,0.2,342.8,64.2,1011.9
2001040306,11,0,2.3,64.2,51.7,1014.5
2001040312,12.1,0,5.2,86.7,38.5,1015.7
2001040318,8.8,0,1.9,28,47.7,1018.8
2001040400,4.3,0,0.4,346.9,64.5,1020.8
2001040406,8.1,0,0.3,341.2,51.5,1022
2001040412,15.1,0,3.9,170,30,1020
2001040418,11.3,0,1.9,271.4,42.3,1019.8
2001040500,7.8,0,0.2,346.9,57.3,1019
2001040506,11.2,0,0.7,313.2,46.7,1019.1
2001040512,19.4,0,2.3,124.3,34,1017.1
2001040518,14.5,0,1.2,344.2,47.8,1017.1
2001040600,10,0,0.4,322,53,1018.9
2001040606,13.9,0,1.7,351.6,40.7,1021.1
2001040612,16.3,0,4.2,90,52,1019.2
2001040618,11.8,0,1.6,15,71.5,1019.9
2001040700,9.5,0,1,326.4,83,1019.8
2001040706,12.5,0,0.8,340,74.2,1019.8
2001040712,18.3,0,2.8,156.6,51.8,1017.8
2001040718,14.1,0,1.4,141.1,77.5,1017.6
2001040800,10.4,0,0.1,353.6,88.2,1017.3
2001040806,13.1,0,0.7,246.6,72,1016.3
2001040812,20.5,0,2.8,156.6,53,1014.3
2001040818,17,0,0.8,72,78.7,1014.5
2001040900,15.1,0,0,0,85.7,1015
2001040906,17.3,0,1.2,34.2,68.7,1014.9
2001040912,20.6,0,4.8,66.7,47.3,1015.3
2001040918,16.8,0,2.3,16.7,51.3,1016.2
2001041000,14.8,0,1.6,14.7,60.2,1018
2001041006,17.5,0,1.5,61.7,51.2,1018.3
2001041012,22.9,0,2.2,160.5,30.8,1015.3
2001041018,18.1,0,0.6,341.8,52.5,1013.3
2001041100,15,0,0.4,330.5,65.7,1012
2001041106,17.6,0,0.3,353.6,52.3,1009.7
2001041112,18.4,0,1.9,80,42.2,1006.4
2001041118,8.9,8.4,2.3,10,82.3,1007.2
2001041200,7.2,0.1,2.5,346.8,66,1007.7
2001041206,9.6,0,2.3,323.7,46.5,1008.1
2001041212,14.8,0,4.3,308.2,23.8,1006.7
2001041218,12.6,0,1.7,326.9,24.2,1008.4
2001041300,6.9,0,0,0,50.5,1011.2
2001041306,10.2,0,1.1,304.7,41.7,1014.3
2001041312,18.7,0,2.3,308.2,15,1014.2
2001041318,15.3,0,2.2,270.7,34.3,1014.2
2001041400,14.7,0,3,266.7,37.3,1014.2
2001041406,14.1,0.4,4.6,283.4,48.3,1013.1
2001041412,18.6,0,3.5,340,18.5,1013.9
2001041418,13.7,0,1.5,350,32.7,1015.8
2001041500,9.6,0,0.6,17.9,43.3,1017.1
2001041506,14.9,0,2.8,285.2,27.5,1017.5
2001041512,23.2,0,4.1,270,16.5,1015.2
2001041518,18.4,0,2.5,302.3,35.3,1014.8
2001041600,13.1,0,0.4,0,49.3,1016.6
2001041606,15.2,0,0.3,23.4,43.5,1017.8
2001041612,23.5,0,3.1,228.4,17.8,1015.1
2001041618,17.1,0,1.6,281.5,34,1014.8
2001041700,12.8,0,0.8,318.7,50.3,1015.8
2001041706,16.3,0,1.6,291.1,42.8,1016.5
2001041712,22.5,0,2.8,153.4,22.5,1014.5
2001041718,15.6,0,1.4,55,63,1014.2
2001041800,9.8,0,0.9,316.3,77,1014.2
2001041806,14.8,0,0.4,8.6,54.5,1013
2001041812,22.5,0,3.5,163.3,35.2,1010.7
2001041818,17.1,0,1.6,236.2,62.3,1009.7
2001041900,12.6,0,0,0,68.8,1009
2001041906,17.7,0,1.9,325,40.8,1009.5
2001041912,26,0,2.2,250.9,18.7,1006.2
2001041918,19.5,0,1.3,56.6,44,1006.8
2001042000,12.8,0,2.6,50,67.7,1012.9
2001042006,11.6,0,4,73.4,54.7,1017.2
2001042012,12.6,0,4.4,86.6,45,1017.3
2001042018,10.3,0,2.2,50.3,55,1017.5
2001042100,9,0,0.3,11.2,63.7,1016.5
2001042106,11.4,0,1.9,36.2,56.3,1016.2
2001042112,15.2,0,3,90,44.7,1013.2
2001042118,11.8,0,0.7,52.1,64.7,1011.5
2001042200,8.8,0,0.4,359.5,79.8,1012.7
2001042206,12.8,0,3.6,60,55.8,1017.8
2001042212,14.7,0,4.7,101.2,40.2,1019.2
2001042218,11.4,0,1.8,199.3,54.8,1019.5
2001042300,8.1,0,0.6,328.3,71.8,1018.9
2001042306,13.5,0,0.4,354.1,58.3,1018.2
2001042312,23.5,0,4.3,249.6,18.8,1013.5
2001042318,18.6,0,3,275.2,31.2,1012.7
2001042400,15.8,0,0.6,346.9,43.5,1014
2001042406,16.2,0,1.2,5.4,40.2,1014.4
2001042412,18,0,3.1,103.4,34.5,1013.7
2001042418,13.6,0,1.6,50.2,49.8,1014.2
2001042500,10.6,0,1.4,336.6,75,1015.2
2001042506,13.4,0,2.9,58.5,57,1016
2001042512,15.3,0,4.3,96.6,36.3,1016.2
2001042518,11.9,0,1.1,27.2,55.7,1016.9
2001042600,8.3,0,0.3,342.8,73.5,1018.3
2001042606,13.2,0,0.8,317.9,54.3,1018.8
2001042612,20.2,0,3.2,165,19.8,1017.6
2001042618,16.2,0,1.6,266.5,32.2,1017.6
2001042700,11.4,0,0.2,350,52.3,1018.8
2001042706,14.9,0,0.6,8.6,42,1019.2
2001042712,22.1,0,3.8,166.8,17,1016.8
2001042718,17,0,1.2,217.4,30.7,1016.8
2001042800,11.4,0,0.2,346.9,46,1017.8
2001042806,13.9,0,0.1,11.4,45.2,1017.8
2001042812,21,0,2.8,197.3,49,1016.3
2001042818,16.9,0,1.3,307.8,77.2,1016.8
2001042900,15.8,0.3,0.6,20.5,80.3,1016.1
2001042906,15.8,4.1,1.9,100,84.5,1014.8
2001042912,15.1,2.4,2.4,80,87,1014.4
2001042918,15.4,0.1,1.7,18.2,76.7,1013.7
2001043000,14.9,2.6,3,43.4,79.7,1012.1
2001043006,14.8,9.6,3,51.8,83,1013
2001043012,18.7,0,3.4,35,59.7,1012.5
2001043018,14.6,0,2.1,24.9,68.3,1014.2
2001050100,12.6,0,1.7,29.9,74.5,1015.2
2001050106,14.4,0,2.6,38.2,65.3,1015
2001050112,14.4,2,3,70,69.7,1014.2
2001050118,12.2,0.6,2.5,53.3,79.5,1014
2001050200,11.3,4.7,1.6,21.6,83.2,1011.9
2001050206,12.2,1,3.1,7.7,78.7,1010.9
2001050212,17,0,3.6,43.4,52.7,1011
2001050218,12.4,0,1.6,29.1,68.7,1013.7
2001050300,11.5,0,1.6,331.9,71.3,1015.5
2001050306,12.4,0,2.1,356.7,72.5,1017.5
2001050312,14.4,0,2.2,41.3,66.2,1018.5
2001050318,12.1,0,1.3,22.6,77.2,1019.1
2001050400,9.9,0,1,310.1,86.7,1019.4
2001050406,13.2,0,0.7,70,75,1020.5
2001050412,18.8,0,2.5,153.4,44.8,1019.2
2001050418,14.2,0,1.1,98,66,1019.2
2001050500,9.9,0,0.5,325,87.3,1019.5
2001050506,13.1,0,0.4,13,76.8,1019
2001050512,18.4,0,2.5,148.8,62.7,1018
2001050518,16.1,0,0.9,195,81.2,1016.8
2001050600,12.6,0,0.2,334.8,89.5,1017.3
2001050606,17.1,0,0.7,323.3,74.5,1017.4
2001050612,22.5,0,3.6,153.4,57.2,1015
2001050618,20.1,0,1.2,206.8,66.5,1013.6
2001050700,17.7,0,0.5,353.9,83.2,1012.1
2001050706,19.5,0,0.9,329.9,77.5,1010.6
2001050712,19.1,6.6,1.3,224.7,82.8,1008.5
2001050718,17.6,11.6,0.7,67.5,93.5,1006.5
2001050800,17.1,3.9,0.6,59.9,93.5,1004.7
2001050806,17.7,0,1.3,53.5,86.8,1003.7
2001050812,17.9,0,2.1,26.6,79.5,1004.8
2001050818,16.5,0,1.2,38.4,83.3,1004.8
2001050900,15.1,0,0.7,25.5,87.8,1004.9
2001050906,17.4,0,1.2,100.5,80.3,1004.8
2001050912,24,0,2,53.9,42.8,1002.9
2001050918,20.2,0,2.2,6.3,35.3,1005.4
2001051000,16.3,0,1,332.1,45.2,1009.6
2001051006,17.6,0,3.1,342,39.5,1011.2
2001051012,23.2,0,3.5,335,23.8,1010.8
2001051018,18.8,0,1.2,313.6,44.2,1010.9
2001051100,16.1,0,2.5,299.9,36.2,1011.8
2001051106,18,0,3.6,357.6,33.7,1013.7
2001051112,21.1,0,3.2,80,32.5,1014.3
2001051118,17.1,0,1.7,224,56.7,1014.8
2001051200,11.9,0,0.9,310.1,78.2,1015.8
2001051206,17.7,0,1.3,336.7,48.5,1016.3
2001051212,23.7,0,2.9,160,31.5,1014.6
2001051218,19.1,0,0.9,300.8,48,1014
2001051300,14.9,0,0.5,322.3,64.8,1014.7
2001051306,19.9,0,0.9,314.7,38.5,1016
2001051312,26.9,0,2.7,173.2,23.8,1014.8
2001051318,21.5,0,1.4,357.5,36.8,1014.2
2001051400,16.1,0,0.2,350,48.2,1014.8
2001051406,18.8,0,0.9,293.7,45.3,1015.7
2001051412,27.1,0,3.3,253.4,21.5,1013.7
2001051418,21.6,0,2.3,253.3,58.2,1013.1
2001051500,17.8,0,0.2,11.3,75,1012.6
2001051506,20.9,0,0.5,31.8,62.5,1012.4
2001051512,25.9,0,2.9,229.7,37.8,1009.1
2001051518,22.6,0,1.9,254.9,54.7,1008
2001051600,19.4,0,0.9,2.8,48.3,1009.8
2001051606,21,0,2.3,321.4,23.3,1011.2
2001051612,25.6,0,3,339,13.3,1009.2
2001051618,21.9,0,1.5,328.5,21,1008.9
2001051700,16.6,0,0.7,321.5,36.5,1011.5
2001051706,21.2,0,1,293.9,31.5,1011.4
2001051712,29,0,3.6,249.8,17.7,1008.3
2001051718,23.2,0,2.1,278.7,34.8,1007.9
2001051800,19.2,0,0.8,17.5,52.8,1008.8
2001051806,21,0,2.3,310.7,59.8,1008.5
2001051812,24.9,0,6.2,256.6,41.8,1006.6
2001051818,20.6,0,3.3,246.7,58.7,1007
2001051900,19.7,0,3.1,263.2,64.7,1008.2
2001051906,22.4,0,1.2,273.7,55.8,1009.1
2001051912,28.2,0,1.7,59.2,38.3,1006.9
2001051918,22.2,0,1.5,79.7,64.7,1007.1
2001052000,18.8,0,0.3,21.9,77.7,1008.6
2001052006,22.5,0,1.1,316.7,64.7,1009.2
2001052012,28.4,0,2.2,208.6,40.5,1007.3
2001052018,24.1,0,2,280.7,42.3,1007.7
2001052100,20.3,0,0.3,12.4,54.2,1008
2001052106,21.5,0,1.4,80,60.2,1007.7
2001052112,21.7,0,2.5,103.9,62.7,1007.5
2001052118,16.4,4.9,2.5,58.5,84.2,1007
2001052200,16,4,3.1,21.6,85.5,1005
2001052206,16,7,3.4,38.2,88.5,1004.7
2001052212,15.9,1.6,3.6,29.6,86.8,1004.1
2001052218,15.9,0,2.5,13.4,82.5,1004.1
2001052300,15.9,2.4,1.5,353.2,88,1003.8
2001052306,16.9,0,2.1,28.5,85.3,1004.5
2001052312,17.1,0,3.2,45.1,82.2,1003.6
2001052318,16.1,0.3,1.2,353.4,82.8,1004.3
2001052400,16.5,0,1.5,3.3,78.5,1003.7
2001052406,18.6,0,2.1,35,69.2,1004.6
2001052412,22.1,0,2.6,83.4,59.2,1004.8
2001052418,16.8,0,1.7,56.6,78.2,1007
2001052500,15.2,0,0.8,37.1,83.3,1009.4
2001052506,17.5,0,0.8,340,73.8,1010
2001052512,22.3,0,2.3,150,63.5,1009
2001052518,20.3,0,0.8,74.4,78.3,1007.6
2001052600,19.6,0,0.3,338.3,82.5,1008.5
2001052606,22.6,0,1,285.2,65.8,1009.4
2001052612,26.4,0,1.5,37.4,44,1008.6
2001052618,22.9,0,0.9,282.9,54.2,1008.6
2001052700,19.3,0,0.4,327.8,78.8,1008.6
2001052706,22.2,0,2,0,58.3,1007.5
2001052712,25.7,0,2.6,169.4,42,1005.6
2001052718,20.3,0,1.8,44,65.7,1006.9
2001052800,16.4,0,0.5,328.1,84.7,1008.7
2001052806,21.6,0,0.6,265.5,53.3,1009.1
2001052812,27.5,0,4,173.5,26.8,1006.8
2001052818,22.5,0,1,160.2,46.7,1007
2001052900,17.5,0,0.2,340,57.8,1008.6
2001052906,21.9,0,0.6,265.6,43.8,1009.8
2001052912,28.1,0,3.5,173.5,24.7,1008.8
2001052918,23.1,0,1.2,107.5,46,1009
2001053000,19.3,0,0.4,11.9,71.5,1009.7
2001053006,20.4,0,0.6,339.1,58,1008.8
2001053012,20.1,2.8,0.9,350.6,73.5,1008.5
2001053018,17,2.5,0.8,21.9,84.8,1007
2001053100,15.8,0,0.2,341,89.8,1005.9
2001053106,19.5,0,1.2,324.4,64.5,1006.1
2001053112,24.9,0,2.5,336.6,28.2,1005.2
2001053118,19.2,0,1.8,26.2,69.7,1007
2001060100,14.4,0,0.8,328.5,84.8,1009.8
2001060106,20.6,0,2.4,338.6,36.8,1010.7
2001060112,28,0,2.9,263.9,20.3,1008.8
2001060118,23.4,0,2.6,285.8,38,1008.5
2001060200,18.5,0,0.1,356.7,48.3,1011
2001060206,22,0,0.5,17.2,42.5,1013.2
2001060212,25.9,0,3.2,160,32.3,1012.8
2001060218,21.4,0,1.8,233.1,51.8,1013.1
2001060300,16.5,0,0.8,314.4,72.7,1013.1
2001060306,22.8,0,1,287.7,46.2,1012.5
2001060312,30.1,0,2.3,18,26,1009.5
2001060318,23.8,0,0.9,35,58.2,1008.3
2001060400,21,0,0.5,322,60.3,1008.5
2001060406,24.6,0,1,2.7,45.8,1008.6
2001060412,28.4,0,2.2,121.3,38.8,1006.2
2001060418,22.7,0,0.8,48,63.5,1005.5
2001060500,21.2,0,0.4,39.6,66.3,1005.8
2001060506,22.3,0,1,286.2,58.3,1005.2
2001060512,20.9,1.3,1.6,134.5,71.2,1004.8
2001060518,19.5,0,1.5,162.3,82.2,1003.6
2001060600,18.4,0,0.6,318.8,87.7,1003.4
2001060606,22.4,0,0.5,324.9,70.5,1003.3
2001060612,28.2,0,2.5,150,45,1002.4
2001060618,23.9,0,0.8,54.9,62.2,1004.1
2001060700,20.8,0,0.8,312.6,77.8,1006
2001060706,22.1,0,1.3,56.5,73.5,1007.7
2001060712,23.8,0,3,103.4,61.5,1008.4
2001060718,19.9,0,1.8,62.5,72.2,1009.6
2001060800,18.6,0,0.9,23.7,76.7,1011.1
2001060806,20.1,0,1.5,68,67.8,1012.4
2001060812,24.9,0,2,114.9,51,1011.2
2001060818,20.7,0,1.5,77.8,69.7,1011
2001060900,18.4,0,0.6,8.7,79.5,1013.1
2001060906,21.1,0,1.8,80,67.2,1012.8
2001060912,24.4,0,2.3,156.6,56,1011.4
2001060918,20.1,0,1.5,105.9,74.2,1010.6
2001061000,17.9,0,0.7,9.3,84.2,1011.2
2001061006,21.6,0,1,232.5,69.7,1009.3
2001061012,25.2,0,3,128.9,56.2,1007.9
2001061018,20.9,0,2.7,66.7,70.2,1009.5
2001061100,19.9,0,1,38.2,74.3,1010.4
2001061106,21.5,0,2,73.1,64.7,1010.8
2001061112,22.8,0,4.3,93.3,57.2,1010
2001061118,19,0,2.5,62.1,71.7,1010.2
2001061200,17,0,0.6,340.7,77.5,1009.6
2001061206,20.5,0,1,99.8,66.7,1008.5
2001061212,23.9,0,2.3,124.5,58.7,1006.3
2001061218,20.1,0,2.2,76.5,72.7,1007.1
2001061300,18.6,0,0.9,4.4,76,1006.8
2001061306,20.4,0,1.5,38.4,66.5,1006.2
2001061312,19.9,1.9,2.7,80,71.2,1005
2001061318,16.8,12.1,1.9,76.8,88.3,1004.1
2001061400,17.5,1.6,2.6,63.2,86,1003.3
2001061406,18,1.4,2,56.6,85.3,1004.6
2001061412,19.9,0,3.8,66.7,67.7,1005.7
2001061418,18.8,0,2.1,43.4,72,1007.2
2001061500,17.9,0,1.6,35,72.7,1007.5
2001061506,19.7,0,2.2,51.8,63.5,1008.7
2001061512,21.8,0,3.6,80.2,56.8,1009.2
2001061518,18.2,0,1.5,43.2,71.8,1009.8
2001061600,14.9,0,0.6,348,85.8,1011.2
2001061606,19.2,0,0.8,50.4,69,1012.1
2001061612,23,0,2.5,160,54.7,1011.9
2001061618,20.2,0,1.6,163.2,71,1011.4
2001061700,17.9,0,0.7,338,85,1011.3
2001061706,21.5,0,1,60.6,66.8,1011.7
2001061712,25.1,0,3.1,159.6,59.8,1010.6
2001061718,22.8,0,1.3,234.9,70,1008.7
2001061800,21,7.6,0.5,343.9,81.7,1008.5
2001061806,20.5,36.8,1.3,138.7,92.8,1006.7
2001061812,21.3,22.5,1.4,142.9,94,1003.8
2001061818,22,23,0.3,10,93.8,1001.2
2001061900,21.7,21.6,1.1,285.1,91.7,1000.3
2001061906,22.2,7.6,0.5,125,91,999.1
2001061912,22.5,1.5,1.1,95.7,89.8,998.1
2001061918,21,0,0.6,27.9,88.5,999
2001062000,19.2,0,0.3,339.1,88.2,1003.3
2001062006,20.5,0,0.9,8.3,81,1006.8
2001062012,21.5,0,2.8,86.6,73.8,1008.5
2001062018,20.1,0,1.7,63.2,78,1008.9
2001062100,19.2,0,1.1,45.1,79.5,1009.5
2001062106,19.4,0,2,60,77.8,1009.8
2001062112,20.9,0,3,90,70.7,1009.4
2001062118,19,0,2.1,58.8,78.3,1009.7
2001062200,17,0,0.5,339.1,86.2,1010.2
2001062206,19.6,0,0.3,311.9,74.5,1010.5
2001062212,22.9,0,2.3,153.2,64.3,1010
2001062218,21,0,0.6,299,79.2,1010
2001062300,20,0.3,0.2,346.9,87.3,1011.3
2001062306,21,1.7,0.2,353.6,87.2,1013.1
2001062312,23.1,0.2,1.8,185.7,75.2,1012.8
2001062318,20.2,0.6,0.8,195,85,1012.5
2001062400,19.4,2.2,0.6,6.3,91.3,1013.3
2001062406,19.2,26.7,0.6,160,93,1012.9
2001062412,20.6,11.5,0.7,70,93.2,1011.6
2001062418,21,9,0.2,9.7,93.8,1008.1
2001062500,24.4,7.4,3,251.9,86.7,1003.7
2001062506,26.2,0,1.8,327.3,72.3,1005.7
2001062512,27.9,0,1.5,50.7,59.8,1006.1
2001062518,25.6,0,1,359.1,73.2,1006
2001062600,23,0.9,1.4,326.4,82.5,1006.1
2001062606,24,1,1.2,272.1,77.8,1006.3
2001062612,27.1,0,2.9,266.7,59.3,1004.8
2001062618,24.5,0,2.1,253,72.2,1003.7
2001062700,22.3,0,1.4,325,81.3,1003.7
2001062706,25.1,0,2,305.5,60.3,1004.8
2001062712,29.9,0,2.7,286.7,45.2,1004.8
2001062718,26.6,0,1.1,326.6,65.2,1004.4
2001062800,23.2,0,0.6,340,79.7,1005.3
2001062806,26.6,0,0.7,100,66.2,1005.3
2001062812,28.6,0,2.3,97.9,60.8,1003.7
2001062818,27,0,1.5,293.2,70.2,1003.4
2001062900,24.4,0,0.9,313.3,80.7,1004.4
2001062906,26.5,0,0.8,65.5,73,1004.5
2001062912,28,0.6,1.7,210.9,70.8,1003.7
2001062918,24.2,2.3,1,202.4,88.5,1003.2
2001063000,23.7,0,0.9,100.7,87.5,1000.9
2001063006,26.8,0,3.4,237.2,74.8,998.5
2001063012,30.1,0,4.8,266.7,59.2,999
2001063018,26,0,1.8,315.6,67.2,1002.2
2001070100,21.3,0,0.8,256,83.5,1006.8
2001070106,21.8,2,0.7,340.9,80.3,1009.2
2001070112,26.7,0,1.8,119.7,69.5,1008.7
2001070118,25.5,0,1,62,78.3,1008.5
2001070200,24,0,0.6,78.4,85,1009.4
2001070206,27.1,0,0.6,61.2,73.3,1010.8
2001070212,32.4,0,1.8,112.4,55.3,1009.3
2001070218,28.8,0,1.6,20.5,70.5,1008.8
2001070300,26.5,0,0.4,317.6,80,1009.4
2001070306,29.5,0,1,295.3,59.2,1009.7
2001070312,33.8,0,1.8,220.2,36,1007.8
2001070318,29.5,0,1.3,309.7,61.5,1006.8
2001070400,26.2,0,0.7,336.6,74,1007.8
2001070406,29.3,0,1.2,35,60.3,1007.4
2001070412,34.4,0,3.6,238.3,31.5,1005.6
2001070418,29.6,0,3,250,43.5,1005.8
2001070500,26.1,0,2.1,263.4,65.2,1005.7
2001070506,29.1,0,3.3,256.6,61.7,1005.3
2001070512,25.4,65.3,2.9,240,82.5,1005.6
2001070518,22.8,2,0.7,161.1,89.5,1006.2
2001070600,23.3,0.5,0.6,355,91.7,1006
2001070606,24.1,0.1,0.5,28.1,86.7,1007.9
2001070612,25.6,0,1.9,51.8,66.5,1009.8
2001070618,22.4,0,1.4,55.3,71,1011.9
2001070700,19.6,0,0.3,7.7,84.5,1012.8
2001070706,21.2,0,0.8,28.1,77.2,1012.2
2001070712,24.9,0,1.6,101.7,59.8,1011.5
2001070718,22.2,0,1.4,277,73.2,1009.6
2001070800,19.4,0,0.9,308.7,87.8,1009.2
2001070806,22.9,0,0.8,253.3,75.7,1009
2001070812,29,0,2.8,152.1,54.2,1007.4
2001070818,25,0,0.8,50.2,70.7,1007.2
2001070900,22.7,0,0.5,342.4,82.8,1007.7
2001070906,25.8,0,0.4,286.4,68.5,1008.5
2001070912,29.7,0,3.4,139.1,53.5,1006.9
2001070918,25.9,0,0.8,56.5,71.7,1006.2
2001071000,21.7,0,0.4,343.2,80,1006.4
2001071006,25.8,0,2.3,241.2,52.2,1005.8
2001071012,30.4,0,3.7,250,37.8,1004.5
2001071018,26.7,0,2.6,243.4,60.3,1004
2001071100,25.5,0,1.7,220.2,79.2,1003.2
2001071106,26.9,0,1.9,329.3,75.8,1001.7
2001071112,27.8,4.6,2.1,274.4,73.5,1000.4
2001071118,25.3,1.4,1.5,266,86.2,1000
2001071200,24.4,4.6,1.1,322.3,89.7,999.8
2001071206,23.8,0.6,1,310.1,85.2,1000.8
2001071212,24.4,3,1.1,26.8,81.8,1001
2001071218,23.6,0,0.8,344.8,89.7,1000.6
2001071300,22.7,0,0.6,55,88.5,1002.7
2001071306,24.5,0,1.1,314.2,82.7,1004.8
2001071312,29,0,1.5,342.1,62.8,1005.5
2001071318,26.5,0,1.1,277,75.7,1007
2001071400,24.2,0,0.4,8.5,81.2,1008.5
2001071406,25.1,2,0.7,342.4,82.3,1010.1
2001071412,29.3,0,2.7,204.5,69,1009.2
2001071418,27.9,0,2.2,240,70.7,1008.8
2001071500,25.8,0,2,235.3,79.3,1007.6
2001071506,28.8,0,3.4,246.6,64.7,1006.5
2001071512,31.4,0,4.9,235.3,54.7,1004.3
2001071518,26.8,0.1,2.5,152.1,72.8,1004.3
2001071600,21.8,26.7,1.1,65.7,90.8,1004.5
2001071606,21.7,1,0.6,17.7,88.5,1005
2001071612,23.3,0,1.8,66.7,79.7,1005.5
2001071618,22.1,0,1.3,30,80.3,1006.1
2001071700,21.4,0,0.7,0,81.5,1006.6
2001071706,22.7,0,1.7,21.6,73.7,1007.6
2001071712,25.3,0,2.4,66.6,63.2,1007.5
2001071718,22.2,0,1.6,38.9,74.7,1007.7
2001071800,20.3,0,0.6,353.5,83.2,1008.2
2001071806,23.1,0,1.8,29.2,71.2,1008.7
2001071812,26,0,3.5,96.6,58.3,1008.4
2001071818,22.8,0,1.1,82.6,73.3,1009.3
2001071900,19.7,0,0.8,328.3,88.2,1009.8
2001071906,23.4,0,1.1,207.2,74.8,1009.7
2001071912,28.5,0,2.9,156.6,52.2,1008.3
2001071918,26,0,1.1,304.3,58.5,1007.4
2001072000,23.7,0,0.7,307.4,68,1007.8
2001072006,26.5,0,1.4,267,66.5,1007.8
2001072012,30.7,0,3,256.6,57.7,1007.1
2001072018,28,0,2.3,243.4,69.7,1007.5
2001072100,25.2,0,0.2,3.8,81.3,1008.2
2001072106,28,0,2,284.3,70.2,1009.4
2001072112,31.8,0,3.3,263.4,53.8,1009.3
2001072118,28.5,0,2.2,243.2,67.2,1009.2
2001072200,26.1,0,1.1,281.4,77.8,1010.2
2001072206,29.1,0,3.2,260,66.2,1010.5
2001072212,32.9,0,4.5,246.7,51,1009.7
2001072218,29.3,0,3.2,250,66.5,1009.2
2001072300,27.5,0,2.4,229.8,72.7,1010.5
2001072306,30,0,3.1,242.1,61,1010.5
2001072312,33.3,0,2.8,305,49.5,1009.2
2001072318,29.8,0,1.8,291.8,67.8,1008.1
2001072400,27,0,0.8,342.9,77.2,1008.7
2001072406,29.7,0,1,340,65.7,1010
2001072412,30.5,6.4,2.5,77.1,59.7,1009.1
2001072418,26.7,0,0.7,340,73.8,1009.4
2001072500,25.6,0,0.3,350.2,83.5,1009.8
2001072506,28.3,0,1,13.7,71.5,1011.1
2001072512,31.6,0,3.1,90,49.8,1010.8
2001072518,27.6,0,1,40.9,62.5,1010.8
2001072600,24.8,0,0.2,1.3,80.5,1010.5
2001072606,27.5,0,1,58.2,69,1010.7
2001072612,30.2,0,1.7,108.9,61.5,1009.8
2001072618,26.4,0,0.9,76.6,75.5,1009
2001072700,24.6,0,0.7,23.1,83.3,1009.7
2001072706,26.1,0,0.4,340.5,75.8,1009.7
2001072712,30.1,0,2,173.2,61,1008.3
2001072718,26.5,0,2.2,119.9,72.8,1009.2
2001072800,24.5,0,0.6,32.7,81,1009.2
2001072806,26.8,0,0.7,340,71.8,1008.8
2001072812,30.6,0,3,156.6,56.2,1007.9
2001072818,28,0,1.8,243.4,70,1007.3
2001072900,26.2,0,1.1,278.1,78.8,1007.2
2001072906,29.4,0,2.3,253.4,66.8,1008.2
2001072912,33,0,4.7,240,50.2,1007.1
2001072918,29.6,0,3.1,246.7,64.5,1007.5
2001073000,27.5,0,2,253,75.7,1008.5
2001073006,30,0,3.2,256.6,63.2,1009
2001073012,30.7,0,4.3,250,60,1008
2001073018,28.4,0,2,246.7,73.2,1008.7
2001073100,27.3,0.5,1.8,253.4,79.2,1008.7
2001073106,28.2,0.8,2.6,243.5,72.3,1008.6
2001073112,32.8,0,4.6,250,52.7,1007.2
2001073118,29.8,0,2.2,241.9,67.7,1007.8
2001080100,28,0,1.6,253.3,78.2,1008.5
2001080106,30.2,0,2.3,250,66.5,1009
2001080112,33.5,0,2.9,213.8,55.8,1009.1
2001080118,29.9,0,1.6,239.8,70.2,1010.2
2001080200,27.3,0,0.7,321.3,82.2,1011.8
2001080206,28.7,0,0.9,33.4,75.7,1013.4
2001080212,31.9,0,2.8,131.5,61.3,1014
2001080218,28.8,0,1.4,121,76,1014.8
2001080300,26.3,0,0.7,332.5,85.8,1016.8
2001080306,29.1,0,0.9,109.6,70.7,1017.7
2001080312,33.2,0,2.5,160,55.5,1017.3
2001080318,29.4,0,1.1,42.4,73,1017.3
2001080400,26.5,0,0.7,336.6,84.7,1017.8
2001080406,29.7,0,0.9,282.4,68.8,1017.2
2001080412,33.6,0,3.1,160,45.7,1015.2
2001080418,29.8,0,1.6,146.7,69,1014.5
2001080500,26.6,0,0.7,323.1,80.8,1013.6
2001080506,28.5,0,0.3,1.5,74.3,1012.2
2001080512,25.3,28.9,1.4,282.2,83.2,1011.4
2001080518,24.9,0,0.5,343.4,86.7,1009.3
2001080600,23.2,0,0.3,335.5,88.3,1008.6
2001080606,26.6,0,0.6,12.6,72.8,1007.3
2001080612,32.2,0,1.8,148.8,48,1005
2001080618,29.3,0,1.1,312.8,67.2,1003.8
2001080700,26.1,0,0.4,339.1,81.2,1004.3
2001080706,27.1,6.7,1.1,277.7,78.3,1004.3
2001080712,26.7,2.2,1.8,224.2,81,1004.3
2001080718,26.9,0,3.1,223.4,77.3,1003.6
2001080800,26,6.4,1.9,232.7,82.7,1003.5
2001080806,28.9,0,3.3,246.6,69.8,1003.8
2001080812,32.6,0,2.3,258.5,54.3,1004.1
2001080818,26.2,0.9,1.1,321.8,80,1006
2001080900,25.3,0,0.2,335.9,84.3,1006.8
2001080906,26.1,1.2,0.6,347.3,83.8,1007.5
2001080912,28.7,7.2,2.5,122.3,71.7,1007.1
2001080918,25.8,0,2.1,55.3,77.3,1008.6
2001081000,23.3,0,1.1,350,76.8,1011
2001081006,24.5,0,1.1,7.4,67.5,1012.2
2001081012,26.1,0,2,63.4,59.5,1012.8
2001081018,24,0,0.7,28.5,69.3,1013.7
2001081100,22.9,0,0.8,0,75.5,1014.2
2001081106,24.5,0,1.9,43.8,71.2,1014.7
2001081112,25.6,0,3,66.7,63.5,1014.2
2001081118,24.3,0,2.1,35,68.8,1013.7
2001081200,24,0,2.2,45.1,71.3,1013.2
2001081206,25.3,0,3,60,65.8,1013.6
2001081212,26.9,0,3.2,70,59.8,1012.4
2001081218,24.7,0,1.7,51.8,70,1012.7
2001081300,24.2,0,1.3,56.6,72.8,1012.5
2001081306,25.1,0,2,66.6,72.3,1012.8
2001081312,24.7,0.3,1.5,43.4,80.7,1012.3
2001081318,24.7,0,0.5,11.2,82.8,1012.2
2001081400,23.6,13.5,0.7,348.3,89,1012
2001081406,23.5,5.9,0.2,7.7,91.7,1012.7
2001081412,26.7,1.5,0.7,224.4,82.5,1013.3
2001081418,26.1,0,0.7,235.1,83.8,1013.6
2001081500,24.3,0,0.6,17.5,90.3,1014.1
2001081506,26.5,0,0.6,87.8,82.2,1014.3
2001081512,29.6,0,1.5,152.1,69.8,1013.8
2001081518,26.8,0,0.9,61.3,81.8,1013.2
2001081600,24.3,0,0.4,353.4,91.8,1013.5
2001081606,27.4,0,0.7,45.1,76.2,1013.3
2001081612,31.8,0,2.4,80,49.5,1011.8
2001081618,27.1,0,1.8,61.9,73.5,1011.7
2001081700,25.8,0,1,21.6,80.7,1012
2001081706,27.6,0,1.9,43.8,71.3,1011.9
2001081712,29.9,0,4.1,80,59.8,1011.3
2001081718,26.7,0,3.2,66.7,74.7,1011.3
2001081800,25.3,0,1.7,40.1,78.7,1011.8
2001081806,27,0,2.8,52.3,69.2,1012.1
2001081812,28.6,0.7,4.6,70,61.3,1011.5
2001081818,25.4,0,2.4,45.1,75.3,1011.4
2001081900,24.8,0,2.3,26.6,76.7,1011.9
2001081906,26.9,0.1,3.2,80.2,71.7,1012
2001081912,28.3,0,3.7,70,63,1011.4
2001081918,25.5,0.5,2,40.1,76.2,1011.2
2001082000,25,0.1,1.9,16.7,81.2,1010.3
2001082006,26,0,2.3,27.7,76.7,1009.2
2001082012,28.8,0,3.1,40.1,63.2,1006.9
2001082018,26.2,0,1.7,18.2,73.5,1005.2
2001082100,24.9,0,1.9,0,78,1002.9
2001082106,26.2,0,2.4,3.3,73,1000.5
2001082112,29.4,0,2.3,53.3,56.8,997.5
2001082118,25.9,0,1,35,71.3,996.5
2001082200,23.8,0,0.2,350,83.8,996.3
2001082206,26.9,0,1.7,346.2,66,996.3
2001082212,30.6,0,2.7,143.9,50.8,995.8
2001082218,26.7,0,1.2,33.4,74.3,996.7
2001082300,23.9,0,0.4,343.4,75,997.9
2001082306,26.5,0,1.8,2.4,56.8,999.6
2001082312,31.8,0,3.1,333.4,28.8,999.4
2001082318,26.9,0,1.1,313.4,47.5,1000
2001082400,22.9,0,0.6,348.4,65.3,1001.9
2001082406,25.6,0,1,345.9,54,1003.7
2001082412,30.6,0,2.5,115.8,31.8,1003.7
2001082418,26.2,0,1,325,55.8,1005.2
2001082500,22.2,0,0.4,335.5,74.2,1006.7
2001082506,25,0,0.8,3.3,63.8,1008
2001082512,27.9,0,1.4,93.4,58.5,1008
2001082518,25.4,0,1,315,71.2,1008.2
2001082600,22.2,0,0.6,351.9,84.7,1009
2001082606,24.9,0,1,352.8,72.3,1009.5
2001082612,27,0.4,3.5,83.4,64.8,1008.5
2001082618,23.2,0.3,1.6,350.2,81.5,1009.8
2001082700,21.9,0,0.9,346.8,81.8,1010.6
2001082706,24.7,0,2.2,26.6,62.8,1011.1
2001082712,27.6,0,3.6,73.3,49.2,1010.6
2001082718,23.6,0,1.9,36.2,64,1011.3
2001082800,21.2,0,1.5,350,70.7,1012.2
2001082806,23.6,0,1.7,14.7,56.7,1012.8
2001082812,26.9,0,3.7,86.7,47.7,1011.8
2001082818,23,0,2.1,23.1,62.8,1012.6
2001082900,20.4,0,0.8,290.6,76.3,1012.8
2001082906,23.5,0,1.5,25.7,63.5,1012.7
2001082912,25.9,0,3.5,76.6,49.3,1011.9
2001082918,22.8,0,1.7,17.7,63,1011.9
2001083000,21.8,2.1,1.4,348.3,69.2,1010.6
2001083006,20,6.9,0.8,320.8,86.8,1010.8
2001083012,20.7,1.6,1.4,342.6,84.2,1009.8
2001083018,20.9,0,1.9,11.2,71.5,1009.7
2001083100,19.8,0,1.5,11.4,70.3,1009.8
2001083106,22.3,0,1.9,22.6,60.8,1010.3
2001083112,25.8,0,3.2,76.6,46.5,1009.3
2001083118,22.2,0,1.6,10,55.5,1009.8
2001090100,18.6,0,0.5,333.2,77,1010.5
2001090106,21.9,0,1.3,61,68.7,1010.8
2001090112,26.9,0,3.5,93.4,43.8,1010.1
2001090118,23,0,1.4,10,67.8,1011.1
2001090200,21.4,0.5,0.7,1.4,81,1011.8
2001090206,24.4,0,3,73.4,63.8,1012.8
2001090212,26.9,0,5,76.6,54,1013.2
2001090218,24.1,0,2.6,51.8,67.2,1013.9
2001090300,22.2,0.8,1.7,40.4,78.8,1014.2
2001090306,24.3,0.6,2.9,53.5,71.7,1014.4
2001090312,26.2,0.2,3.7,69.1,58.3,1014.7
2001090318,23.3,0,1.8,29.6,69.8,1015.1
2001090400,21.1,0,0.9,11.2,76.5,1015
2001090406,22.5,0,1.4,30.7,71,1014.8
2001090412,25,0,3.7,90,53.7,1013.4
2001090418,21.6,0,1.3,30.5,62.7,1012.8
2001090500,19.2,0,0.5,329.3,76.5,1011.8
2001090506,22.4,0,1.2,21.3,64.5,1011.2
2001090512,25.9,0,3.1,103.4,57,1009.4
2001090518,22.9,1.5,1.3,34.1,77.5,1008.8
2001090600,21,12.8,0.4,7.2,89.5,1007.7
2001090606,23.1,0,0.4,290.2,82.3,1007.6
2001090612,25.7,0,1.6,109.3,68.7,1006.7
2001090618,23.1,0,1,19.9,77.5,1007.2
2001090700,21,0,0.5,350.5,85.8,1007.8
2001090706,24.1,0,1.8,19.7,69,1009.7
2001090712,26.6,0,3.3,63.4,56,1010.4
2001090718,23.6,0,2.6,48.4,69.5,1012.2
2001090800,22.7,0,1.5,35,77.2,1012.3
2001090806,24.6,0.2,3.4,76.9,72.3,1012.5
2001090812,25.7,0.1,4.1,76.6,68.2,1011.2
2001090818,23,3.7,1.8,59.8,85.8,1011.2
2001090900,22.8,2.1,0.8,29.6,89.8,1010.5
2001090906,24.1,0.4,1.7,70.3,88.2,1009.5
2001090912,24.9,8,1.2,90.3,88.2,1008.3
2001090918,24.4,2.5,1.2,90,88.7,1007.7
2001091000,22,2,1.1,11.1,88.7,1006.8
2001091006,22.1,0.6,2,31.8,84.3,1007.8
2001091012,23.8,0.4,2.7,53.3,74.8,1008
2001091018,22.2,0,2.5,25,75.7,1009
2001091100,21.3,0.1,2.4,28.5,75.3,1009.6
2001091106,22.7,0,3.4,53.3,67.8,1011
2001091112,24.3,0.1,3.8,63.4,56.8,1011.5
2001091118,21.6,0,2.3,31.8,65.3,1013
2001091200,20,0,2.2,0,64.8,1013.2
2001091206,21.5,0,2.2,25.7,57.2,1013.7
2001091212,23.4,0,3.6,73.3,53,1013.7
2001091218,21.3,0,2.2,35,62.8,1013.8
2001091300,20.2,0,2.1,29.9,64.3,1013.9
2001091306,21.3,0,2.5,44.5,64.5,1013.8
2001091312,22.7,0,3.1,55.3,58.3,1013.7
2001091318,21.2,0,1.2,35,65.5,1013.9
2001091400,20.3,1,1,26.6,78.2,1013.8
2001091406,19.4,12.7,1.6,356.6,87.7,1013.7
2001091412,20.4,6.7,2.3,15,86.7,1012.7
2001091418,19.4,1,1.8,6.6,87.2,1013.1
2001091500,19.9,0,1.5,10,82.3,1013.1
2001091506,21,0,1.2,356.6,73.3,1013.7
2001091512,24.1,0,2.6,58.8,59.8,1013
2001091518,20.3,0,1.7,19.3,72,1013.6
2001091600,17.2,0,0.2,344.8,84.3,1013.3
2001091606,20.3,0,0.9,8.5,75.2,1013.5
2001091612,25.9,0,2.4,103.4,53.2,1011.5
2001091618,21.1,0,0.7,347.5,78,1010.2
2001091700,17.4,0,0.4,335.5,89.7,1009.6
2001091706,20.9,0,0.7,340.3,73.2,1008.7
2001091712,28.6,0,2.2,195,41.7,1006.4
2001091718,23.7,0,1.2,341.8,71.3,1006.7
2001091800,20.6,0,0.4,328.1,76.5,1007.5
2001091806,23.7,0,1.1,346.8,65.2,1008.2
2001091812,27.6,0,1.8,107,48.8,1008.5
2001091818,23.4,0,0.9,318.7,67.8,1010
2001091900,20.4,0,0.3,330.5,81.3,1011.9
2001091906,21.7,2,0.8,32.7,78.7,1014.5
2001091912,24.5,0,2.9,93.9,69.2,1014.7
2001091918,21.9,0,1,51.6,80.5,1015.8
2001092000,20.3,0,0.2,342.8,85,1016.4
2001092006,22.7,0,0.8,32.4,72.2,1016.7
2001092012,25.5,0,2,116.2,57.3,1015.6
2001092018,22.6,0,1.7,41.6,70.5,1016.5
2001092100,19.1,4.7,1.3,353.4,87.3,1017.9
2001092106,20.8,0,2.1,14.7,74.8,1019.2
2001092112,18.6,0.4,4.5,40.1,68.2,1021.5
2001092118,16.4,0,3.1,40.1,53.7,1024.9
2001092200,15.8,0,2.5,13.4,52.5,1025.1
2001092206,18.2,0,3.7,35.5,46.3,1025.6
2001092212,20,0,4.6,80.2,42.5,1025.4
2001092218,18,0,2.5,83.5,50.5,1025.1
2001092300,15,0,0.8,296.6,69.3,1024.5
2001092306,17.8,0,0.8,8.3,64,1023.7
2001092312,23.3,0,1.7,142.7,46,1020.5
2001092318,18.4,0,1,285.5,70.3,1019
2001092400,14.4,0,0.4,340,87.2,1019
2001092406,18,0,0.9,267.9,68.8,1018.2
2001092412,25.1,0,2,174.7,43.2,1014.7
2001092418,20.3,0,1.3,15,73.7,1014.2
2001092500,18.2,0,0.7,313.3,80.8,1014
2001092506,19.6,0,0.6,25,69.5,1014
2001092512,23,0,2.2,62.1,54.5,1013.8
2001092518,19.2,0,1.5,354.1,72.2,1015.3
2001092600,17.2,0,0.4,335.6,80.5,1016.7
2001092606,19.6,0,1.1,28.1,66.3,1017.8
2001092612,23.3,0,2.6,93.4,47.2,1016.5
2001092618,19.2,0,0.8,15.1,65.7,1016.6
2001092700,16.9,0,0.4,335.9,78.7,1016.4
2001092706,20.1,0,0.6,288.4,68.3,1016.7
2001092712,25.3,0,1.5,135.5,47.3,1014.7
2001092718,21.2,0,1,19.3,64.7,1016.1
2001092800,18,0,0.7,290.9,81.8,1017.8
2001092806,21,0,2.3,19,65.8,1020
2001092812,22.7,0,4.8,86.7,52.3,1020.8
2001092818,20.2,0,3.5,83.4,55.3,1022.5
2001092900,18.1,0,1,46.3,62.7,1022.9
2001092906,19.1,0,2,180,61.2,1022.9
2001092912,21.2,0,4,90,48.7,1020.5
2001092918,19.1,0,1.3,23.7,58,1019.6
2001093000,18.4,0,1.1,350.2,65.2,1016.6
2001093006,17.1,4.8,1.5,10.2,85.7,1014.4
2001093012,16.5,14.1,2.3,3.3,89.8,1009.9
2001093018,17,10.5,2.5,23.2,87.5,1006.9
2001100100,17.2,0.1,1.7,340,86.2,1005.4
2001100106,18.2,0,1.6,0,76.7,1006.8
2001100112,21.6,0,3.7,346.4,53.5,1006.8
2001100118,17.7,0,1.7,355.2,64.5,1009.7
2001100200,14.5,0,1,321.3,80.8,1013.7
2001100206,17.4,0,0.9,311.3,68.3,1017
2001100212,24.4,0,1.9,206.9,37.3,1017.1
2001100218,18.6,0,0.6,334.7,69.8,1018.2
2001100300,15.8,0,0.2,353.6,81.8,1019.2
2001100306,18.4,0,0.5,311.2,71.8,1019.9
2001100312,22.9,0,2.2,130.4,55,1018.3
2001100318,19,0,0.6,28.1,70,1018.2
2001100400,16.7,0,0.3,1.3,81.5,1016.6
2001100406,18.2,0,0.6,330.5,79.5,1015.8
2001100412,22.8,0,2.2,250,59.3,1013.8
2001100418,20.1,0,1.1,295,75,1013.3
2001100500,16.5,0,2.7,4.3,65.2,1015
2001100506,16.2,0,2.5,340,49.3,1017.3
2001100512,21.6,0,1.7,68.3,34,1017.3
2001100518,15.9,0,0.9,346.6,62.7,1019.3
2001100600,12.7,0,0.6,333.2,77.8,1020.3
2001100606,16.6,0,1.9,9.8,68.8,1021.8
2001100612,20.1,0,3.3,65.6,52.2,1022
2001100618,17.2,0,1.7,18.2,60.3,1021.7
2001100700,15.9,0,1,29.9,61.7,1021.7
2001100706,18.1,0,2.2,50.3,55.5,1021.8
2001100712,20.3,0,3.8,76.6,51.3,1020.4
2001100718,19.3,0,2.4,66.7,65.5,1019.7
2001100800,19.7,0,2.8,90,68.3,1018.1
2001100806,20.4,0,2.3,66.7,61.5,1017
2001100812,20,0.4,2,37.2,68.8,1015.5
2001100818,18.5,0.1,1.2,348.5,75.3,1014.9
2001100900,17.9,0.6,1,332.5,83.5,1013.1
2001100906,19.4,0.1,1.7,83.2,79,1011.3
2001100912,17.8,25.5,1.7,49.1,88.2,1009.2
2001100918,19.2,21,3.5,125,89.8,1005.2
2001101000,17.2,0,1.5,326.6,80.8,1003.7
2001101006,18,0,2,257.1,61.3,1006.4
2001101012,21.8,0,4.6,256.6,39.8,1006.1
2001101018,18.1,0,2.3,237.2,57.8,1007.1
2001101100,16.2,0,1.1,307.8,70.8,1009.4
2001101106,18,0,1.1,305,63.5,1012.2
2001101112,22.2,0,2.3,312.9,44.7,1012.4
2001101118,18,0,1,4.4,67.2,1014.2
2001101200,15.3,0,1,339.1,66.7,1015.4
2001101206,17,0,1.6,340,60.7,1016.4
2001101212,20.8,0,2.7,4.3,43.7,1015.7
2001101218,15.9,0,1.2,338.7,61.2,1016.7
2001101300,12.3,0,0.8,318.7,77.8,1017.3
2001101306,16.1,0,1.1,342.9,63.2,1017.8
2001101312,22.7,0,1.5,155.6,38,1016.2
2001101318,17,0,0.9,296.4,66.7,1016.5
2001101400,13.6,0,0.3,335.5,81.8,1017.7
2001101406,16.3,0,0.8,260,68.2,1018.8
2001101412,22.4,0,2.8,86.6,43.8,1018.8
2001101418,18.3,0,1.1,40.1,65.5,1020.3
2001101500,15.4,0,0.7,291.6,80.5,1021.6
2001101506,18.4,0,2,45,65.5,1022
2001101512,22.3,0,3.2,80,46.5,1020.8
2001101518,18.9,0,0.8,8.4,66,1021.1
2001101600,17.3,0,0.3,346.9,75.7,1019.5
2001101606,19,0,0.9,350,66.2,1018.2
2001101612,22.6,0,1.3,31.6,43,1015.5
2001101618,19,0,1.1,328,57,1014.4
2001101700,17.7,0,1.6,0,57.5,1013
2001101706,18,0,3.2,42.3,51.2,1014.8
2001101712,18.7,0,3.3,55.3,56.3,1014.5
2001101718,16.8,0,3,70,58.3,1015.2
2001101800,15.3,0,2.7,58.8,52.2,1016.8
2001101806,15.7,0,2.5,31.6,45.5,1018.5
2001101812,17.6,0,2.8,48.4,41.3,1020
2001101818,15.2,0,1.5,356.8,50.5,1022.1
2001101900,11,0,1,310.1,71,1023.8
2001101906,14.2,0,0.8,10,60.2,1026
2001101912,19.5,0,2.3,90,42.2,1025.8
2001101918,14.2,0,0.9,347.9,68.7,1026.9
2001102000,11,0,0.5,328.3,82.8,1028.4
2001102006,14.6,0,1.5,11.6,69.7,1028.6
2001102012,19.5,0,2.3,65.6,54.3,1026.4
2001102018,16.7,0,1,354.1,69.5,1025
2001102100,15.3,0,0.3,342.8,77.3,1024
2001102106,15.2,3.5,0.6,297.8,82.8,1023.7
2001102112,17.3,1.1,0.4,18.2,87,1022.4
2001102118,16.7,0,0.4,355.8,88.7,1020.8
2001102200,16.4,7.4,0.3,343.6,92.2,1018.6
2001102206,17,4.2,0.1,353.6,92.7,1016.8
2001102212,18.4,0.3,1.4,3.3,83.7,1015.6
2001102218,16.8,0,1,11.7,82.3,1016.7
2001102300,13.8,0,0.8,303.8,86.8,1018
2001102306,16.4,0,0.7,309.8,70.5,1019.8
2001102312,21.3,0,1.3,103.6,53,1019.6
2001102318,16.6,0,1,323.3,82.2,1020.2
2001102400,14.4,0,0.3,350.2,89.8,1020.2
2001102406,16.2,0,0.2,334.8,83,1020.9
2001102412,21.8,0,1.8,113.7,57.7,1019.4
2001102418,16.7,0,0.8,338,81.3,1020.8
2001102500,14.2,0,0.4,330.5,89.7,1021.9
2001102506,16.6,0,0.5,353.6,79.2,1023.3
2001102512,21.2,0,2.5,96.8,52.8,1022.8
2001102518,17.3,0,0.3,359.3,77.3,1023.3
2001102600,15.2,0,0.8,343,86.3,1023.6
2001102606,16.9,0,0.6,311.9,80,1024.1
2001102612,20,0,0.9,300.3,63.5,1023.3
2001102618,16.3,0,0.3,335.5,81.2,1022.8
2001102700,14.4,0,0.2,3.3,86.2,1022.2
2001102706,15.3,0,0,0,78.7,1021.5
2001102712,20.3,0,0.9,85.2,66.5,1019
2001102718,17.5,4.7,1,35,85.8,1016.8
2001102800,16.8,28.8,1.6,102.3,90.2,1011
2001102806,17.1,0.5,2.9,353.6,81.2,1005.4
2001102812,18.4,0,1.9,356.6,67.5,1008.9
2001102818,15.2,0,0.9,317.4,81.7,1013.2
2001102900,14.6,0,1.8,357.3,78.8,1016.8
2001102906,15.1,0,2.3,16.5,68.5,1020
2001102912,16.1,0,2.2,32.9,60.2,1020.9
2001102918,12.4,0,0.9,335.5,76,1022
2001103000,9.9,0,0.8,320,86.7,1021.8
2001103006,12.2,0,0.4,317.9,78.2,1021.9
2001103012,19,0,1.5,216.6,52.2,1020.2
2001103018,14.6,0,0.3,314.9,76,1020.4
2001103100,11.7,0,0.1,10,87.5,1021
2001103106,13.6,0,0.1,355.3,75.8,1021.2
2001103112,22.1,0,3,256.6,25.2,1018.4
2001103118,15.2,0,1,305,56,1018.8
2001110100,13.1,0,0.7,330.7,72.2,1018.5
2001110106,14.9,0,0.6,318.8,61.2,1019.3
2001110112,19.8,0,0.9,74.5,44.7,1019
2001110118,15.3,0,1.3,23.2,55.3,1020.1
2001110200,10.1,0,2.1,40.4,49,1021.2
2001110206,10.6,0,1,4.4,36.7,1022.8
2001110212,16.4,0,0.8,64.9,30.2,1020.9
2001110218,11.5,0,0.5,326.9,54.2,1020
2001110300,9.7,0,1,304.5,56.3,1019.2
2001110306,12.1,0,1.6,357,41.2,1018.1
2001110312,14.9,0,2.1,10.2,45.5,1017.3
2001110318,10.7,0,1.3,27.1,50.5,1018.6
2001110400,8.4,0,1.3,28.7,47.2,1022
2001110406,10.9,0,1,337.6,39.8,1024.3
2001110412,17.4,0,2.1,115,45.8,1024.2
2001110418,13.3,0,0.8,8,67.7,1024.6
2001110500,10.9,0,0.3,333.2,80,1022.9
2001110506,11.9,0,0.4,315,81,1020.1
2001110512,13.6,3.6,0.8,42.1,87.8,1016
2001110518,11.6,0.6,2.7,2.8,72.8,1015.5
2001110600,9.2,0,4.2,333.4,51.3,1016.8
2001110606,8.4,0,4.8,336.7,43.2,1020.3
2001110612,12.7,0,3.1,346.8,27.5,1022.2
2001110618,8,0,2.4,15,39.5,1025.5
2001110700,3.8,0,0.9,323.1,55.7,1027.6
2001110706,5.6,0,1.1,285.8,51.5,1028.5
2001110712,14.5,0,1.3,203.2,20.3,1026.1
2001110718,8.2,0,0.4,335.5,52.8,1026.5
2001110800,4.5,0,0.4,340,63.7,1026
2001110806,8,0,0.3,338.6,51.2,1025.7
2001110812,17,0,1.6,46.8,27.8,1022.7
2001110818,11.1,0,1.8,330.3,37.5,1022.3
2001110900,8.4,0,0.7,287.7,60.7,1021.7
2001110906,11.3,0,0.7,289,57.5,1021.3
2001110912,14.9,0,2.6,19.7,50.7,1019.4
2001110918,10.6,0.1,3,0,68,1021.9
2001111000,9.9,0.1,2.8,0,60.2,1022.3
2001111006,11.3,0,2,7.9,56.8,1023
2001111012,15.4,0,2.2,76.2,45.7,1021.7
2001111018,10.5,0,0.6,333.9,68.7,1021.3
2001111100,6.7,0,0.2,0,83.2,1020.3
2001111106,8.5,0,0.9,298.5,67.5,1019.2
2001111112,15,0,1.8,10,28.3,1016.2
2001111118,10.9,0,1.7,0,47,1016
2001111200,8.5,0,1.6,35,61.3,1016.2
2001111206,11,0,2,22.6,56.3,1017.5
2001111212,15.8,0,3.2,336.1,26.8,1016.5
2001111218,10.5,0,1.7,357,38.3,1018.2
2001111300,6.6,0,1,341.5,41.2,1019
2001111306,8.8,0,1.5,29.2,28.7,1018.5
2001111312,13.3,0,2.5,4.4,13,1015.7
2001111318,9.6,0,1.4,8.1,22.8,1016.2
2001111400,6.5,0,0.4,31.4,32.5,1017.6
2001111406,7.9,0,1.8,335.5,49.5,1018.7
2001111412,13.1,0,1.9,63.2,43.8,1018.2
2001111418,8.6,0,0.7,342.1,61.8,1019.3
2001111500,6.4,0,0.7,4.3,48.3,1019.9
2001111506,7.7,0,3.3,333.4,30.8,1020
2001111512,12.4,0,3.2,330,28.2,1018.9
2001111518,7.4,0,1.1,326.6,47.8,1020.2
2001111600,4.3,0,0.9,306.2,69.3,1021.4
2001111606,8.1,0,1.9,300.7,53,1021.7
2001111612,14.6,0,3.2,323.5,30,1019.7
2001111618,9.5,0,1.1,338.1,47.2,1020.5
2001111700,5.8,0,0.6,340,60.5,1022
2001111706,7.3,0,1,296.2,60.7,1023
2001111712,14.4,0,2.3,358,22.5,1021.8
2001111718,7.7,0,0.9,319.2,49.7,1023
2001111800,4.3,0,0.4,340,67.3,1023.6
2001111806,7.2,0,1.2,312.6,58.8,1023.7
2001111812,15.2,0,1.6,70.5,30.7,1021.9
2001111818,9.1,0,1.2,318.8,68.7,1023
2001111900,5.6,0,0.3,330.5,82,1023.2
2001111906,7.9,0,0.4,342.8,73.5,1023.5
2001111912,15.7,0,1.6,151.7,45.8,1022.1
2001111918,10.1,0,0.6,346.8,71.3,1023
2001112000,6.6,0,0.3,342.8,84.2,1023.3
2001112006,8.6,0,0.2,350,72.8,1023.5
2001112012,16.2,0,1.7,178.8,49.8,1022.1
2001112018,11.3,0,0.3,343.4,71,1022.2
2001112100,7,0,0.6,333.2,77.3,1022.8
2001112106,9,0,1.1,315.9,56.8,1023.6
2001112112,16.6,0,2,7.7,25.8,1021.8
2001112118,10.4,0,0.8,325,53,1022.7
2001112200,7.2,0,0.8,325,72.7,1023.6
2001112206,10.7,0,1.5,357.7,61.8,1023.9
2001112212,17.7,0,2,346.9,25.8,1021.9
2001112218,11.2,0,0.7,345.1,48.5,1022.7
2001112300,7.7,0,1.1,307.1,60.3,1022.6
2001112306,9.7,0,0.9,334.3,53.2,1022.7
2001112312,17.8,0,1.2,161.5,33.2,1020
2001112318,10.6,0,0.4,357.7,58.8,1019.1
2001112400,5.7,0,1.2,301.8,64.3,1018.8
2001112406,7.9,0,0.6,305,58.7,1017.5
2001112412,18.1,0,1.7,228.6,20.8,1013.5
2001112418,12,0,1.1,286.7,39.2,1011.8
2001112500,9.9,0,0.8,345.1,54.8,1011.6
2001112506,10.6,0,1.9,335.6,51.3,1013.7
2001112512,11.9,0,4.8,340,23.5,1015.7
2001112518,6.8,0,2.2,0.4,37.3,1019.2
2001112600,3.6,0,2.5,343.4,41.8,1020.2
2001112606,4.4,0,3,349.8,41.2,1021.4
2001112612,7.6,0,2.9,350,32,1021.2
2001112618,3.7,0,1.1,339.1,37.3,1022.7
2001112700,1.5,0,1.8,343.4,40.2,1023.9
2001112706,2.8,0,2.2,352.6,42.2,1024
2001112712,7.8,0,3.2,299.6,28.3,1021.8
2001112718,3.8,0,1.2,342.7,41.7,1022.2
2001112800,1.2,0,0.8,314.5,59.8,1022.4
2001112806,3.5,0,0.9,308.1,58.3,1022.1
2001112812,11.6,0,2.1,270,28.8,1019.3
2001112818,10.1,0,0.7,295,36.5,1018.5
2001112900,7,1.5,0.3,353.6,80.3,1017.2
2001112906,7.9,0.5,0.2,342.8,88.3,1015.1
2001112912,10,2.5,0.3,336.6,91.3,1011
2001112918,10.8,4.3,0.8,349.8,89.8,1008.7
2001113000,9.5,0,3.4,356.6,69.5,1011.1
2001113006,7.8,0,2.8,3.3,40,1015.2
2001113012,9.8,0,3.8,343.3,17.3,1017.1
2001113018,5.3,0,2,38,24.5,1019.4
2001120100,3.6,0,1.9,349.8,32.7,1020.1
2001120106,4.7,0,1.5,38.2,39.3,1021.2
2001120112,9.7,0,2,53.1,24,1020.5
2001120118,5,0,0.3,335.5,44.8,1020.8
2001120200,2.1,0,0.1,353.6,61.2,1022.2
2001120206,4.5,0,0.5,327.7,57.8,1024.1
2001120212,13.9,0,2.1,238,39,1022.7
2001120218,9.1,0,0.6,41.4,52.5,1023.1
2001120300,7,0,0.2,3.3,53.7,1023.7
2001120306,6.2,0,1,49.7,51,1023.8
2001120312,4.2,2.6,1.7,18.2,74.5,1022.4
2001120318,4,12.7,1.2,12.1,87.3,1021.2
2001120400,4.3,9.4,0.9,11.2,89,1020.3
2001120406,5.9,0.5,1,28.4,77,1021.3
2001120412,11.1,0,2,23.2,46.2,1020.8
2001120418,5.7,0,1.1,342.1,61.3,1022.9
2001120500,3.6,0,0.7,302,74.3,1022.3
2001120506,5.1,0,0.5,314.4,66.5,1022.2
2001120512,8.5,0,1.3,37.2,40.8,1020.2
2001120518,7.2,0,1.2,25.2,39.7,1020.5
2001120600,5.4,0,2,16.5,33.3,1021
2001120606,4.6,0,3.7,340,29.8,1022
2001120612,6.4,0,5.6,333.4,27.7,1021.7
2001120618,3.4,0,2.6,340,28.3,1024.6
2001120700,0.5,0,1,19,40.2,1027
2001120706,1.3,0,1.5,11.5,37.2,1029.1
2001120712,7,0,1.2,41.6,17.8,1028.4
2001120718,2.5,0,0.8,329.9,32.8,1028.6
2001120800,1.7,0,0.7,305,37.5,1028.6
2001120806,4.6,0,0.7,311.8,27.3,1029.6
2001120812,9.9,0,3.4,356.6,13.2,1028.5
2001120818,5.2,0,1.5,15,25,1031.1
2001120900,2.7,0,0.7,333.2,41.7,1032.4
2001120906,3.4,0,0.5,337.9,43.7,1032.8
2001120912,9.9,0,0.9,16.5,35.2,1030.4
2001120918,7.8,0,0.8,336.5,47.2,1030.1
2001121000,6.1,0,0.4,315,43,1030
2001121006,6.4,0,1.1,353.5,42.2,1030.6
2001121012,9.9,0,2.5,14.7,57.3,1029.1
2001121018,7.2,0,2.2,3.3,79,1030.4
2001121100,6.6,0,1.4,11.2,77.2,1031.3
2001121106,7.9,0.1,0.7,356.5,71,1032.2
2001121112,10.5,0,3.3,86.7,48,1031.1
2001121118,9.3,0,0.9,45.1,48.7,1031.8
2001121200,8.4,0,0.5,31.4,55.8,1031.8
2001121206,9.2,0,0.6,16.1,59.5,1030.1
2001121212,12.5,0,2.3,141.8,54.2,1024.7
2001121218,9.8,4.2,0.5,344.3,80,1020.5
2001121300,8.5,6.8,0.5,25,89.7,1016.5
2001121306,8.4,0.4,5,349.8,63,1014.4
2001121312,6.3,0,5,330,19.2,1017.5
2001121318,1.6,0,3.1,333.2,26.5,1022.8
2001121400,-0.5,0,2.4,350,45.5,1025.5
2001121406,0.1,0,1.9,350,39,1026.4
2001121412,4.4,0,3.5,325,34,1024.1
2001121418,1,0,0.9,343.4,44.5,1025.2
2001121500,-0.2,0,1.2,333.2,49.5,1027.1
2001121506,-0.3,0,3,6.6,24.2,1030.1
2001121512,3.2,0,3.6,350,17,1030.1
2001121518,0.9,0,2.1,346.8,21.7,1031.2
2001121600,-0.6,0,3,353.5,23.8,1031.2
2001121606,-0.1,0,1.5,46.8,24.7,1031.4
2001121612,5.4,0,2.6,353.1,15,1030.3
2001121618,1.6,0,0.8,15.1,25.8,1029.6
2001121700,1.4,0,0.8,353.5,30.7,1028.6
2001121706,3,0,0.6,285,36.5,1028.2
2001121712,7.6,0,2.8,350.2,28,1027
2001121718,4.4,0,2.3,350,21.5,1028.1
2001121800,0.2,0,2.3,22.6,24.3,1029.8
2001121806,0.5,0,2.8,8.1,22.7,1031.4
2001121812,6.1,0,2.7,336.6,12,1030.3
2001121818,2.2,0,1.7,17.7,16.8,1031.1
2001121900,-0.7,0,1.6,59.1,23.7,1031.9
2001121906,0.3,0,1.2,37.4,24.5,1032.8
2001121912,7.1,0,2,26.6,14,1030.7
2001121918,2.8,0,2.5,19.3,20.5,1031.6
2001122000,0.3,0,2.2,35,24.2,1032.4
2001122006,1.5,0,0.7,345.2,23.3,1032.8
2001122012,8.2,0,1.2,56.1,17.7,1029.8
2001122018,4.3,0,1,317.1,20.8,1027.9
2001122100,3,0,1,343.4,26,1025.2
2001122106,3.4,0,1.9,15.8,35.8,1022.8
2001122112,5.2,0,4,336.6,34.2,1020.3
2001122118,1.2,0,3.5,343.3,45.3,1020.9
2001122200,0,0,2.8,356.7,50.3,1021.7
2001122206,0.9,0,3.2,353.4,41.8,1022.4
2001122212,4.8,0,3.7,336.7,24.3,1021
2001122218,1.8,0,1.6,356.6,32.3,1022.8
2001122300,0,0,2.1,6.6,45.3,1023.5
2001122306,0.7,0,1.5,10.2,46.7,1024.8
2001122312,6.1,0,2.7,342.7,27.2,1022.8
2001122318,1.7,0,0.9,339.1,43.7,1024.4
2001122400,-0.2,0,1.1,8.6,52.2,1025.1
2001122406,1.2,0,1,18.2,49.7,1026.4
2001122412,6.6,0,1.9,18.2,25.8,1025.2
2001122418,1.7,0,0.8,295.3,43.8,1024.7
2001122500,0.4,0,1.1,308.2,50,1022.3
2001122506,0.6,0,1.7,1.1,64.8,1021.5
2001122512,3.7,5.2,2.9,6.6,78,1022.8
2001122518,2.8,0,1.9,20.2,72.2,1026.8
2001122600,1.8,0,1.9,342.3,56,1027.7
2001122606,1.6,0,1.2,54.9,51,1027.6
2001122612,6.4,0,1.9,8.1,30.7,1026.1
2001122618,3.3,0,2,358,39.5,1027.2
2001122700,1.7,0,1.2,339.3,49.7,1026.9
2001122706,2.4,0,1.8,25,43.7,1026.8
2001122712,6.9,0,3.2,336.7,25.8,1024.4
2001122718,3.4,0,2.4,343.3,40.2,1025.1
2001122800,1.2,0,2,5.3,43.8,1025.1
2001122806,1.4,0,3.2,13.6,41.2,1025.6
2001122812,6.7,0,3.1,340,17.8,1024
2001122818,2.1,0,1,331.9,29.3,1023.6
2001122900,-1.4,0,0.9,322.3,48.8,1022.1
2001122906,0.2,0,0.6,320.2,52.3,1019.2
2001122912,7.2,0,2.9,270,37,1014
2001122918,5.4,0,2.5,286.7,44.5,1011.8
2001123000,1.8,0,2.1,329.8,52.8,1013.7
2001123006,0.9,0,2,333.4,42,1017.5
2001123012,4.5,0,2,333.2,20.2,1018.8
2001123018,0.9,0,1.5,1.3,28.8,1021.9
2001123100,-1.1,0,0.7,23.2,40.3,1022.9
2001123106,-0.6,0,0,0,46.5,1022.5
2001123112,7.2,0,0.7,107.8,26.7,1020.3
2001123118,5.6,0,0.6,296.2,31.7,1018.3
2002010100,6.8,0,0.8,320.6,60.8,1014.2
2002010106,5.9,0,1.8,11.9,55.7,1012.6
2002010112,4,0,3.7,330,17,1015.2
2002010118,-0.8,0,3.2,340,23.7,1018.8
2002010200,-2.3,0,2.4,326.6,29,1019.1
2002010206,-2.1,0,3.1,320,19.5,1018.8
2002010212,-0.9,0,3,333.4,13.7,1017.1
2002010218,-4.2,0,2.4,346.6,22,1019.5
2002010300,-5.4,0,2.5,333.4,31,1021.3
2002010306,-3.8,0,1.4,346.8,25.5,1022.1
2002010312,2.6,0,2,336.7,22.5,1020.3
2002010318,0.9,0,0.5,300.2,39,1019.8
2002010400,1.5,0,0.5,300.2,58.5,1016.8
2002010406,2.3,0,0.2,357.3,67.8,1013.5
2002010412,11.2,0,1.9,290,25.5,1010.4
2002010418,7.5,0,0.7,296.5,36.8,1010.2
2002010500,6.4,0,1.2,333.1,37.8,1011.7
2002010506,4.6,0,2.5,333.4,21.3,1014.8
2002010512,6.9,0,2.2,343.1,13.7,1016.9
2002010518,2.4,0,0.9,10.4,21.7,1021.5
2002010600,-0.8,0,0.5,326.4,36.8,1023.3
2002010606,-0.4,0,0.3,340,41.2,1024.7
2002010612,8.7,0,0.8,156.1,25.8,1023
2002010618,4.4,0,0.6,295.4,48.3,1022.6
2002010700,3,0,0.1,348.7,60.8,1019.5
2002010706,7.9,0.1,1,300.7,61.7,1013.3
2002010712,6.9,0,3,313.4,29.3,1010.8
2002010718,0.3,0,1.5,336.6,35.2,1016.3
2002010800,-0.9,0,2.3,294.9,37.3,1017.5
2002010806,-1.1,0,2.7,315.1,31.5,1017.4
2002010812,2.5,0,2.6,316.3,23.5,1015.7
2002010818,-0.1,0,2.5,343.3,31.2,1019.1
2002010900,-1.8,0,3.2,336.7,43.2,1021.6
2002010906,-0.2,0,1.7,8.1,34,1022.8
2002010912,7.2,0,1.4,318.1,14.8,1021.3
2002010918,2.7,0,0.8,349.8,25,1021.2
2002011000,-1.2,0,0.2,338.1,42.3,1019.8
2002011006,0.1,0,0.3,325,44.2,1017.8
2002011012,11.2,0,1.8,278.9,50,1012.7
2002011018,9.3,0,0.8,305.8,61.3,1009.9
2002011100,5.3,0,0.3,356.6,72.3,1010
2002011106,8.1,0,1.5,19.8,42.2,1012.7
2002011112,14.6,0,1.1,333,16,1014.8
2002011118,8.8,0,0.5,350.2,32.2,1016.3
2002011200,4.2,0,0.7,323.3,41.5,1018.2
2002011206,6.3,0,0.8,303.8,37.3,1019.4
2002011212,16.9,0,0.8,12.2,16.7,1018.1
2002011218,11.2,0,0.6,317.9,32.5,1018.8
2002011300,8.3,0,0.2,327.8,44,1019.7
2002011306,9.1,0,0.3,0,47.8,1020.5
2002011312,13.2,0,1.4,65.7,56,1022
2002011318,11.8,0,1.1,83.6,72.2,1024.5
2002011400,11.7,0,1,96.6,73.8,1024.8
2002011406,11.3,0,0.4,322.3,77.8,1024.4
2002011412,13.4,0,0.4,320.7,73.2,1022.5
2002011418,13.3,0,0.5,264.9,81,1021
2002011500,12.7,0,0.2,16.1,87.8,1020.6
2002011506,16.3,0,0.6,198,85.8,1017.8
2002011512,18.2,1.5,0.9,210.8,81.7,1014.2
2002011518,16.1,0,0.6,90,88.2,1012.3
2002011600,12.2,19,0.6,25.5,90.8,1011.5
2002011606,9.8,11,1.1,26.6,85.5,1010.2
2002011612,7.7,0,1.2,31.8,80.2,1011.8
2002011618,6.7,0.5,0.8,13.6,85,1013
2002011700,5.2,3,1,0,86.3,1014.2
2002011706,4.9,0.5,1,350,80.7,1016.2
2002011712,6.9,0,0.8,10,70.3,1017.2
2002011718,4.8,0,0.5,3.4,79.5,1017.9
2002011800,3.8,0,0.2,353.6,85.3,1019.2
2002011806,5.1,0,0.5,348.4,80.5,1020.2
2002011812,6.9,0,0.9,55.3,77.2,1020.6
2002011818,6.1,0,0.9,29.6,76.7,1022.3
2002011900,5.4,0,0.8,15,81.7,1023.8
2002011906,5.9,0,1,20,75.3,1024.5
2002011912,7.7,0,1,38.4,54.5,1024.1
2002011918,6.4,0,1,3.3,56.7,1024.7
2002012000,4,0,0.6,323.7,67.5,1023.9
2002012006,3.7,0,0.3,298,72,1023
2002012012,9,0,0.8,98.8,62,1018.8
2002012018,7.8,0,0.6,23.7,68.7,1016.2
2002012100,5.7,0,1.1,18.2,71,1013.8
2002012106,4.4,0,2,353.2,52.7,1013
2002012112,6.7,0,2.2,336.7,39,1011.1
2002012118,3.1,0,1.1,333.2,58.2,1012.8
2002012200,0.3,0,1.7,313.4,40.8,1014.7
2002012206,1,0,1.9,294.9,35.2,1015.1
2002012212,4.7,0,2.4,308.2,24.3,1014.3
2002012218,0.7,0,1,326.1,32.3,1016.5
2002012300,-0.9,0,0.9,328.5,39.3,1018.7
2002012306,-0.8,0,1.2,331.1,35.7,1020.9
2002012312,3.4,0,2.1,313.4,24.3,1020.6
2002012318,0.3,0,2.8,340,35.2,1022.7
2002012400,-1.2,0,2.3,346.8,42.5,1024.2
2002012406,0,0,2.4,5.7,34.2,1025.9
2002012412,5.7,0,2.9,340,15,1025.4
2002012418,2,0,1.8,29.6,29,1026.8
2002012500,-1.1,0,1.9,21.6,31,1028.4
2002012506,-0.8,0,0.8,280.4,35.5,1029.7
2002012512,6.9,0,1.5,90,41.2,1028.5
2002012518,5.6,0,1.4,40.1,56.2,1027.7
2002012600,6,0,1.2,14.1,63.8,1025.4
2002012606,5.5,3,1.3,23.2,88,1022.5
2002012612,6.7,4,2.7,86.7,84.2,1017.4
2002012618,5.6,6,2.9,29.6,83.8,1014.7
2002012700,3.8,1,2.3,343.3,82.8,1014.8
2002012706,4.2,0,3.8,353.6,69.5,1016.7
2002012712,6.3,0,5.4,336.7,41,1016.2
2002012718,2.2,0,3.3,350,50.2,1018.4
2002012800,-0.1,0,2.8,353.4,52.5,1020
2002012806,0.4,0,3.2,346.6,44.2,1020.4
2002012812,3.6,0,4,333.4,24.7,1019.2
2002012818,0.6,0,2.4,346.8,38.2,1020.2
2002012900,-1.6,0,2.6,336.7,44.2,1021.8
2002012906,-1.4,0,3,321.8,38.2,1023
2002012912,3.1,0,3.6,340,22,1022.1
2002012918,0.4,0,1,328.8,36,1022.8
2002013000,-1.1,0,0.5,328.3,54,1022.6
2002013006,0.5,0,1.4,341,50.2,1022.6
2002013012,5.1,0,3.3,333.2,17,1022.2
2002013018,2.1,0,2,0.9,24.5,1024
2002013100,-0.8,0,2,359.7,37.8,1026.1
2002013106,-1,0,1.9,5.1,41.7,1027.3
2002013112,5.2,0,2,7.3,16.8,1025.9
2002013118,1.9,0,1.7,357,23.8,1026.9
2002020100,-0.7,0,1.1,326.4,41,1027.7
2002020106,0.4,0,0.7,305,40.8,1027.7
2002020112,8.6,0,1.6,63.2,19.7,1025.9
2002020118,3.9,0,0.9,338.6,32.7,1025.7
2002020200,-0.2,0,0.2,350.2,53.5,1025.9
2002020206,0.8,0,0.6,314.7,52.5,1026.4
2002020212,9.8,0,1.5,130.7,33.2,1024.9
2002020218,4.8,0,0.5,317.2,50.2,1025.8
2002020300,1.7,0,0.1,356.7,62.3,1026.2
2002020306,4.9,0,0.8,5,64,1027.1
2002020312,9.1,0,2.7,80,45.3,1026.9
2002020318,4.8,0,1,6.4,63.3,1028.1
2002020400,1.3,0,0.4,346.9,78,1027.9
2002020406,2.3,0,0.7,305,74.3,1027.3
2002020412,9.5,0,1.1,167.8,44.7,1024.4
2002020418,6.3,0,0.6,312,59.8,1022.8
2002020500,3.7,0,0.5,326.2,64.7,1021.2
2002020506,5.4,0,0.4,325,57.3,1019.1
2002020512,13.2,0,1.7,303.8,30.7,1016.3
2002020518,8.8,0,1.4,3.4,34,1016.6
2002020600,4.2,0,1.4,328.3,38,1018.2
2002020606,3.8,0,0.8,289.5,48.8,1018.6
2002020612,14.1,0,2.2,276.6,13.7,1016
2002020618,8.8,0,1.5,305,30.8,1015.6
2002020700,6.7,0,1.1,333.4,40.7,1015.4
2002020706,6.5,0,3.3,355.6,21,1018.5
2002020712,12,0,3,336.7,10.8,1019.5
2002020718,6.2,0,0.9,352.6,24.8,1019.8
2002020800,0.9,0,0.5,287.8,43.2,1020
2002020806,2.6,0,0.4,338.6,39.2,1017.3
2002020812,13.9,0,2.5,283.7,7.8,1012.4
2002020818,8.6,0,1.7,5.1,35.2,1012.8
2002020900,3.1,0,3.9,356.6,29.3,1015.6
2002020906,-0.3,0,2.3,346.6,22.3,1021
2002020912,5.5,0,3,9.3,11.2,1019.8
2002020918,2.9,0,1.4,6.8,16.2,1018.7
2002021000,1.5,0,2.9,349.8,24.3,1019.2
2002021006,1.5,0,3.3,350,40.5,1018.5
2002021012,5.9,0,2.6,331.9,32.3,1016.3
2002021018,3.3,0,2,330,52.3,1015.3
2002021100,0.3,0,1.6,3.1,34.2,1016.8
2002021106,0.3,0,2.1,349.6,23,1018.6
2002021112,5.4,0,4,316.8,23.3,1016.2
2002021118,1.9,0,2.9,350,25.8,1016.5
2002021200,-1.4,0,2.2,353.2,31.3,1021.3
2002021206,-0.1,0,2.6,356.6,23.5,1021.3
2002021212,7,0,2.8,350,10.8,1019.3
2002021218,4.3,0,1.8,6.6,20.8,1020.8
2002021300,1.9,0,0.6,352.8,34,1021.8
2002021306,2,0,0.9,2.9,38.8,1023.8
2002021312,8.4,0,2.2,334.9,21.8,1022.1
2002021318,4.6,0,1.6,32,28.3,1024.1
2002021400,0.6,0,1.3,3.4,28,1027.6
2002021406,1.8,0,1.2,350.2,35.8,1028.8
2002021412,8.5,0,1.7,80,33.5,1028.2
2002021418,4.6,0,1,10.4,51.7,1028.9
2002021500,0.2,0,0,0,43.8,1029.8
2002021506,1.4,0,0.4,350,39.5,1029.6
2002021512,10.3,0,1.5,145.4,15.7,1026.9
2002021518,5.7,0,0.5,3.8,20.7,1026.3
2002021600,0.9,0,0.7,353.5,39.8,1026.4
2002021606,3.1,0,0.7,282.3,41.2,1025.4
2002021612,12.8,0,1.7,291.1,12.3,1022.2
2002021618,7.9,0,0.7,350,26.8,1020.4
2002021700,5.3,0,0.5,356.4,43.5,1018.9
2002021706,6.5,0,0.2,9.4,43,1016.1
2002021712,14,0,1.8,220.2,21.2,1013
2002021718,9.4,0,1.5,313.4,38.7,1012.8
2002021800,1.9,0,1.9,38,34.5,1018
2002021806,1.4,0,1.5,10.3,31,1022.5
2002021812,5.2,0,3.3,333.4,13.2,1022.2
2002021818,1.9,0,2.6,353.6,17.2,1023.8
2002021900,-1,0,3.3,343.3,31.2,1025.5
2002021906,-0.8,0,2.9,353.4,28.2,1028.4
2002021912,6.3,0,1.8,4.5,16,1028.6
2002021918,2.7,0,0.6,308.7,31.8,1030.2
2002022000,-0.9,0,1,316.3,37.8,1030.4
2002022006,2.4,0,1.1,301.3,32.8,1029.5
2002022012,14,0,2.5,324.4,12.5,1026.6
2002022018,8.6,0,1.3,346.1,22.5,1026.1
2002022100,2.8,0,0.6,306.7,43.5,1025.9
2002022106,4,0,0.3,333,43.3,1025.1
2002022112,9.9,0.3,1.4,296.3,57,1023.1
2002022118,5.7,5.2,1.2,25,86.8,1022.6
2002022200,4.2,0.5,0.8,350,87,1022.2
2002022206,6.4,0,2.1,11.1,70.3,1024.2
2002022212,12.1,0,3,350,38.5,1023
2002022218,8.2,0,1.8,7.9,46.3,1023
2002022300,4.3,0,0.7,334.9,63.7,1024.1
2002022306,5.9,0,0.7,331.8,52,1023.6
2002022312,12.5,0,1.5,136.8,38,1020.2
2002022318,9.2,0,1.3,51.9,56.5,1020.2
2002022400,6.6,0,1.7,6.6,60.7,1023.3
2002022406,7,0,2,40.9,54.7,1025.6
2002022412,8.5,0,2.7,86.7,44.8,1026.2
2002022418,5.2,0,0.9,36.5,57.8,1026.3
2002022500,2.2,0,0.5,333.1,72.3,1026.5
2002022506,4.5,0,0.3,302,66.5,1025.5
2002022512,14,0,1.4,271,31.2,1021.2
2002022518,11.8,0,1,322.4,44.2,1020
2002022600,8.8,0,0.7,16.9,41.3,1020.7
2002022606,9.2,0,0.9,329.9,35.2,1021.4
2002022612,13.7,0,2.5,136.8,30.5,1019.5
2002022618,10.3,0,0.8,32.4,55.2,1018.8
2002022700,6.6,0,0.4,329.6,65.5,1018.3
2002022706,8.2,0,0.4,332,49,1019.2
2002022712,13.1,0,1.6,127.6,29.5,1017
2002022718,10.5,0,1.4,39.8,50.8,1016.8
2002022800,6.7,1.2,1,317.2,81.5,1017.2
2002022806,7.9,0,0.8,332.1,70.3,1017.9
2002022812,13.9,0,1.7,130.4,42,1017.7
2002022818,9.9,0,0.9,5,62.2,1020
2002030100,5.3,0,0.4,340,79.2,1021.9
2002030106,6.6,0,0.8,329.2,78.8,1023.7
2002030112,12,0,2.4,86.7,59.7,1023.2
2002030118,8.7,0,0.8,25,72.8,1023.5
2002030200,4.7,0,0.5,316.7,86.3,1022.9
2002030206,6.8,0,0.8,135,78.7,1023.2
2002030212,11.6,0,3.3,66.6,53.8,1022.7
2002030218,7.8,0,2,35,73.7,1025.1
2002030300,6.1,0,1.5,35,73.5,1025.9
2002030306,6.5,0,0.8,331.3,71.7,1026.2
2002030312,10.1,0,1.8,150,54.8,1023.7
2002030318,8.4,0,0.6,32.2,66.5,1022.8
2002030400,5.4,0,0.4,39.9,57,1023.4
2002030406,5.7,0,1.2,34.5,33.5,1025.8
2002030412,12,0,2,133.4,36.5,1023.4
2002030418,9.5,0,1.1,171,56.3,1021.5
2002030500,7.9,0,1,298.1,69,1020
2002030506,6.5,6,0.9,13.8,87.5,1017.5
2002030512,7.5,7.5,0.9,358.4,86.8,1011.9
2002030518,7.2,0,0.8,15.8,84.8,1008.9
2002030600,6.3,0,2.1,340,70.2,1007.5
2002030606,5.6,0,1.6,336.5,58.8,1008.7
2002030612,9.9,0,3.7,305,35,1007.5
2002030618,5.7,0,2,325,36.2,1010.2
2002030700,1.5,0,1.3,11.5,33.5,1014.1
2002030706,1.7,0,3.5,340,31.5,1017.6
2002030712,7.8,0,3.7,340,15.8,1018.8
2002030718,5.4,0,2.3,343.3,19.2,1020.9
2002030800,2.2,0,1.6,7.8,31.5,1024.3
2002030806,3.9,0,1.5,345.1,31.3,1027.2
2002030812,11.7,0,1.9,155,21.5,1026.4
2002030818,7.2,0,0.8,359.1,41.7,1026.4
2002030900,2,0,0,0,60,1026.8
2002030906,6.4,0,0.6,353.7,48.8,1026.3
2002030912,17.3,0,3.5,270,21.5,1022.5
2002030918,13.6,0,2.8,246.6,53,1020.7
2002031000,12.4,0,2.5,256.8,56.5,1019.5
2002031006,12.6,0,2.6,236.6,63.8,1017.2
2002031012,15.8,0,2.2,215,56,1014.6
2002031018,11.3,0,1.1,29.4,62,1015
2002031100,7.3,0,1.1,11.9,27.8,1019.5
2002031106,8.5,0,0.8,334.3,29,1021.3
2002031112,17.5,0,2.9,288.2,11.8,1017.5
2002031118,13.8,0,1.4,329.6,20.2,1016.5
2002031200,10.4,0,2.6,11.5,17.5,1018.2
2002031206,12.4,0,2.2,0.4,16.5,1019.2
2002031212,17.7,0,2.2,115,21.5,1018.6
2002031218,11.7,0,1.4,52.5,62.2,1021.2
2002031300,7.7,0,0.5,313.3,79.3,1023.9
2002031306,9.5,0,0.3,0.9,73.7,1024.6
2002031312,16.4,0,2.8,163.4,53.8,1022
2002031318,13.4,0,0.8,302.3,61.2,1019.7
2002031400,9.5,0,0.1,353.6,60.7,1018.1
2002031406,10.6,0,0.1,4.8,68,1015.1
2002031412,11.2,16.5,0.8,24.9,91.5,1010.7
2002031418,10.3,12.5,0.7,350.2,91.2,1004.8
2002031500,10.9,1,1.7,343,84.2,1002.7
2002031506,13.5,0,1.4,350,59.5,1005.5
2002031512,18.7,0,3.2,315,28,1004.7
2002031518,12.3,0,1.8,35,56.3,1009.3
2002031600,9.3,0,0.8,43.7,58.7,1013.7
2002031606,10.1,0,0.3,8.6,51,1016.2
2002031612,18.1,0,2.6,196.2,37.7,1014.2
2002031618,13.8,0,1.1,286.5,28.3,1013.8
2002031700,12.1,0,1.1,28.4,34.8,1014.6
2002031706,13.8,0,0.5,353.9,23,1016
2002031712,19,0,2.2,302.9,8.8,1015.6
2002031718,14.1,0,1.3,332.4,28.8,1015.3
2002031800,9.3,0,0.6,300.3,43.5,1015.6
2002031806,11.2,0,2.5,346.5,21.2,1016.9
2002031812,15.2,0,3.6,321.8,12,1018.2
2002031818,11.3,0,1.1,304.4,24,1018.5
2002031900,5.2,0,0.6,313.3,42.2,1019.6
2002031906,8.4,0,2,284.5,31.3,1018.6
2002031912,18.5,0,4,266.7,18.2,1013.6
2002031918,14.5,0,1.9,350,46,1014.8
2002032000,8.8,0,0,0,64.8,1019.3
2002032006,10.4,0,0.1,0,60.2,1019.3
2002032012,20.6,0,3,204.9,35.3,1015.7
2002032018,16.8,0,2.7,226.8,63.7,1013.1
2002032100,17.1,0,4,233.3,70.2,1006.3
2002032106,13.3,14.5,4.1,303.9,69,1001
2002032112,15.1,0,2.9,299.9,22.5,1006.7
2002032118,12.6,0,1.9,294.3,24.5,1010.1
2002032200,10.4,0,1.5,270,22.5,1010.2
2002032206,11,0,1.2,260,29,1009.2
2002032212,11.1,0,2.4,274.5,44.7,1006.5
2002032218,8.2,0,2.2,301.1,41,1007.9
2002032300,5.3,0,2.7,315.1,25.3,1010.8
2002032306,6.5,0,3.5,305,25,1013.3
2002032312,12.3,0,3.7,294.3,13.2,1012.3
2002032318,9.5,0,2,308.2,20.8,1012.8
2002032400,5.5,0,2.5,346.6,27.8,1016.3
2002032406,5.8,0,2.5,330,25.7,1020.1
2002032412,11.7,0,2.8,340,16,1019.6
2002032418,8.5,0,0.8,320.6,38.3,1019.8
2002032500,5.7,0,0.4,333,48.8,1021.2
2002032506,7.5,0,0.6,274.4,41.3,1021.6
2002032512,14.8,0,2.9,170.2,19,1019
2002032518,10.1,0,1.1,263,32.2,1018.2
2002032600,5.1,0,0,0,53.8,1017.7
2002032606,7.5,0,0,0,47.8,1016.8
2002032612,13.8,0,1.3,163.2,42.3,1013.5
2002032618,11.4,0,0.7,16,78,1010.7
2002032700,11.8,0,1.1,15,53.5,1008.8
2002032706,11.3,0,2.4,21.6,50.7,1012.1
2002032712,12.4,0,3.8,73.4,39.8,1016.4
2002032718,9,0,1.2,45,55.8,1018.8
2002032800,5.4,0,0,0,73.3,1020.5
2002032806,8.8,0,0.3,4.8,62.5,1021.1
2002032812,15.6,0,2.6,156.7,38.2,1017.9
2002032818,12.7,0,1.3,225,46.2,1015.5
2002032900,10,6,0.2,11.2,81.2,1013.5
2002032906,9.7,15.5,1.1,356.6,88,1011.3
2002032912,12.7,7,1.7,43.3,77,1009.2
2002032918,11.1,0,0.9,12.7,78.7,1010.3
2002033000,7.6,0,0.3,335.5,89.5,1012.8
2002033006,9.5,0,0.6,299.5,81.5,1013.8
2002033012,16.3,0,2.7,153.2,62.3,1011.9
2002033018,14.3,0,2.1,246.1,67.8,1009.3
2002033100,13.1,0,0.9,316.8,59.8,1008.9
2002033106,13.7,0,0.6,298.1,60.3,1010.6
2002033112,18.8,0,1.9,149.7,45.2,1011.6
2002033118,14.7,0,0.7,45,71.3,1013.5
2002040100,10.7,0,0.6,307.7,67.2,1015.7
2002040106,14.8,0,0.8,276.3,45.8,1016.3
2002040112,25.8,0,2.3,284.7,14.2,1013.8
2002040118,19,0,0.5,35,40.3,1013.2
2002040200,13.2,0,0.7,316.3,48.7,1014.2
2002040206,17.2,0,0.3,340.5,36.7,1013.8
2002040212,24.8,0,2.4,128.1,23.2,1009.8
2002040218,20,0,1.5,314.3,34,1007.9
2002040300,15.9,0,0.9,305,55.3,1007.2
2002040306,16.7,0,2.5,45.9,50.2,1009.2
2002040312,15.6,0,3.6,70,38,1013.4
2002040318,10.2,0,1.1,19.7,55.8,1016.7
2002040400,6.7,0,0.8,322.3,69,1018.8
2002040406,10.3,0,0.7,197.3,55.7,1020.1
2002040412,18.1,0,1.9,163.3,24.2,1018.9
2002040418,12.7,0,1.1,160,42.8,1019.7
2002040500,6.6,0,0.6,316.3,62.2,1020.7
2002040506,10.9,0,0.8,257,52.3,1020.4
2002040512,18.6,0,2.6,156.7,34.3,1018.8
2002040518,14.7,0,1.4,134.3,65.2,1017.3
2002040600,13.3,0.1,0.4,343.4,78.3,1015.1
2002040606,13.8,3.9,2.3,176.3,81.2,1011
2002040612,15.1,13,1,235,91.8,1005.8
2002040618,16,0,0.7,29.6,92.2,1005.3
2002040700,15.5,0,0.2,3.3,89.3,1007.5
2002040706,15.4,0,0.5,300.8,82.2,1009.6
2002040712,18.8,0,2.2,142.3,70.5,1008.2
2002040718,15.2,0,0.6,15.3,86.5,1007
2002040800,14,0,0.9,342.9,82,1007.8
2002040806,12.6,0,1.3,26.2,57,1009.2
2002040812,16.6,0,2,24.8,24.7,1010.1
2002040818,13.1,0,1.3,232.5,63.5,1010.2
2002040900,9.8,0,1.9,349.8,30,1011.8
2002040906,9.8,0,1.9,333.4,32.7,1013.5
2002040912,15.4,0,1.9,174.7,23.2,1013.3
2002040918,12.3,0,1.5,0,28.2,1014
2002041000,8.8,0,2.7,343.3,28.2,1016.6
2002041006,9.2,0,2.6,340,28.3,1018.7
2002041012,15.1,0,2.2,187,23.7,1017.8
2002041018,12,0,1.2,268.4,40.3,1018.7
2002041100,9.9,0,0.7,344.1,47.2,1019.9
2002041106,11.9,0,0.4,0,35.5,1019.6
2002041112,16.4,0,2.2,183.7,27.3,1017.1
2002041118,13.3,0,1.1,302,33.8,1015.8
2002041200,8.5,0,0,0,59.8,1017
2002041206,11.3,0,1,308.7,48.5,1017.2
2002041212,18.9,0,2.8,197.3,24.8,1013.3
2002041218,14.9,0,2.9,240,41.2,1010.7
2002041300,12.1,0,1.7,284.2,47.5,1010.8
2002041306,12.2,0,2.1,311.9,40.8,1013
2002041312,18.3,0,2.2,80,23.3,1013.7
2002041318,15.4,0,2.1,243.2,35,1013.4
2002041400,13.1,0,0.8,310.9,47.7,1013
2002041406,19.6,0,1.8,244.9,40.8,1013
2002041412,23.8,0,3.8,243.4,23.2,1012.8
2002041418,19.7,0,3.2,253.3,45,1014
2002041500,17.8,0,3.8,266.7,58.2,1015.1
2002041506,16.8,0.2,2.5,221.3,79.3,1015
2002041512,15.1,0.1,1.8,184.4,88.5,1014.5
2002041518,14.9,0.7,1.4,230,91.2,1013.5
2002041600,16.1,16.5,0.5,49.6,93.5,1009.7
2002041606,19.6,6,2.5,240,89.5,1005.6
2002041612,21.7,8,3.2,243.4,73.3,1002.6
2002041618,19.5,0,1.2,255.7,75.8,1005.7
2002041700,15.6,0,2.7,338.7,44.5,1009.8
2002041706,15.9,0,1.4,305,21.8,1011.3
2002041712,19,0,3,294.9,13.5,1010
2002041718,13.2,0,2.2,336.7,17.2,1013.4
2002041800,9.2,0,1.2,333.4,24.7,1017.6
2002041806,10.3,0,1.1,295.3,34,1019.8
2002041812,18.3,0,2.9,336.7,13,1018.6
2002041818,14.7,0,1.4,319.1,33.3,1019.7
2002041900,9.9,0,0.6,320,53.5,1022.1
2002041906,13.3,0,0.9,279.5,35.2,1023.4
2002041912,19.6,0,2.5,170,25.5,1021.1
2002041918,15.1,0,1.5,231.8,40,1020
2002042000,9.6,0,0.5,301.8,64.2,1019.7
2002042006,13,0,0.7,298.9,45.8,1018.6
2002042012,19,0,1.9,173.4,32.3,1015
2002042018,16.4,0,0.5,3.3,62.5,1013
2002042100,15,0.2,0.1,0,85.7,1012
2002042106,17.1,0,0.7,268.4,78.2,1011.3
2002042112,22.7,0,1.8,173.8,54,1011.1
2002042118,17.9,0,1,80,70.7,1012.8
2002042200,13.9,0,0.2,346.9,86.8,1014.1
2002042206,15.4,0,0.6,111.6,83.5,1015.6
2002042212,19.8,0,2.4,135.1,67.3,1014.9
2002042218,17.6,0,0.9,163,79.3,1015.9
2002042300,17.3,2,0.6,89.4,85.7,1014.8
2002042306,17.1,27,0.9,115,92,1013.2
2002042312,18,2.5,1.7,181,90,1011.8
2002042318,17,0,0.7,45,91.2,1011.3
2002042400,16.2,0,0.4,31,92.7,1010.7
2002042406,17,0,2,11.2,62.3,1011.8
2002042412,19.7,0,2.4,343.3,24.2,1011.9
2002042418,14.9,0,3,356.6,28.7,1013.4
2002042500,8.5,0,1.3,13.2,45.8,1018.8
2002042506,10.6,0,2.8,28.5,46.2,1022.2
2002042512,13.9,0,3,73.4,43.5,1022.6
2002042518,10.2,0,1,15.5,56.3,1023.4
2002042600,6.3,0,0.1,0,76.3,1024.3
2002042606,10.8,0,1.5,45,58.3,1025.3
2002042612,14.4,0,3.1,83.4,38,1025.4
2002042618,11.1,0,1.5,51.8,55.5,1025.3
2002042700,9.4,0,0.5,14.7,66.7,1025.3
2002042706,12.6,0,1.8,41.3,58,1025.2
2002042712,15.2,0,3.1,86.7,46.3,1024.1
2002042718,11.9,0,1.4,22.4,62.8,1023.9
2002042800,9.2,0,0.5,316.2,77.5,1023.7
2002042806,13.1,0,1.9,90,62.5,1023.7
2002042812,16.1,0,3.4,90,50,1022.8
2002042818,13.9,0,1.8,70,65.2,1021.9
2002042900,13,0,0.4,5.1,72.2,1020.6
2002042906,14.6,0,0.6,272.9,69.8,1018.3
2002042912,19.4,0,2.2,224.7,63.8,1015
2002042918,19.2,0,3,260,74.3,1012.8
2002043000,18.8,0,2.3,266.7,79.8,1011.5
2002043006,19,0.3,2.4,270,83.5,1009.9
2002043012,15.1,7.2,1.6,83.8,84.2,1010.3
2002043018,12.6,3.5,1,356.7,87.2,1012.5
2002050100,12.4,0.1,1.2,31.8,85.3,1013.7
2002050106,13.3,1.9,1.6,45.1,79,1016.2
2002050112,17.7,0,2.9,70,44,1017.9
2002050118,14.2,0,1.4,51.8,56.8,1019.3
2002050200,11.2,0,0.6,3.3,78.8,1020.2
2002050206,14.4,0,1.8,54.2,64.3,1020.8
2002050212,18.2,0,2.7,90,38.2,1020.3
2002050218,14.5,0,1.3,54.1,62.2,1019.3
2002050300,13.9,0,0.1,353.6,71.7,1018.3
2002050306,13.1,19,0.1,341,90,1017
2002050312,15.6,4.5,0,0,90.2,1015.5
2002050318,16.4,0,0.3,25.6,91,1015.2
2002050400,16.3,0,0.3,8.5,92.5,1015.4
2002050406,19,0.3,0.9,29.2,83.5,1015.6
2002050412,23,0,1.4,70.1,61.7,1015.5
2002050418,18.5,0,1,234.8,77.8,1016.2
2002050500,15.3,0,0.5,323.1,90.2,1017.2
2002050506,19.5,0,1.8,23.9,49.3,1018.3
2002050512,18.4,0,1.9,48.4,37.8,1019.4
2002050518,14.8,0,1.2,43.4,58.8,1020
2002050600,14,0,1.2,38.2,66.5,1020.8
2002050606,15.5,0,1.8,73.4,50.2,1021.2
2002050612,15,0,2.4,70,49.8,1019.6
2002050618,12.1,6,0.9,43.8,79,1017.9
2002050700,10.9,9.5,0.9,18.8,86.8,1015.4
2002050706,11.3,9.5,0.8,321.5,89.5,1012.8
2002050712,12.8,7,1.2,11.2,85.3,1010.7
2002050718,12.8,0,1.4,3.3,82.3,1010.7
2002050800,12.6,0,1.1,0.4,82.5,1013.6
2002050806,12.8,0.1,1.4,16.7,79.8,1017.5
2002050812,14.8,0,1.9,46.8,67.5,1018.9
2002050818,13.6,0,0.9,13.4,68.8,1020.1
2002050900,11.3,0,0.4,10,81.3,1019.5
2002050906,14.8,0,0.9,49.7,65.5,1019.4
2002050912,17.8,0,2.6,90,43.2,1017.7
2002050918,15,0,0.9,66.6,54.2,1017.1
2002051000,13.6,0,0.1,3.3,70.2,1015.8
2002051006,15.3,0,1.5,48.4,69.7,1014.9
2002051012,15.1,0,1.8,38.2,68.7,1014.2
2002051018,13.7,0,0.9,3.3,72.2,1013.4
2002051100,11.1,0,0.4,343.4,82.2,1014.6
2002051106,15.1,0,1,7.7,67.7,1016.2
2002051112,19.7,0,2.4,119.9,56,1016
2002051118,15.4,0,1.4,76.5,69.5,1017.2
2002051200,13.7,0,0.5,14.7,77.7,1018.9
2002051206,15.6,0,0.5,22.5,71,1019.8
2002051212,20.3,0,1.8,163.3,56.5,1018.5
2002051218,17.1,0,0.4,28.7,73.2,1018
2002051300,14.9,0,0,0,84.7,1018.1
2002051306,19,0,0.7,73,67.8,1018.1
2002051312,24,0,2.1,138,49.2,1016.8
2002051318,19,0,0.2,340.5,73.3,1017
2002051400,16.8,0,0,0,85,1017.6
2002051406,19.7,0,0.8,58.4,68.3,1017
2002051412,21.3,0,1.7,90.4,45.7,1015.4
2002051418,17.5,0,0.8,41.8,63.5,1014.2
2002051500,14.6,2.8,0.4,20.5,81.3,1013.5
2002051506,15.1,5,1.2,56.4,84.7,1011.8
2002051512,15.6,11.5,2.5,70,85.2,1009.9
2002051518,15.2,9.5,3.4,80,86.7,1008.7
2002051600,14.9,7,3.2,66.7,88.2,1008.4
2002051606,14.6,4,2.8,66.7,88,1009.6
2002051612,14.7,1.5,1.8,49.8,87,1009.2
2002051618,14.1,0,1.2,346.6,84.8,1009.6
2002051700,13.3,0,0.9,336.7,84,1011
2002051706,14.6,0,0.6,336.1,75,1011.7
2002051712,15.3,0,1.5,83.2,71.2,1010.9
2002051718,14.4,0,0.4,28.1,76.2,1010.4
2002051800,13.3,0,0.1,353.6,84.8,1010.3
2002051806,13.9,0,0.2,0,83.3,1010.3
2002051812,15.1,0,0.9,108.5,80.3,1008.7
2002051818,14.4,0.2,0.3,29.5,86.3,1007.3
2002051900,14.1,0,0.2,357,88.2,1007.1
2002051906,16.6,0,1.3,40.7,73.3,1006.5
2002051912,16.1,12.5,2.2,101.2,74.3,1006
2002051918,14,0,0.6,5.9,82.2,1007.5
2002052000,11,0,0.1,353.6,88.8,1007.8
2002052006,16.9,0,0.8,22.1,67.2,1008.2
2002052012,23.5,0,2,138.7,39.7,1007.2
2002052018,19,0,0.4,341.6,56.8,1007.8
2002052100,15.2,0,0.1,353.6,77,1008.5
2002052106,21.3,0,0.2,355.2,50.2,1009.3
2002052112,27.4,0,1.3,100.1,29,1007.5
2002052118,23.5,0,0.4,340.3,43.3,1007.3
2002052200,20,0.5,0.7,356.8,57.3,1007.8
2002052206,19,0.5,0.4,340.3,64.5,1008.7
2002052212,26,0,1.6,198.8,34.2,1006.2
2002052218,22,0,0.6,344.6,53.3,1006
2002052300,16.5,0,0.2,3.3,76.8,1007.3
2002052306,20.3,0,0.5,25.2,59.5,1007.2
2002052312,23.5,0,2.4,114.9,41.7,1006.3
2002052318,19,0,0.8,72,57.8,1007.2
2002052400,14.3,0,0.2,346.9,76.7,1007.6
2002052406,20.8,0,0.6,4.3,38.8,1008.2
2002052412,27.4,0,2.3,328.5,13.7,1006.3
2002052418,23.3,0,0.8,343.4,21.3,1005
2002052500,18.7,0,1.3,340,29.2,1005.9
2002052506,22.5,0,1.4,353.9,26.3,1007
2002052512,27.1,0,1.5,149.7,23.3,1006
2002052518,20.8,0,0.6,49.7,54,1005.6
2002052600,17.1,0,0.7,41.3,74.5,1006.5
2002052606,19.8,0,1.2,350.4,58.8,1007.1
2002052612,21.9,0,2.8,79.5,47.5,1006.9
2002052618,16.8,0,1.1,7.9,62.7,1008.9
2002052700,13.7,0,0.7,333.4,80.5,1010.7
2002052706,18,0,0.5,293.9,61.5,1012.2
2002052712,21.5,0,2.6,163,52,1011.8
2002052718,18.3,0,1,236.8,63.7,1011.7
2002052800,14,0,0,0,72.2,1012
2002052806,19,0,0.5,312.1,49,1012.5
2002052812,24.3,0,2.3,227.2,32,1010.7
2002052818,21.1,0,2.2,260,53.8,1010.1
2002052900,17,0,0.5,328.3,69.8,1011.3
2002052906,21.2,0,0.9,281.9,50.8,1011.9
2002052912,26.7,0,2.4,166,35,1009.8
2002052918,23.1,0,1.8,263.4,58.7,1008.5
2002053000,21.1,0,1.6,249.6,72.8,1008.6
2002053006,22.6,0,2.3,266.6,57,1007
2002053012,24.5,0,3.2,246.7,49.7,1006
2002053018,20.7,0,1.7,238.8,62,1005.8
2002053100,18.2,0,0.5,337.1,72,1005.2
2002053106,21.1,0,0.6,355.6,62.7,1004.8
2002053112,25.9,0,1.9,135.6,43.2,1003.1
2002053118,20.5,0,0.8,71.1,69.8,1002.7
2002060100,18.9,0,0.3,10,76.7,1002.5
2002060106,22.5,0,1.8,350,59.5,1002.5
2002060112,27.2,0,2,240,34.8,1003.4
2002060118,23.1,0,0.9,47.6,57.2,1004.4
2002060200,19.9,0,0.2,350.2,68.3,1006.5
2002060206,22.8,0,0.5,56.7,52.2,1007.8
2002060212,25.8,0,2,135,42,1007.3
2002060218,20.3,0,0.7,40.2,74.2,1008.3
2002060300,18.3,0,0.5,25.7,81.7,1009.5
2002060306,21.8,0,0.6,286.4,65,1009.7
2002060312,24.6,0,2.2,160,58.3,1008.6
2002060318,20.8,0,0.8,97.7,75.5,1009
2002060400,18.5,0,0,0,85.7,1009.2
2002060406,23.3,0,0.2,350.2,64,1009.8
2002060412,28.9,0,1.5,170,36.7,1008.8
2002060418,24.3,0,0.4,17.9,49,1009.1
2002060500,19.6,0,0,0,67.2,1010.1
2002060506,22.9,0,0.9,41.9,55.7,1011.7
2002060512,26.1,0,2.2,93.4,49.7,1011.1
2002060518,20.2,0,1.1,56.4,75,1011.1
2002060600,16.6,0,0.4,22.6,85.8,1011.9
2002060606,21.4,0,0.2,19.5,63.2,1013
2002060612,29,0,1.7,170,28.2,1011.8
2002060618,23.8,0,0.3,27.5,40.3,1011.1
2002060700,18.1,0,0.2,353.6,64.8,1011.8
2002060706,23.8,0,0.2,330.6,45.8,1012.2
2002060712,30.7,0,2,141.8,29.7,1010
2002060718,26,0,0.9,272.4,45.5,1009.3
2002060800,22.3,0,0.4,337.6,59.2,1009.9
2002060806,25.7,0,0.9,308,47.8,1009.9
2002060812,30.5,0,1.9,357.3,29,1007.9
2002060818,21.6,0,1.6,48.4,60.5,1011
2002060900,19,0,0.5,11.2,71,1013.3
2002060906,22.1,0,0.6,328.2,49.7,1013.1
2002060912,27.3,0,2.1,200.9,18,1010.8
2002060918,22.7,0,0.8,45.1,45.8,1008.5
2002061000,19,0,0.3,351.8,60.2,1007.6
2002061006,23.7,0,1,215.9,50.5,1005.8
2002061012,23.1,4,1.6,232.3,80.2,1002.3
2002061018,24.4,0,2,246.7,83.3,998.8
2002061100,25.1,0.8,1.9,240,77,997.5
2002061106,24.5,2.2,1.4,271.4,75.5,997.5
2002061112,29.9,0,1.3,291.6,37.2,997.5
2002061118,25.9,0,0.6,342.8,35.3,999.7
2002061200,19,0,0.6,333.1,57,1003.8
2002061206,22.8,0,0.2,8.6,44.8,1004.9
2002061212,28.2,0,2.3,189.5,31.3,1003.4
2002061218,25.1,0,1.4,275.3,45.5,1003.2
2002061300,21.7,0,0,0,76.3,1002.8
2002061306,24,0,0.8,306.7,65.3,1002.8
2002061312,27,2.5,1.4,228.8,43.5,1001.7
2002061318,21.5,0,0.8,30.7,71.3,1002
2002061400,17.8,0,0.5,16.5,78.8,1003.9
2002061406,21.3,0,1.4,2.4,50.5,1006.1
2002061412,24.6,0,0.9,75,42.3,1005.7
2002061418,21,0,0.1,8.6,58.3,1007
2002061500,16.9,0,0.1,353.6,75.5,1008.3
2002061506,21,0,0.5,307.8,60.2,1009.3
2002061512,23.9,0,1.5,160,54.5,1008.9
2002061518,21.3,0,0.2,8.6,68,1008.7
2002061600,18.9,0,0.3,353.6,77.5,1009.2
2002061606,21.9,0,0.3,23.7,62,1009.7
2002061612,25,0,2,160,48.2,1009.2
2002061618,21.6,0,1,124.3,65.7,1009.6
2002061700,19.1,0,0.2,356.7,83.8,1009.5
2002061706,20.6,0,0.2,350.3,77.7,1009.7
2002061712,26,0,1.3,140.6,43.8,1007.7
2002061718,22.2,0,0.4,14.6,61,1006.8
2002061800,19.1,0,0.4,346.1,73.8,1006.7
2002061806,22.9,0,0.4,346,61.3,1007.1
2002061812,28.6,0,2.2,152.1,41.2,1005.9
2002061818,24.5,0,1.4,139.9,56.8,1005.4
2002061900,20.5,0,0.3,346.9,74.5,1006.8
2002061906,24.5,0,0.5,264.9,60.7,1006.8
2002061912,29.8,0,2.2,206.6,42.3,1004
2002061918,24.7,0,2.2,240,64.2,1003.6
2002062000,22.3,0,1.4,223.4,72,1002.5
2002062006,24.8,0,0.5,349.3,58.5,1001.3
2002062012,27,0,1.9,156.7,52.2,999.7
2002062018,22.8,0,1,87.7,75.2,1000.7
2002062100,21.5,0,0.9,349.8,78.7,1001.7
2002062106,25.2,0,1.1,4.5,52.5,1003
2002062112,26.2,0,1.5,71.3,46.3,1003
2002062118,22,0,2,66.1,66.8,1005.1
2002062200,19.3,0,1.2,19.7,69.7,1008.8
2002062206,20,0,2.3,40.1,59.7,1011.4
2002062212,21,0,2.1,41.5,58.2,1012
2002062218,19,0,1.7,56.6,67.7,1013.7
2002062300,17.4,0,0.7,8.1,73.8,1013
2002062306,18.1,0.5,0.9,18.2,76.2,1013.7
2002062312,19.1,0,1.3,60,71,1013.2
2002062318,17.4,1.5,1.1,60,82.3,1012.7
2002062400,17,5.5,1.8,76.4,84.2,1011.4
2002062406,16.4,9,2.1,80.2,80.3,1009.6
2002062412,16,6,2.6,73.3,83.7,1007.9
2002062418,17,2,2.9,73.3,76,1007.3
2002062500,17.2,0,2.5,56.6,73.2,1007.3
2002062506,18.1,0.5,2.8,60,71.5,1008.5
2002062512,19.4,0,3.3,70,55.5,1010.2
2002062518,16.6,0,2,23.2,60.2,1012.1
2002062600,14.3,0,1.1,353.4,73.5,1013.1
2002062606,17.7,0,1.6,29.3,63,1013.8
2002062612,19.8,0,3.1,90,55.3,1013.5
2002062618,17.2,0,1.6,38.4,66,1014.2
2002062700,13,0,0.3,320.2,83.8,1015
2002062706,18.1,0,0.6,34.2,61.2,1015
2002062712,23.3,0,2.2,156.6,46,1014
2002062718,18.4,0,1.1,80,59.5,1014.2
2002062800,13.4,0,0.5,329.8,81.7,1015
2002062806,18.9,0,0.6,240,63.8,1014.7
2002062812,24.1,0,2.2,160,42.2,1013.5
2002062818,19.6,0,0.9,61.8,67.7,1013.1
2002062900,16.1,0,0.2,336.6,81.3,1012.8
2002062906,19.7,0,0.8,26.1,72.8,1011.2
2002062912,21.8,0.1,1.3,52.7,74.7,1009.5
2002062918,20.8,0,1,10.2,78.3,1009
2002063000,20,0,0.6,13.4,80.5,1008.7
2002063006,20.6,0.1,0.9,13.6,80.3,1008.4
2002063012,21,0,0.9,20,79.8,1007.9
2002063018,19.8,17.4,0.5,2,88.2,1008
2002070100,19.5,0.6,0.1,350,91.2,1008.7
2002070106,20.9,0,0.5,49.5,86,1010
2002070112,22,0.4,0.8,83.2,81.3,1010.8
2002070118,20.5,2,0.4,356.7,90.2,1010.9
2002070200,20.1,16,0.2,327.4,91.8,1011.5
2002070206,21,3.5,0.3,350.3,92,1011.7
2002070212,24,1,0.8,105.4,82.8,1011.4
2002070218,22.6,8.5,0.6,348.2,90.3,1010.8
2002070300,21.5,0.1,0.4,330.6,92.7,1011.3
2002070306,25.4,0,0.7,298,77.8,1012.5
2002070312,28.3,0,1.7,137.4,66.7,1011.7
2002070318,25.7,0,0.8,73.4,77.7,1011.5
2002070400,23.2,0,0.4,15.5,88.5,1012.6
2002070406,25.8,0,0.6,80,77.2,1012.9
2002070412,28.6,0,1.4,153.4,62.2,1012.2
2002070418,26,0,0.7,129.3,70.5,1011
2002070500,24.3,0.3,0.4,22.6,79.7,1010.7
2002070506,23.6,9.2,1.2,76.8,85.7,1009.1
2002070512,22.8,43.5,2.9,110,90,1006.8
2002070518,22.9,36,4.7,146.6,90.2,1000.5
2002070600,23.2,10.5,3.7,190,88.5,996.9
2002070606,22.1,2.5,4.7,204.9,87.7,993
2002070612,22.4,0,3.1,225.1,80.8,992.2
2002070618,22.6,0,3,253.3,77,993.6
2002070700,21.8,0,1.5,206.8,75.3,998.7
2002070706,24.8,0,1.9,225,63.7,1000.8
2002070712,28.1,0,3.1,246.6,46.8,1000.5
2002070718,24.2,0,1.8,256.8,60.8,1002.6
2002070800,22,3,0.6,344.8,71.8,1004.8
2002070806,20.5,1,0.3,51.6,80.7,1007.2
2002070812,21.2,2,0.5,32.1,77.8,1007.6
2002070818,20.1,2.5,0.6,62.8,88.3,1007.5
2002070900,19.8,1.5,0.4,4.7,89.3,1006.6
2002070906,20.4,1.5,0.5,51.6,87.8,1005.8
2002070912,22.3,0,0.9,26.6,79.2,1004
2002070918,21.1,0,0.9,16.2,81,1002.2
2002071000,20.3,0,0.8,3.4,81.8,1000.4
2002071006,22.1,0,1.4,10,72.8,999.2
2002071012,24.1,0,2.2,45.1,64.8,998
2002071018,20.9,0,1,16.9,72.2,998.8
2002071100,18.7,0,0.4,350,81.5,999.9
2002071106,21.2,0,0.5,51.7,71.2,1000.7
2002071112,24.6,0,1.8,173.9,61.3,999.9
2002071118,21.8,0,1,195,77.2,999.8
2002071200,20.1,0,0.2,13.6,86.5,1000.6
2002071206,25.1,0,0.6,305.5,70,1001.8
2002071212,30.7,0,1.6,172.8,50.7,1001
2002071218,27.6,0,1.4,270.2,58.3,1001.5
2002071300,23.6,0,0.3,58.4,67,1002.7
2002071306,24.8,0.4,0.5,354,71,1003.8
2002071312,26.4,16.1,1.4,232.7,81.3,1003.7
2002071318,26.6,0,1.7,250,79.8,1003.1
2002071400,24.5,2.5,2.2,223.8,84.5,1000.5
2002071406,25.8,0,2.1,246.7,77.5,1000.5
2002071412,27.6,0,2.5,253.3,68.2,1001.2
2002071418,26.6,0,2.1,250,71.8,1000.2
2002071500,25.8,0,1.4,246.6,77.7,999.5
2002071506,25.7,1.5,1.2,238.3,83.8,998.8
2002071512,25.6,39.5,1.3,226.4,82.8,996.8
2002071518,24.4,0,0.3,19.8,86.7,995.1
2002071600,23.2,0,0.1,0,90.8,995
2002071606,27,0,0.6,334.8,71.3,995.2
2002071612,32.9,0,2.1,270.6,39.3,994.4
2002071618,26.8,0,0.7,112.1,66.3,995.2
2002071700,23.6,0,0.2,1.3,81,996.7
2002071706,26.3,0,1,355.8,63.2,997.7
2002071712,26.7,0,2.1,166.4,62.3,999.3
2002071718,23.5,0,1.3,145.3,79.2,1000.5
2002071800,22.1,0,0.4,23.9,83.8,1002.2
2002071806,23.3,0,0.7,48.7,77.8,1003.6
2002071812,25.2,0,1.1,125.8,69.3,1004.2
2002071818,22.6,0,0.8,56.6,79.8,1005.7
2002071900,21.2,30.5,1,45,86.7,1004.9
2002071906,21.8,41.5,0.4,353.4,91,1002.3
2002071912,24.5,2,1.5,219.8,84.8,1000.6
2002071918,24.7,0,1.5,257.6,75.8,1003
2002072000,23.1,0,1,268.1,79.3,1006.7
2002072006,25.4,0,0.4,295,70.2,1009.1
2002072012,29.9,0,2,195,50.8,1008.2
2002072018,26.5,0,1,246.3,61.7,1008.5
2002072100,23.2,29,0.4,11.7,84.8,1008.5
2002072106,22.1,14,0.6,211.6,91.2,1009.2
2002072112,24.4,4,0.4,348.2,83.8,1008.7
2002072118,24,0,0.5,16.5,84.7,1007.5
2002072200,23.6,0,0.6,350,82,1009
2002072206,25.5,0,0.5,345.3,76.8,1008.9
2002072212,27.5,0,1.3,138.4,68.8,1009
2002072218,24.6,0,0.9,125,85.2,1008.8
2002072300,23.4,0,0.5,105.7,89,1009.3
2002072306,25.7,0,0.8,84.1,73.8,1009.3
2002072312,31,0,2.1,243.4,46.3,1008.5
2002072318,26.1,0,0.9,135,74.3,1008.7
2002072400,23.1,0,0.5,308.8,86.7,1009
2002072406,26.6,0,0.5,67.2,72.2,1008.2
2002072412,32.9,0,1.3,251.1,47.3,1007.1
2002072418,28,0,0.4,350.1,67.5,1007
2002072500,24,0,0.6,40.4,84.8,1006.9
2002072506,26,0,1,35.5,74.3,1005.9
2002072512,29.5,0,2.1,60,57,1005
2002072518,24.5,0,1.8,29.9,71.8,1004.3
2002072600,23.6,0.4,2,45.1,81,1003.8
2002072606,24,0.1,1.8,45.1,80.7,1004.5
2002072612,25.9,0,1.9,53.3,73.5,1004.9
2002072618,24.7,0,1.4,51.8,76.8,1007.1
2002072700,24.1,0,1.1,26.2,80.5,1009.2
2002072706,25.4,0,1.6,56.6,77,1011.6
2002072712,27.6,0,2.1,53.3,67,1011.8
2002072718,24.8,0,1.2,18.5,78,1013.1
2002072800,23.8,0,0.5,14.7,82.3,1013.7
2002072806,23.8,0,0.7,11.5,82.3,1014.7
2002072812,25.8,0,1.1,43.8,74,1014
2002072818,24.1,0,0.4,25,79.8,1013.2
2002072900,21.6,0,0,0,87,1012.6
2002072906,25.4,0,0.1,350,70,1012.2
2002072912,28.9,0,1.7,156.7,60.5,1010.5
2002072918,25.8,0,0.7,90.2,78.8,1009.5
2002073000,24.3,0,0,0,84.8,1009.7
2002073006,28.2,0,0.2,341.1,67.5,1010.2
2002073012,31.6,0,1.2,130.7,56.7,1009.2
2002073018,28.2,0,0.3,28.1,72.8,1008.8
2002073100,25.6,0,0.3,3.3,83,1009.9
2002073106,28.1,0,0.6,325.9,73,1011.6
2002073112,33.3,0,1.6,256.6,51.3,1010.2
2002073118,29.6,0,1,296.6,65,1009.9
2002080100,26.8,0,0.7,311.5,76.2,1010.9
2002080106,29.6,0,1,317.4,60.3,1011.5
2002080112,33.9,0,2,313.4,42.8,1010
2002080118,30.6,0,0.8,336.6,55,1009.2
2002080200,27.7,0,1.1,346.6,58.5,1009.5
2002080206,28.5,0,1.4,350,59.2,1009.8
2002080212,33.2,0,1.9,343.3,44,1008.2
2002080218,30,0,0.8,353.5,53.3,1006.8
2002080300,26.8,0,0.4,350,65,1007.7
2002080306,28.8,0,1.2,339.6,59.7,1007.5
2002080312,32.2,0,1.5,313.4,44,1006.5
2002080318,28.9,0,0.9,354.2,59,1006.3
2002080400,24.5,0,0.3,336.6,76.7,1007
2002080406,28.1,0,0.2,345.5,61.8,1007.1
2002080412,31.9,0,1.1,138.4,52.2,1005.5
2002080418,28.8,0,1.8,253.4,63,1005.8
2002080500,27.2,0,1.9,256.6,68.7,1005.8
2002080506,29.2,0,2.1,246.6,59.7,1006.2
2002080512,31.9,0,3.3,253.3,50.2,1006.1
2002080518,28.5,0,2.4,246.7,63.3,1006.9
2002080600,27.4,0,1.6,240,69.2,1008.1
2002080606,28.4,0,2,209.9,66.8,1007.8
2002080612,27.2,4.5,2.1,250,76.3,1006.9
2002080618,25,20,0.9,232.8,84.5,1007.5
2002080700,24.7,4,0.8,253.2,83,1007.1
2002080706,25.6,2,1.4,233.3,80.3,1006
2002080712,26,8,1.9,231.5,78.5,1004.8
2002080718,24.8,4,2,236.6,83.3,1003.5
2002080800,24.5,1,2.2,243.4,81.5,1003.9
2002080806,24.7,1,1.1,209.1,84.3,1004.3
2002080812,24.7,11,1.8,196.7,85,1003.8
2002080818,24.1,18.5,1.6,215,88.3,1003.8
2002080900,23.1,49.5,0.6,0,91.3,1004.3
2002080906,21.6,22.5,0.5,52.3,89.7,1006
2002080912,21.8,9,0.1,10,88.7,1006.8
2002080918,21.5,13,0.3,25.2,90.7,1006.9
2002081000,21.4,53,0.3,10,92.5,1006.7
2002081006,20.8,54,0.5,5,91.3,1007.8
2002081012,22.5,6,0.6,3.3,82.3,1009.2
2002081018,20.7,3.5,0.5,354,85,1011.3
2002081100,19.8,42,0.4,353.5,91.3,1011.4
2002081106,20.7,23,0.4,350,90,1012
2002081112,21.8,0,0.6,0,83.2,1014
2002081118,19.8,1,0.4,343,85.8,1016
2002081200,18.9,1,0.4,336.6,88.7,1016.8
2002081206,19.5,2.5,0.3,335.6,87.7,1017.1
2002081212,20.8,1.5,0.6,63.5,84.5,1016.3
2002081218,18.9,5,0.3,18.9,90.5,1014.8
2002081300,17.6,27.5,0.3,4.3,91.8,1014
2002081306,18.7,7.5,0.1,0,91.5,1013
2002081312,22.6,0.5,0.5,52.3,77.5,1012.6
2002081318,21.6,0,0.3,353.1,83.5,1012.1
2002081400,20.5,3.5,0.1,4.3,91,1012.2
2002081406,21,2,0.1,10,91,1011.8
2002081412,21.4,7,0.6,82.8,88.7,1010.4
2002081418,20.4,9,0.2,18.9,92.5,1009.7
2002081500,20,2,0.1,353.6,92.3,1008.5
2002081506,19.9,16.5,0.4,333.1,92.8,1008.8
2002081512,21.8,15,0.3,12.6,90.2,1008
2002081518,20.8,4,0.2,353.6,91.2,1009
2002081600,20,0.4,0.3,320.2,92,1009.4
2002081606,21.3,0,0.2,6.6,87.5,1010.4
2002081612,23,0.1,0.3,23.2,80.8,1010.5
2002081618,22,0,0.5,11.6,84.5,1010.5
2002081700,21.2,0,0.3,324.9,88.8,1010.5
2002081706,23.4,0,0.7,43.7,78.7,1010.5
2002081712,25.9,0,0.6,34.2,68.7,1009.6
2002081718,23.2,0,0,0,78,1009.7
2002081800,21.9,0,1.4,23.2,83.2,1009.8
2002081806,23.5,0,3.5,18.2,76.3,1009.7
2002081812,26.8,0,2.5,38.2,55.8,1009.5
2002081818,22.4,0,1.8,37.1,71.8,1010.2
2002081900,21,0,2,6.8,76.8,1010.4
2002081906,22.8,0,2.8,21.6,71.5,1010.6
2002081912,26,0,2,29.9,53.8,1010.6
2002081918,22.1,0,1.1,19.7,65,1011.6
2002082000,20.9,0,0.3,11.2,71.5,1012.6
2002082006,22.1,0,0.7,32.2,63.5,1013.2
2002082012,24.5,0,0.9,76.6,54,1012.8
2002082018,20.3,0,0.4,17.5,71.8,1013.6
2002082100,17.6,0,0.2,346.9,84.7,1013.7
2002082106,21.3,0,0.2,21.9,68.7,1013.4
2002082112,25.8,0,0.5,132.8,51.2,1011.7
2002082118,21.8,0,0.3,132.1,70.2,1011.7
2002082200,19.1,0,0.1,0,84.3,1011.9
2002082206,22,0,0.2,8.6,73.8,1012.1
2002082212,25.5,0,0.7,177.7,63.2,1010.6
2002082218,23.3,0,0.5,230.3,73.2,1009.2
2002082300,22.3,2,0.4,238.8,81.3,1007.8
2002082306,23.9,0,0.6,243.4,78.8,1007.2
2002082312,28,0,1,250,64.3,1005.5
2002082318,25.9,0,0.2,310.4,74.2,1004.8
2002082400,22.6,0,0.2,356.7,87.7,1005.3
2002082406,25.7,0,0.2,352.6,74.8,1005.7
2002082412,29.6,0,0.7,135,60,1005.1
2002082418,26.3,0,0.3,84.1,70.8,1005.8
2002082500,24,0,0.1,0,80.8,1007.8
2002082506,24.9,0,0.4,57.1,77.3,1008.5
2002082512,27.5,0,0.7,90.4,66.7,1008.2
2002082518,25,0,0.6,119.9,80.3,1008.9
2002082600,23.8,0,0.3,76,83.5,1009.8
2002082606,24.6,0,0.5,73.4,75.5,1009.8
2002082612,27.5,0,0.6,76.5,64,1008.8
2002082618,24.8,0,0.4,44.3,79.8,1008.6
2002082700,23.8,0,0.1,0,85,1008.3
2002082706,26.2,0,0.8,236.5,79.3,1007.8
2002082712,30.7,0,1.5,215,62,1006.6
2002082718,27.6,0,1,231.8,75,1007.8
2002082800,25.9,0,0.5,260.7,84.8,1009
2002082806,27.8,0,0.4,303.2,75.2,1010.1
2002082812,30,0,1.4,146.6,67,1009.7
2002082818,27.1,0,0.8,136.3,75.5,1010.2
2002082900,24.4,0,0.3,318.1,85.7,1010.7
2002082906,27.1,0,0.7,45,73.3,1011
2002082912,30,0,2.1,66.6,62.7,1009.4
2002082918,25.4,0,1,21.6,78.3,1009.4
2002083000,24.7,0,0.9,19.7,80.2,1008.2
2002083006,25.2,0,1.9,45.1,78.7,1007.8
2002083012,25.9,0,2.3,51.8,76.5,1006.7
2002083018,23.9,7,1.9,35,86.7,1005.7
2002083100,24.5,9,4.2,66.7,85.7,1003.2
2002083106,24.7,21.5,7.2,86.7,84.7,1000.2
2002083112,24.1,85,9.1,104.7,88.3,993.2
2002083118,24.9,12,7.8,166.5,84.8,990.4
2002090100,22.5,1.5,7.2,204.9,80.7,991.2
2002090106,22.8,0,5,243.4,76.5,995.3
2002090112,25.1,0,5.7,253.4,64.2,1000.2
2002090118,24.1,0,2.1,284.7,69.7,1006.2
2002090200,21.7,0,0.9,310.1,80.7,1009
2002090206,24.8,0,0.6,331.7,66,1010.6
2002090212,30.7,0,2.4,46,44.8,1009.9
2002090218,26.8,0,1.4,323.6,70.3,1010.9
2002090300,23.9,0,1.6,308.2,83,1011.7
2002090306,26.2,0,1.1,293.1,74,1013
2002090312,29.4,0,3.3,83.2,58.7,1012.2
2002090318,23.9,0,1.9,22.4,71.3,1014.2
2002090400,22,0,1.5,343.3,78.3,1015
2002090406,23.8,0,2,12.8,73.5,1016.1
2002090412,26.3,0,3.2,46.8,66,1015.4
2002090418,23.1,0,2.4,3.3,78.2,1015.2
2002090500,21.9,0,1.4,350.2,81.8,1015.1
2002090506,23.5,0,2.4,22.8,75.7,1013.2
2002090512,27.6,0,2,49.8,64.7,1011.2
2002090518,24.2,0,2.6,58.8,79.2,1010.4
2002090600,22.1,0,1.6,26.6,74.3,1011.2
2002090606,21.5,0,4,24.9,74,1012.5
2002090612,21.3,0,5,37.1,72.2,1013.3
2002090618,20.8,0,4.9,50,72.7,1014.7
2002090700,20,0,3.4,35,71.2,1015.2
2002090706,20.4,0,3,29.9,70.5,1016.3
2002090712,21.8,0,3.5,53.3,66,1016.6
2002090718,19.8,0,2,15,73.2,1017.2
2002090800,18.2,0,0.9,339.1,79,1016.7
2002090806,20.6,0,0.9,267,69.7,1015.8
2002090812,25.8,0,2.5,170,55,1013.1
2002090818,22,0,1.3,293.5,76.7,1011.8
2002090900,20.4,0,0.6,335.6,82.5,1010.8
2002090906,23,0,1.6,11.2,66.5,1009.8
2002090912,26,0,3.5,65.6,53.8,1009.2
2002090918,21.8,0,1.8,15.8,66.2,1010.5
2002091000,19.9,0,1.1,353.2,77.5,1011.4
2002091006,21.5,0,1.8,20.4,70.7,1012.8
2002091012,24.4,0,3.9,93.3,61.2,1012.3
2002091018,21,0,1.2,32.2,77.8,1013.1
2002091100,18.3,0,0.2,342.8,87.2,1014
2002091106,21.2,0,0.3,306.4,74.2,1013.9
2002091112,26.5,0,3.4,163,48.8,1012.6
2002091118,22.8,0,1,63.7,75.5,1012.7
2002091200,19.8,0,0.1,346.9,86.3,1012.8
2002091206,22.6,0,0.9,19.3,74.8,1013.7
2002091212,24.2,0,3.5,86.6,66.7,1013.2
2002091218,19.5,0.5,1.3,358,85,1014.8
2002091300,18.3,0.1,0.9,321.8,89,1015
2002091306,18.8,0.4,1.2,346.6,87.3,1015.4
2002091312,20.6,0,3.2,63.4,66.8,1015.5
2002091318,19.4,0,1.6,4.8,68.3,1016.1
2002091400,18,0,0.4,314.4,77.8,1015.9
2002091406,20.4,0,1.3,22.1,69.5,1016.7
2002091412,22,0,3.2,70,54,1016.1
2002091418,19.7,0,0.9,17.7,60.7,1016.9
2002091500,18.2,0,0.2,353.6,73.8,1016.7
2002091506,19.1,0.4,0.6,321.4,76.5,1017.2
2002091512,20.4,0.6,2.4,60.6,62.2,1016.6
2002091518,17.6,19,2.7,50.3,77,1015.5
2002091600,15.9,43.5,3,55.3,89,1013.8
2002091606,17.7,29.5,2.4,51.8,88.5,1011.2
2002091612,17.7,3.5,3.4,20,86.5,1010.8
2002091618,17.7,0.5,3.2,16.7,81.5,1012
2002091700,18.1,0,2.6,356.7,80,1013
2002091706,20.1,0,3.4,11.2,71.2,1015.2
2002091712,22.8,0,4,60,50,1016.8
2002091718,18.9,0,1.7,7.7,70.2,1018.9
2002091800,16.5,0,0.6,0,80.3,1020.2
2002091806,18.7,0,1.3,2.6,69.2,1021.7
2002091812,22.9,0,4.3,83.4,49.2,1021.6
2002091818,18.5,0,1.2,355.5,70.2,1022.3
2002091900,15.1,0,0.3,335.6,84.7,1022.2
2002091906,18.7,0,1,10.5,70.5,1022.5
2002091912,23.9,0,2.4,86.6,47.5,1020.5
2002091918,19.1,0,0.9,356.2,73,1019.9
2002092000,15.9,0,0.3,335.5,86.3,1019.7
2002092006,18.6,0,1,264.1,72.8,1019.2
2002092012,24.1,0,3.2,87,54,1017.5
2002092018,19.8,0,1.8,25,71.7,1017.6
2002092100,16.6,0,0.4,340,85.7,1017.3
2002092106,19.9,0,1.5,47.4,72.3,1016.8
2002092112,23.3,0,4.1,90,56.5,1014.2
2002092118,20.1,0,1.9,23.1,70.2,1013.8
2002092200,18.4,0,2,353.4,79.7,1012.6
2002092206,18,0,3.6,21.6,77,1012.4
2002092212,18,0.5,3.2,3.3,69.8,1011.8
2002092218,16.7,0,1.6,330.6,72,1011.6
2002092300,13.9,0,1.2,319.8,84.8,1011.8
2002092306,17.6,0,1.2,318.9,68,1012.2
2002092312,23.2,0,2.5,167.7,43.7,1011.1
2002092318,18.1,0,1,324.1,68.2,1012.5
2002092400,14.4,0,0.1,346.9,83,1014.4
2002092406,17.9,0,1.4,282.9,64.3,1016.2
2002092412,24.6,0,2.9,150.6,36.3,1016
2002092418,19.5,0,1.4,359.9,66.3,1017.3
2002092500,15.4,0,0.4,323.1,82,1019.2
2002092506,18.1,0,0.9,337.3,70.5,1020.8
2002092512,23.6,0,3.3,83.4,46.7,1020.3
2002092518,19.4,0,1.2,34.5,70.5,1020.7
2002092600,17.1,0,0.7,320.5,82.3,1020.8
2002092606,19.5,0,2.2,20.2,72.3,1020.7
2002092612,22.8,0,4.7,90,52.2,1019.6
2002092618,19.2,0,1.2,6.6,66.7,1019.3
2002092700,15.6,0,0.5,332.8,81.5,1018.7
2002092706,18.1,0,1.5,344.5,76.7,1018.1
2002092712,21.4,0,2.2,43.4,70.5,1015.8
2002092718,19.5,0,2.2,13.4,71.2,1015
2002092800,19,0.4,2.1,6.6,77.5,1012.6
2002092806,20.4,0,2,25.6,70.8,1013.3
2002092812,23.1,0,3.6,80,61.8,1012.5
2002092818,19.9,0,1.4,40.6,79,1013.1
2002092900,17.8,0,0.2,353.6,87.2,1013.2
2002092906,19.4,0,0.7,302,82.3,1012.7
2002092912,25.8,0,2.6,273.2,40,1010.8
2002092918,20.5,0,1.4,336.1,71.2,1012.2
2002093000,16.9,0,0.9,316.3,86.7,1013.3
2002093006,18.8,0,0.9,225,76.2,1014.1
2002093012,24.1,0,3,166.4,41.8,1012.6
2002093018,19.6,0,0.9,9.5,65.8,1012.8
2002100100,16,0,0.7,321.5,84,1011.4
2002100106,18.6,0,0.8,266.3,74.2,1010.2
2002100112,21.9,2,2.3,67.1,61.3,1006.8
2002100118,18,0,1.1,310.9,83.8,1006.7
2002100200,15.5,0,1.1,316.7,87.3,1007.2
2002100206,17.9,0,0.9,208.7,72.2,1009
2002100212,24.5,0,4.6,256.6,43.5,1007.8
2002100218,19.7,0,1.9,32.9,57.7,1010.1
2002100300,13.4,0,0.5,337.1,68,1013
2002100306,15.9,0,0.6,305,57.7,1013.5
2002100312,25.7,0,4.5,250,24,1011.1
2002100318,21.6,0,3.1,276.6,55.2,1012.8
2002100400,20.4,0,2.4,260,73.2,1013.3
2002100406,20.5,0,1.1,170,74.7,1015.1
2002100412,23.7,0,2.9,118.5,62.5,1014.7
2002100418,20.1,0,0.6,2.9,78.8,1015.3
2002100500,17.2,0,0.8,326.4,90,1015.3
2002100506,19.2,0,0.9,312.6,82,1016.1
2002100512,26.5,0,2.8,267.8,52.5,1013.8
2002100518,22,0,1.9,340,61.5,1014.3
2002100600,18,0,0.6,320.9,73,1014
2002100606,17.3,22.5,1.6,315,84,1011.5
2002100612,16.6,18,0.6,309.6,88.8,1009.8
2002100618,14.6,2,1.6,346.5,80.5,1009.9
2002100700,12.5,0,1,324.7,81.8,1011.2
2002100706,15.3,0,1.5,289.8,65,1013.4
2002100712,20.5,0,2.9,307.1,37.8,1013.8
2002100718,15.9,0,1.3,332.1,59.3,1016.1
2002100800,13.3,0,1.3,301.1,66.7,1018.3
2002100806,14.3,0,2.7,0.9,49.7,1020.5
2002100812,18.7,0,2.7,1.4,33.8,1020.3
2002100818,13.9,0,1.4,320.4,59.5,1022.6
2002100900,10.4,0,1.1,321.8,71.3,1024.8
2002100906,13.6,0,1.5,342.7,57.8,1026.3
2002100912,19.5,0,2.5,61.9,40.8,1025.2
2002100918,14.7,0,1.2,324.4,67.3,1026.1
2002101000,11.6,0,1.1,325,80.2,1026.8
2002101006,14.8,0,1.1,7.4,64.7,1027.2
2002101012,19.9,0,4.2,93.4,48.7,1025.8
2002101018,15.1,0,1.1,358.4,69,1025
2002101100,11.7,0,0.4,338.6,83.5,1023.7
2002101106,15.1,0,0.7,300.2,71.2,1022.6
2002101112,22,0,2.2,179.7,50,1019.7
2002101118,17.3,0,1,268.4,77.7,1018.9
2002101200,13.3,0,0.6,315.1,87.8,1018.6
2002101206,16.1,0,0.5,280.4,75.5,1018.2
2002101212,23.8,0,3.2,246.6,47.8,1015.4
2002101218,18.9,0,1.1,309,70.8,1015.1
2002101300,16.1,0,0.3,308.4,82.8,1014.3
2002101306,18.5,0,1.1,210.8,73.8,1014.7
2002101312,25,0,2.5,330,43.2,1013
2002101318,19.5,0,0.9,17.7,72.3,1014.1
2002101400,16.2,0,0.7,343.4,83.3,1015
2002101406,18.4,0,0.9,287,76.5,1016
2002101412,24.2,0,4,190.2,58.7,1013.7
2002101418,19.8,0,1.6,271.4,75.3,1012.9
2002101500,16.4,0,1.3,281.7,64.2,1011.7
2002101506,17.3,4.5,2.6,316.3,61,1012
2002101512,21.4,0,4.1,321.8,41.2,1009.7
2002101518,16.9,0,1.6,8.7,56.7,1013.8
2002101600,12.1,0,1.3,318.4,76.2,1016.9
2002101606,14.4,0,1.2,296.9,67.5,1018.9
2002101612,23,0,2.1,1.2,28.2,1016.5
2002101618,17.1,0,1,2.9,48.8,1016.2
2002101700,13.9,0,1.5,275.1,63.5,1017.2
2002101706,16.6,0,0.7,260.2,59.8,1018.9
2002101712,23.8,0,2.1,98.9,41.3,1017.5
2002101718,18.1,0,0.8,356,75.3,1017.9
2002101800,14.4,0,0.3,346.9,87.3,1017.3
2002101806,16,0,0.8,298.9,82.2,1017.6
2002101812,20.2,0,1.4,70,76.2,1015.5
2002101818,19,0.2,3.3,56.6,79.5,1015.5
2002101900,19.2,0.5,3.9,86.6,77.3,1014.7
2002101906,18.1,14.5,5.2,86.6,83.2,1014.5
2002101912,17.6,13,6.1,73.3,83.5,1014.5
2002101918,17.7,0,5.8,70,73.7,1016.1
2002102000,16.8,0.1,4.6,60,72,1016.9
2002102006,15.3,2.4,3.8,43.4,79.8,1017.4
2002102012,15,3,3.9,56.6,82.5,1016.5
2002102018,14.4,6.5,3,29.9,83.2,1016.3
2002102100,14.2,0.5,3,10.2,82.5,1015
2002102106,14.7,0,2.9,350,82,1014.8
2002102112,18.1,0,2,331.3,61.3,1012.8
2002102118,15,0,2.7,4.3,66,1012.9
2002102200,8.9,0,4,353.2,53.7,1015.7
2002102206,8.5,0,2.9,38.4,45.2,1017.8
2002102212,14,0,2.5,24.9,26.3,1017.1
2002102218,9.4,0,1.7,10.3,43.2,1018.1
2002102300,6.4,0,1.4,28.4,50.7,1019
2002102306,7.3,0,1.8,31.8,43.2,1019.4
2002102312,11.7,0,2.5,31.8,29.7,1018.2
2002102318,7.7,0,1.5,334.5,43,1019
2002102400,3.7,0,1.5,312.3,62.2,1020.2
2002102406,7.9,0,1.4,211.4,49.5,1021.2
2002102412,17.5,0,2.1,273.4,33,1020.2
2002102418,11.6,0,0.8,338.6,62,1021.7
2002102500,7.6,0,0.5,335.5,80.5,1023.3
2002102506,10.7,0,0.9,295,69.3,1024.2
2002102512,19.4,0,2.5,170.4,32.3,1022.5
2002102518,13.1,0,0.9,320.5,59.8,1021.2
2002102600,9.2,0,0.3,330.5,76.8,1017.2
2002102606,12.1,0,2.3,295.3,62.5,1012.7
2002102612,15.2,0,4.2,336.6,29,1011.3
2002102618,9.5,0,1.5,319.8,43.5,1013.8
2002102700,7.4,0,1.3,322.3,50.8,1014.3
2002102706,8.4,0,1.8,288.2,42.8,1015.1
2002102712,10.6,0,4.4,318.4,32,1014.2
2002102718,6.3,0,1.1,357.2,51.7,1015
2002102800,4.3,0,0.5,323.5,56.3,1016.7
2002102806,6.3,0,1.8,346.4,54.3,1017
2002102812,10.6,0,4.6,328.5,26,1015.7
2002102818,6.7,0,2.8,333.2,38.8,1019.1
2002102900,5.5,0,4.4,340,48.7,1020.7
2002102906,7.4,0,2.9,353.2,38.2,1022.7
2002102912,13.7,0,1.8,13.4,22.7,1021.7
2002102918,9.1,0,2,335.6,34.8,1023.6
2002103000,5.5,0,1.2,20,44.2,1025.8
2002103006,7.7,0,1.2,305.5,45.5,1027.4
2002103012,15.3,0,3.1,105,44.5,1026.1
2002103018,10.9,0,1.1,352.4,64,1027.1
2002103100,9.4,0,0.2,4.8,73.8,1026.7
2002103106,12,0,0.6,2.1,67.7,1024.2
2002103112,17.8,0,2.8,192.8,54.2,1020.1
2002103118,14.7,0.2,1.2,260.2,73.8,1018.2
2002110100,12.6,0,1.5,350,76,1015.8
2002110106,12.5,0,3.8,346.4,46.3,1014.8
2002110112,12.2,0,6.2,336.7,19.3,1013.8
2002110118,7.2,0,4.4,340,37,1016.4
2002110200,4.2,0,4.6,353.4,40,1017.9
2002110206,5.8,0,4.8,353.6,33.3,1017.2
2002110212,10.8,0,4.8,336.6,24.5,1014.2
2002110218,7.1,0,1.6,332.1,45.2,1014.7
2002110300,5.7,0,0.8,313.7,63.7,1015.1
2002110306,8.4,0,3,323.1,49,1014.2
2002110312,10.5,0,4,305,36.5,1011.8
2002110318,5.9,0,2.9,336.6,51.2,1013.1
2002110400,4.2,0,3.3,326.6,45.7,1016
2002110406,4.7,0,3.7,323.3,33.8,1018.8
2002110412,8.9,0,4.1,322.3,26.7,1018.5
2002110418,5,0,1.5,14.7,42.5,1020.4
2002110500,2.4,0,1.9,10.2,46,1023.9
2002110506,4.9,0,3.3,332.1,44.8,1026.2
2002110512,11,0,4.1,343.4,22.2,1025.6
2002110518,6.3,0,1.3,310.9,43,1026.7
2002110600,3.1,0,0.4,316.3,62,1028.2
2002110606,6.5,0,0.6,268.7,57,1029.3
2002110612,15.4,0,2.5,166.6,38.5,1028
2002110618,10.6,0,1.1,297.1,67.3,1027.3
2002110700,7.5,0,0.6,305,82.8,1026.1
2002110706,10.6,0,0.7,292.8,75,1022.2
2002110712,16.8,1,4.3,250,68.8,1015.3
2002110718,14,2.5,1.3,242.2,80.3,1012.3
2002110800,11.4,0,4,356.6,53.8,1011.7
2002110806,9,0,3.6,340,41.8,1013.4
2002110812,9.5,0,4.6,320.3,36,1011.8
2002110818,4.7,0,4.7,343,48.7,1013.7
2002110900,2.2,0,5,343.4,37.8,1015.8
2002110906,3,0,4.1,9.3,27.8,1018.8
2002110912,8.9,0,5.1,333.4,14,1017.6
2002110918,4.7,0,0.8,334.3,37.8,1018.1
2002111000,4.2,0,0.9,8.1,50.8,1019.8
2002111006,5.3,0,0.6,286.6,57.3,1021.4
2002111012,13.8,0,3.6,224.9,35.7,1019.2
2002111018,11,0,1.2,224.6,62.7,1018.8
2002111100,12.4,0,1.5,263.6,73.7,1016.5
2002111106,17,0,3.5,242.2,62.7,1013.6
2002111112,21.1,0,5.7,253.4,47.3,1009.5
2002111118,18,0,3.8,256.6,60.7,1008.7
2002111200,14.5,0,4.3,337.4,31.7,1009.8
2002111206,10.5,0,3.3,1.3,24.8,1015.9
2002111212,12.9,0,3.6,336.6,17.7,1016.1
2002111218,8.6,0,2.2,4.2,30,1017.2
2002111300,4.8,0,0.9,293.1,47.7,1018
2002111306,5.9,0,2.1,338,43,1019.6
2002111312,10.6,0,3.7,312.9,18.2,1016.9
2002111318,5.7,0,1,1.3,36.8,1016.8
2002111400,2.4,0,1.1,19.9,56,1017.7
2002111406,3.7,0,1.1,319.5,52.2,1018.8
2002111412,10.5,0,3.4,218.6,29.7,1015.8
2002111418,8.7,0,3.2,260,43.5,1014.5
2002111500,7.3,0,2.1,352.2,49.8,1014.9
2002111506,5.7,0,3.3,356.6,33.3,1017.8
2002111512,9.1,0,4.2,350,14.8,1017
2002111518,5.9,0,3.5,333.4,27,1018.8
2002111600,3.8,0,3.3,6.6,36.7,1021.1
2002111606,4,0,2.4,20.9,28.3,1023.2
2002111612,10.4,0,2.2,68.7,17.5,1022.5
2002111618,5.2,0,0.6,333.9,39.3,1024.3
2002111700,1.9,0,0.3,327.8,54.5,1024.4
2002111706,5,0,0.3,332.1,55.7,1023.3
2002111712,14.5,0,5.1,256.8,38,1018.8
2002111718,10.6,0,2.9,298.1,47.5,1018.5
2002111800,5.9,0,3,346.6,48,1020.6
2002111806,4.3,0,4.4,343.3,39.3,1025.2
2002111812,6.2,0,4.6,333.4,17,1027.4
2002111818,2.2,0,1.6,3.4,27.2,1029.3
2002111900,-0.7,0,1.4,357.3,41.2,1030.7
2002111906,1.2,0,1.6,301.8,37.2,1031
2002111912,9.9,0,1.9,43.3,13,1028.5
2002111918,5.1,0,1.6,332.9,25.2,1028.7
2002112000,3.4,0,0.8,353.2,43,1029.7
2002112006,5.7,0,1.1,314.5,48.8,1029.8
2002112012,11.7,0,2.1,58.5,40.7,1026.7
2002112018,8.7,0,1.5,17.7,53.3,1026
2002112100,6.9,0,1.2,11.9,62.7,1027.1
2002112106,7.8,0,1.3,47.2,50.8,1027.4
2002112112,11.2,0,3.7,44.7,27,1026.4
2002112118,7.4,0,2.5,8.9,52,1026.8
2002112200,4.9,0,1.1,305,68,1026.6
2002112206,6.4,0,1.8,340,73.5,1026.7
2002112212,10.4,0,2.6,21.6,68.7,1025.4
2002112218,8.6,0,1.1,262.2,76,1025.2
2002112300,6.7,0,0.5,285,81,1025
2002112306,7.8,0,0.7,10,73.5,1024.4
2002112312,13.6,0,3.1,100.2,49.8,1021.5
2002112318,8.6,0,1,329.9,72.3,1020.8
2002112400,5.5,0,0.7,321.5,82.7,1019.8
2002112406,8.2,0,0.9,328,69.7,1018.6
2002112412,15.2,0,2.2,24.9,37.3,1015.7
2002112418,10.2,0,2.2,13.4,45.5,1015.3
2002112500,6.2,0,3.1,16.7,59.7,1014.9
2002112506,6.1,0,5.4,349.8,38.5,1015.3
2002112512,10,0,4.3,343.3,28.5,1015.3
2002112518,6.2,0,2.5,12.8,29.3,1017.3
2002112600,3,0,2.3,40.7,29.8,1018.2
2002112606,3.8,0,1.3,10.2,35.3,1018.1
2002112612,10.2,0,2.2,296.6,22.8,1015.5
2002112618,5.8,0,3.2,356.7,43.2,1016.8
2002112700,2.5,0,3.2,10,44.8,1018.7
2002112706,2.9,0,3.9,340,30.3,1021
2002112712,6.4,0,4.6,330,14.5,1021.5
2002112718,4.1,0,2.3,9.3,22.3,1024
2002112800,2.6,0,2.6,7.9,24.8,1024.9
2002112806,3.1,0,0.8,10,28.3,1026.3
2002112812,11.2,0,1.5,247.8,21.5,1025.4
2002112818,6.6,0,1.1,338.4,39.3,1026.2
2002112900,2.6,0,0.2,325,50.5,1026.3
2002112906,3.7,0,0.6,289.2,49.5,1026.6
2002112912,14.7,0,2.6,239.8,37.8,1023.8
2002112918,12.6,0,2.8,266.6,57.7,1022.7
2002113000,12.1,0,1.8,288.6,67.2,1021.6
2002113006,10.7,0,2.7,32.9,64.8,1021
2002113012,11.8,0,1.7,16.7,21.3,1020.4
2002113018,6.8,0,1.5,313.1,30.7,1020.4
2002120100,2.4,0,1.2,313.4,51.2,1021
2002120106,4,0,1.5,310.9,40.5,1021.5
2002120112,12.4,0,1.8,38.7,12.7,1020.2
2002120118,6.8,0,1.4,340.5,28,1022.3
2002120200,2.6,0,0.9,310.1,44.7,1024.3
2002120206,4.6,0,0.6,277.5,46.5,1026.3
2002120212,12.8,0,2.1,148.2,34,1026.6
2002120218,7.8,0,0.8,356.1,57.8,1027.6
2002120300,4.1,0,0.2,332.1,73.3,1027.2
2002120306,5.1,0,0.3,30,76.3,1027.1
2002120312,10.9,0,0.9,324,64.3,1023.8
2002120318,9.8,1,0.7,8,82.8,1020
2002120400,11.6,10,3,83.6,89.7,1015
2002120406,12.4,1,1.4,346.1,87.2,1012.6
2002120412,16,0,1.9,0,63.8,1012.8
2002120418,11.7,0,1.7,337.2,77.7,1015.1
2002120500,9.5,0,1.4,325.8,76.5,1016.6
2002120506,10.8,0,1.3,324.9,67.7,1018.2
2002120512,14.7,0,3.1,11.5,50.2,1017.6
2002120518,10.9,0,3,16.7,74,1021.2
2002120600,9.7,0,1.9,11.5,74.2,1023.7
2002120606,9.2,0.1,2.3,18.2,79,1024.9
2002120612,10.8,0.4,2.3,31.6,75.5,1023.9
2002120618,9.2,0.5,1.1,358,82.3,1024.2
2002120700,8.8,0,0.3,12.4,83.8,1022.8
2002120706,9.4,0.2,2.5,20.9,82.7,1021.8
2002120712,8.2,2.3,3.2,6.6,80.2,1021
2002120718,7.8,0.5,3.8,29.9,79.2,1023.2
2002120800,6.1,2.5,4.2,45.1,81.8,1024.3
2002120806,5,6,3.7,56.6,82,1025.1
2002120812,4.7,5,2.9,10,84.5,1022.7
2002120818,3.9,5,2,343.4,86.2,1020.9
2002120900,3.3,2,5,353.2,69.5,1019.2
2002120906,0.4,0,6,336.7,41.5,1019.8
2002120912,2.3,0,4.6,333.4,29.8,1019.8
2002120918,-0.9,0,6.6,340,27.7,1022.5
2002121000,-3,0,3.7,326.6,32.3,1023.7
2002121006,-2.6,0,0.7,356.6,34.5,1025.3
2002121012,0.1,0,2.5,333.4,21.3,1025.3
2002121018,-2,0,1.7,334.4,30.5,1026.6
2002121100,-3.3,0,0.7,325.9,48.7,1026.6
2002121106,-1.8,0,1.5,300.7,54,1027.2
2002121112,3.3,0,2.3,313.7,24.8,1025.5
2002121118,-0.6,0,3.5,336.6,26.5,1028.2
2002121200,-1.9,0,4.4,350,37.3,1028.8
2002121206,-0.1,0,3.2,328.8,47,1029
2002121212,4.5,0,2.6,326.6,31.2,1028.7
2002121218,0.6,0,2.2,340,26.7,1031.1
2002121300,-2.1,0,2.2,336.7,36,1033.9
2002121306,-1.4,0,0.9,33.8,45,1033.8
2002121312,4.8,0,1.1,46.8,23.2,1033.7
2002121318,0.6,0,0.3,335.5,38.2,1035.4
2002121400,-2.7,0,0,0,55.7,1035.1
2002121406,-1.5,0,0.3,350,58.7,1034.2
2002121412,10.4,0,1.9,256.1,17.7,1031.4
2002121418,4.2,0,0.7,328.3,35.8,1031.2
2002121500,-0.6,0,0.9,301.8,51.7,1030.1
2002121506,1.1,0,0.7,280,53.8,1029.9
2002121512,12.3,0,1.2,123,30.2,1027.4
2002121518,8.1,0,0.5,339.1,50.5,1026
2002121600,7.3,2,0.7,275.8,77.8,1022.5
2002121606,10.8,6.5,1.2,258.2,90.2,1016.8
2002121612,15.6,0,3.9,276.4,58.7,1011.6
2002121618,10.9,0,3.4,317.4,48,1013.3
2002121700,6.3,0,2.3,346.6,52.5,1020
2002121706,5.1,0,1.4,318.6,65.2,1026.1
2002121712,9.1,0,1.2,50.7,54.5,1025.5
2002121718,8.1,0,1,334,59.3,1024.8
2002121800,6.9,0,0.8,305.5,71,1023.5
2002121806,6.7,0,1,335.9,68.8,1023.6
2002121812,10.2,0,1.9,4.4,39.5,1022.1
2002121818,7.6,0,1.5,16.7,49.3,1023.6
2002121900,6.6,0,1.2,316.9,52.7,1024
2002121906,8.3,0,2.1,294.9,53.5,1024.2
2002121912,10.5,0,3.2,37.1,48,1024.8
2002121918,6.5,0,1.9,320.5,61.3,1027
2002122000,4.8,0,0.9,306.4,79.3,1027.6
2002122006,8.2,0,1,22.4,73.2,1028.8
2002122012,11.2,0,4.5,73.3,54.7,1027.9
2002122018,10.9,0,3.8,70,56,1027.6
2002122100,11,0,3.7,56.6,61.8,1025.4
2002122106,11.1,0,3.8,35,61,1023.4
2002122112,11.3,0,4.4,16.7,55.2,1023
2002122118,9.8,0,3.4,0,63.8,1024.3
2002122200,8.8,1,3,356.6,77.8,1024.8
2002122206,8.7,1.5,3.2,6.6,69.7,1026.3
2002122212,9.2,0,3.8,10.2,59.7,1026
2002122218,6.6,0,3,340,72.2,1027.4
2002122300,6,0,1.9,346.8,75.2,1026.6
2002122306,6.8,0,0.9,310.7,74.7,1026
2002122312,9.9,0,2.5,68.7,62.3,1024.2
2002122318,8.2,0,0.9,344,69,1023
2002122400,7.4,0,0.7,297.3,75.7,1020.6
2002122406,7.6,0,0.8,277.4,71.8,1019.8
2002122412,9.7,0,3.2,340,45.5,1019.8
2002122418,5.8,0,1.7,357.2,53,1021.2
2002122500,5.1,0,1.4,0,57,1019.7
2002122506,4.4,0,3,288.2,60.2,1017.2
2002122512,2.5,0,5.3,299.9,46.5,1018.8
2002122518,-0.5,0,4.6,330,46.2,1024.3
2002122600,-2.5,0,4.5,330,55.2,1025.5
2002122606,-1.3,0,4.8,330,47.5,1025.7
2002122612,2.9,0,5.1,313.4,22.3,1023.2
2002122618,-0.8,0,4,310.9,28,1024.6
2002122700,-3,0,4.2,340,39,1026.4
2002122706,-2.6,0,3.7,347.6,30.8,1027.3
2002122712,3.2,0,2.6,357.5,18.3,1026.9
2002122718,0.1,0,2.1,339.8,25.5,1026.3
2002122800,-2,0,1.4,278.7,41.8,1024.7
2002122806,1.5,0,4.7,305,41.7,1022.3
2002122812,6.1,0,4.3,296.6,33.5,1019.8
2002122818,2.7,0,2.4,303.8,45.5,1020
2002122900,2,0,2.5,313.4,46.3,1021.5
2002122906,2,0,2.6,349.5,42.2,1023.8
2002122912,7.4,0,2.3,60,17.2,1022.6
2002122918,2,0,0.9,300.2,36.3,1023.2
2002123000,-0.8,0,0.9,313,37.3,1022.5
2002123006,0,0,1.7,311.3,41.8,1022.7
2002123012,5.5,0,3.2,10.2,27.7,1020.4
2002123018,1.6,0,2.6,350,35.5,1021.3
2002123100,0.6,0,2.7,334.2,45,1021.8
2002123106,1.4,0,2.8,316.3,45.8,1021.7
2002123112,5.4,0,4.1,299.9,31.2,1019.8
2002123118,2.4,0,2.9,330,40,1020.7
2003010100,-0.9,0,2.1,1.3,51.7,1021.5
2003010106,-0.5,0,4.4,340,41.3,1022.2
2003010112,4.1,0,4.7,310.1,19,1022.2
2003010118,0.3,0,2.3,326.1,26.3,1025.9
2003010200,-2.9,0,2,326.7,34.7,1030.1
2003010206,-1.6,0,1.5,296,42,1032.3
2003010212,6.5,0,2.6,69.3,49.5,1030.1
2003010218,4.1,0,0.9,324.9,67.3,1027.9
2003010300,2.7,0,0.8,311.3,80,1024
2003010306,3.1,0.5,0.4,6.8,80.2,1020.2
2003010312,6.3,0,3.9,291.3,54.3,1014.5
2003010318,0.7,0,3.9,310.1,49.7,1016.6
2003010400,-2.3,0,1.8,302.8,45,1018.8
2003010406,-2.1,0,4.1,273.3,42.8,1018.6
2003010412,-0.5,0,5.6,276.6,29.3,1017
2003010418,-5,0,3.9,310.1,37.7,1020
2003010500,-7.2,0,3.3,318.4,36.7,1022.2
2003010506,-6.9,0,3,308.2,31,1024.5
2003010512,-2.8,0,4.4,313.4,17.3,1025.8
2003010518,-6.7,0,4.3,333.2,27.2,1028.9
2003010600,-9.1,0,3.5,340,42.3,1031
2003010606,-7.4,0,2.5,21.6,36.8,1031.4
2003010612,1.3,0,3.7,318.4,11.8,1029.3
2003010618,-1.8,0,2.8,326.6,13.7,1030.2
2003010700,-3.6,0,3.7,333.2,14.5,1029.9
2003010706,-2.8,0,3,343,19.7,1030.5
2003010712,2.7,0,3.4,321.5,23.8,1028.9
2003010718,-1,0,1.3,326.9,38.3,1029.4
2003010800,-4,0,1,310.4,53,1029.8
2003010806,-3.7,0,1.1,250,54,1029.8
2003010812,5.7,0,1.8,235,16.5,1026.5
2003010818,0.8,0,1.2,306.7,23.8,1026.2
2003010900,-3.5,0,1.1,260.4,42.5,1025
2003010906,-0.8,0,3,293.3,46,1024.2
2003010912,6.1,0,3.7,325,30.5,1021.3
2003010918,4.3,0,2.5,340,39.5,1020.7
2003011000,1.8,0,3.3,330.7,53.8,1019.8
2003011006,1.9,0,2.4,350,57.2,1020.1
2003011012,6.7,0,2.1,356.9,38.2,1017.8
2003011018,3.3,0,1.6,315,50.8,1018.5
2003011100,0.5,0,0.8,295,60.8,1019.1
2003011106,1.8,0,1.5,329.8,54.3,1019.5
2003011112,8.3,0,4.4,318.4,22.2,1017.2
2003011118,4.4,0,2.9,331.1,37.2,1018.5
2003011200,2.2,0,3.4,335.7,45.7,1019.8
2003011206,3.4,0,3.4,342.9,49,1021.1
2003011212,10.1,0,2.5,318.4,28,1019.4
2003011218,4.6,0,0.9,284.7,45.2,1019.1
2003011300,1.4,0,0.6,330,59.3,1018.2
2003011306,3.4,0,0.5,338.8,52.3,1017.8
2003011312,12.2,0,3.7,238.8,23.7,1015
2003011318,8.2,0,1.6,281.6,42.8,1014.3
2003011400,4,0,0.6,320.4,60,1014.3
2003011406,3.7,0,2.5,296.6,54.7,1016
2003011412,7.5,0,4.2,316.8,17.2,1018.5
2003011418,1.8,0,2.9,346.6,16.5,1023.5
2003011500,-2.8,0,1.2,353.5,33,1027.2
2003011506,-2.1,0,1.1,308.4,39.5,1029.6
2003011512,5.6,0,2.2,215,35.8,1029.3
2003011518,1.6,0,1.3,255.1,57.7,1029.6
2003011600,-0.9,0,0.3,24.1,59.8,1028.4
2003011606,1.8,0,0.5,0,51.5,1027
2003011612,10.5,0,3.2,226.3,16.2,1023.6
2003011618,4.6,0,0.6,271.4,32.5,1023.9
2003011700,-0.2,0,0.7,305.5,38.3,1024.5
2003011706,1.1,0,0.7,257,51.7,1025.1
2003011712,10.8,0,2.2,159,39.2,1022.7
2003011718,8.7,0,1,250.7,62.5,1021
2003011800,6,0,3.1,345.8,68.3,1021.3
2003011806,5.4,0,1.9,340,63.7,1025.4
2003011812,9.2,0,2.2,48.7,47.8,1024.8
2003011818,5.7,0,1.1,343.5,67.2,1022.9
2003011900,3.1,0,0.5,289,76.2,1020
2003011906,4.1,0,1.9,326.4,59.2,1016.7
2003011912,7.8,0,4.1,313.8,32.7,1013.8
2003011918,4,0,3.3,336.6,32.5,1014.9
2003012000,1.1,0,3.2,346.8,44.3,1015.5
2003012006,1.3,0,2.7,339.6,48.8,1015.8
2003012012,6.3,0,4,323.3,26.8,1013.3
2003012018,2.3,0,3.8,310.1,44.5,1014.7
2003012100,-0.4,0,3.1,350.2,47.2,1017.8
2003012106,-0.2,0,3.2,3,35.7,1019.7
2003012112,5.7,0,2.6,91.3,20,1019.2
2003012118,1.7,0,1.3,254.1,40.3,1019.8
2003012200,-0.9,0,1.1,298.4,43,1019.2
2003012206,0.3,0,1.3,295.3,43.3,1017.3
2003012212,2.2,0,2.2,356.6,48.3,1014.1
2003012218,0.1,5.5,0.7,316.8,88,1010.8
2003012300,1.2,2.6,2.8,321,87.7,1006.5
2003012306,1.1,0.6,3.5,333.2,73.8,1007.5
2003012312,4.2,0,3.9,327.6,57.7,1009.3
2003012318,1,0,3.7,333.2,55.7,1012.8
2003012400,-1.2,0,2.6,358.8,55.2,1015.4
2003012406,0,0,3.2,355.1,45.2,1018.5
2003012412,4.2,0,3.7,329.8,26.5,1021.7
2003012418,0.2,0,1.4,310.9,39.5,1025.9
2003012500,-2.8,0,1,270,54.5,1027.8
2003012506,-1.1,0,0.7,302.4,54.7,1028.9
2003012512,7,0,2,79.8,45.2,1028.2
2003012518,5.1,0,0.9,325,57.7,1027.7
2003012600,3.7,0,0.4,310.5,67,1026.6
2003012606,4.4,0.5,1.1,280.7,81.7,1023.9
2003012612,5.8,7,1.3,17.7,85,1020.4
2003012618,5.2,5.5,1.5,315,87,1018
2003012700,5.7,0.1,1.8,301.6,88.2,1013.6
2003012706,6,0.9,1.4,332.1,87,1010.6
2003012712,6.2,1.5,4.2,321.5,60.2,1006.8
2003012718,0.6,1.7,4.4,276.6,61.5,1009.8
2003012800,-2.2,0,2.6,292.6,44.8,1012.2
2003012806,-2.5,0,3.3,280,36,1015.4
2003012812,1.1,0,4.4,273.4,27.2,1014.3
2003012818,-1.3,0,3.8,273.4,51.3,1013
2003012900,-5.8,0.3,4.8,301.8,48.7,1015.8
2003012906,-7.6,0,5.7,290,30.3,1019.2
2003012912,-3.9,0,6.4,294.9,20,1019.7
2003012918,-6.4,0,4.9,315.1,25,1022.5
2003013000,-8,0,2.9,7.1,32.2,1025.5
2003013006,-5.8,0,3.4,346.8,28.5,1027.4
2003013012,2,0,4,299.6,15,1026.5
2003013018,-0.5,0,1.5,320.3,24.7,1026.7
2003013100,-1.5,0,3.5,339,42.2,1027.1
2003013106,0.5,0,3.2,320,47.3,1026.8
2003013112,4.7,0,3,328.5,32.8,1025.3
2003013118,2.4,0,1.9,328.4,39.5,1025
2003020100,-0.1,0,0.9,241.4,50.3,1026.2
2003020106,1.4,0,1.4,271.8,56.2,1026.9
2003020112,5.9,0,4.2,51.5,47.3,1026.4
2003020118,2.8,0,2.3,332.6,63.3,1026.4
2003020200,-0.3,0,0.7,296.6,79.2,1026.1
2003020206,1.1,0,1,262.4,75.5,1025.4
2003020212,7.2,0,2.8,86.3,38.8,1023.6
2003020218,3.2,0,2.1,2.9,57.2,1024.2
2003020300,0.3,0,1.7,22.3,48,1025.1
2003020306,0.4,0,1.2,334.5,44.2,1025.9
2003020312,7.4,0,2,97,21.8,1023.9
2003020318,3.1,0,1.4,270.6,44,1023.5
2003020400,0.9,0,1.2,278.1,47.3,1022.5
2003020406,2.3,0,1.4,287.7,42.5,1021.2
2003020412,6.6,0,2.8,315.1,24.3,1019.1
2003020418,2.5,0,2.2,333.2,41.2,1020.5
2003020500,0.4,0,3,339.6,41.7,1021.9
2003020506,0.9,0,3,350.7,43,1022.7
2003020512,3.8,0,3.7,350,40.7,1023
2003020518,2.3,0,2.7,330,34.5,1024.5
2003020600,-0.6,0,1.9,353.5,42.5,1027.4
2003020606,0.6,0,1.4,297.6,39.3,1028.8
2003020612,9.4,0,3.1,266.6,11.3,1026.2
2003020618,4.5,0,1.1,249.6,25,1024.7
2003020700,-0.1,0,0.3,270.2,48.8,1024.1
2003020706,1.1,0,1,218.1,49.8,1023.7
2003020712,10.1,0,4.8,256.6,30.3,1021.7
2003020718,7.4,0,1.2,322,51.8,1021.4
2003020800,4.3,0,0.3,320.2,66,1020.2
2003020806,4.4,6,1.1,272.1,87.8,1017.7
2003020812,5.8,15,1.9,290.9,88.7,1011.4
2003020818,4.8,0.5,2.2,334.5,82.2,1014.8
2003020900,2.3,0,1.1,277.9,85.8,1020
2003020906,2,0,0.8,65,87.7,1022.3
2003020912,10.9,0,2.2,108.2,59.3,1021.5
2003020918,6.8,0,0.8,246.9,77,1021.2
2003021000,4.1,0,1,292,77.7,1021.2
2003021006,6.1,0,1.4,354.5,72.8,1022.4
2003021012,10.6,0,3.3,6.6,56.7,1021.5
2003021018,8.1,0,3,353.4,75.7,1021.1
2003021100,7.1,0,1.8,316.8,80,1019.4
2003021106,6.8,0.5,1.8,347.7,80.3,1018
2003021112,9.4,0,4.8,310.1,38.7,1017.5
2003021118,3.9,0,2.8,357.3,27.8,1019.8
2003021200,-0.5,0,2.3,346.5,38.2,1022.2
2003021206,-1.2,0,2.4,3.4,38,1023.6
2003021212,5,0,3.5,1.4,16,1021.6
2003021218,0.8,0,3.4,340,22,1022.8
2003021300,-2.2,0,2.4,350,28,1024.3
2003021306,-0.7,0,2,313.9,41.8,1026.1
2003021312,6.6,0,2.8,284.9,26.2,1024.7
2003021318,3.9,0,2.2,296.2,36.2,1024.3
2003021400,2,0,3,286.7,42.3,1025.4
2003021406,3.7,0,3,291.4,37.5,1027
2003021412,9.7,0,3.5,311.5,23,1025.2
2003021418,5.1,0,1.3,307.1,41.5,1024.9
2003021500,1.9,0,1.1,255.9,49.3,1024.7
2003021506,3.1,0,1,270,51.2,1023.5
2003021512,9.8,0,1.8,132.3,39.7,1019.8
2003021518,8.7,0,1.3,267.8,52.7,1017
2003021600,7.1,0,1.1,335.9,45,1015
2003021606,7.1,0,2.3,350,29.7,1015.7
2003021612,10.7,0,4,37.6,31.5,1015.7
2003021618,5.4,0,1.6,323.8,57.3,1018.9
2003021700,1.8,0,0.7,304.7,75.2,1021.2
2003021706,3.1,0,0.6,254.7,70.3,1022.5
2003021712,11.9,0,3.2,145.3,37.7,1020.8
2003021718,7.8,0,1.4,242.3,54.7,1019.8
2003021800,4.1,0,0.3,319,71,1018.6
2003021806,5.2,0,1.4,320.7,55.7,1017.8
2003021812,11.8,0,3.8,325,27,1016.8
2003021818,7.8,0,1,8.4,59.3,1017.5
2003021900,4.9,0,0.6,285.6,68.2,1017.3
2003021906,5.2,0,1.2,250,66.7,1016.6
2003021912,9.4,0,1.8,89.5,51.8,1013.7
2003021918,4,0.2,2.9,344.1,78.7,1013.8
2003022000,2.3,0.8,4.5,340,70.3,1017.2
2003022006,2.9,0,4.6,340,53.5,1021.7
2003022012,6.1,0,4.1,13.9,36.2,1024.9
2003022018,2.4,0,1.9,336,53.3,1026.4
2003022100,-0.1,0,0.6,309.3,67.8,1027.9
2003022106,2.3,0,0.5,314.9,63.2,1027
2003022112,8.5,0,1.6,158.7,43.8,1023.8
2003022118,7.3,0,1.6,275,54,1021.2
2003022200,5.6,0,0.6,321.6,70.2,1017.7
2003022206,5.2,12.5,1.2,281.6,90.3,1014
2003022212,6.8,8.5,2.4,332.3,88.3,1011.4
2003022218,5.8,2,2.7,336.7,85.7,1013
2003022300,5.8,0.5,3.3,346.6,82.3,1015.5
2003022306,5.3,0,3.3,350,76.8,1017.2
2003022312,5.7,0,2.6,336.7,74.8,1016.8
2003022318,5.3,0,1.7,324.2,79.2,1015.8
2003022400,4.3,1.5,1.1,291.3,86,1015.2
2003022406,4.5,2.5,2,309.4,83.5,1016.3
2003022412,9.1,0,3.1,332.5,57,1016.2
2003022418,5.4,0,1.8,343.1,63,1019
2003022500,2.4,0,1.1,305,77.8,1021.2
2003022506,4.3,0,0.9,233.7,68.5,1023.4
2003022512,10.9,0,2.7,142.3,44,1022.3
2003022518,7,0,1.1,251.1,69,1021.7
2003022600,6.1,0,0.5,312.1,75.3,1020.8
2003022606,7.2,0,0.5,340,73.5,1020.3
2003022612,12.6,0,3,270.5,38.8,1018.8
2003022618,9.9,0,2.4,346.6,45.5,1019.7
2003022700,5.9,0,1.9,333.4,69.5,1023.7
2003022706,6.8,0,3.1,18.5,59.2,1026.9
2003022712,7,0,4.4,45.1,51.8,1028.6
2003022718,5.4,0,2.6,13.4,52.8,1029.9
2003022800,4.3,0,2.3,346.6,52.2,1029.8
2003022806,5.3,0,2,4.5,51.2,1027.9
2003022812,9.2,0,2.8,119.9,45.8,1023.8
2003022818,7.3,0,1.8,340,59.3,1020.3
2003030100,6.2,0.2,0.6,330.7,72.7,1016.2
2003030106,4.9,7.3,2.3,340,84.5,1011
2003030112,6.4,2.5,3.2,343.4,79.5,1007.5
2003030118,7.4,0,2.7,321.8,67.3,1009.2
2003030200,5.5,0,2.1,322.9,65,1013.3
2003030206,6.1,0,1.7,303,59.5,1015.2
2003030212,15.1,0,3.6,215,23.5,1011.2
2003030218,10.9,0,3.7,224.2,34,1008.1
2003030300,9.6,1,1.8,248.1,67.7,1005.9
2003030306,8.6,0,3.8,336.6,63.8,1002.9
2003030312,8.3,0,4.7,359.3,49.2,1004.8
2003030318,1.7,0,2.9,0,64,1011.7
2003030400,-1,0,2.8,5.5,51.8,1017.3
2003030406,-0.2,0,2.3,336.6,47.2,1020.8
2003030412,5.2,0,2.8,28.7,25.5,1021.8
2003030418,2.3,0,1.8,8.4,45.7,1023.9
2003030500,0.2,0,1.2,293.5,60.5,1026.2
2003030506,2.4,0,1,290.3,59.2,1028.1
2003030512,7,0,2.8,90,42,1028.2
2003030518,5.6,0,1.3,26.2,48.5,1026.6
2003030600,5.3,0.1,1.5,26.6,62.5,1025.1
2003030606,5.5,6.9,3.8,70,81.5,1022.7
2003030612,5.9,6.5,4,63.4,81.8,1017.9
2003030618,6.9,2.5,2.8,15,83.2,1013.1
2003030700,6.2,1.5,3.8,340,82.8,1010.2
2003030706,5.6,0,3.8,336.7,78.8,1011.3
2003030712,7.2,0,2.4,350,68.3,1012.7
2003030718,4.6,1,2.8,16.5,77.3,1015.6
2003030800,3,0,3,346.6,70.7,1018.5
2003030806,4.5,0,3.6,349.8,58,1020.7
2003030812,6.7,0,3.7,6.8,48.8,1021.9
2003030818,3.6,0,2.4,333.4,65.7,1024.8
2003030900,1.9,0,2.5,326.6,69,1027
2003030906,3.6,0,4,340,55.3,1029.3
2003030912,7,0,4.3,35,42,1030.2
2003030918,3.6,0,2.9,3.3,54.5,1031.4
2003031000,2.2,0,1.8,340,60.7,1032.1
2003031006,4.1,0,3.4,343.4,53.3,1032.6
2003031012,6.3,0,4.3,26.6,53.2,1032.9
2003031018,3.5,0,3.2,0,51.5,1034.6
2003031100,1.5,0,2.5,330,58.5,1035.1
2003031106,3.6,0,2.6,358.8,55.2,1035.6
2003031112,7.9,0,4.1,66.6,40.8,1034.9
2003031118,4.9,0,2,0.5,57,1035.4
2003031200,2,0,1.1,281.5,71,1036.2
2003031206,4.1,0,1.2,349.7,65.3,1036.3
2003031212,9.1,0,3.1,97.9,42,1034.9
2003031218,6.6,0,1.6,42.1,56.2,1034.2
2003031300,3,0,0.4,333.4,73,1033.4
2003031306,5.5,0,0.9,201.3,64.7,1033.4
2003031312,12.1,0,3.1,107.7,30,1030.3
2003031318,7.5,0,2.1,354.9,51.8,1030
2003031400,3.3,0,0.8,302,69.5,1030.1
2003031406,5.6,0,0.6,254.6,63,1029.1
2003031412,12.1,0,3.2,143.3,42.2,1025
2003031418,9.7,0,2,219.5,48.7,1023.1
2003031500,7.1,0.1,1.2,306.9,72.7,1021.2
2003031506,7.2,0.2,1.5,335.8,78.7,1021.1
2003031512,8.8,0.1,1,334.3,73.8,1021.8
2003031518,8.2,0,1.2,284.7,77.3,1022.2
2003031600,6.4,0,0.5,308.4,84.8,1021.3
2003031606,7.1,0.1,1.2,339,84,1019.8
2003031612,8.7,4.9,1.9,26.2,79,1016
2003031618,7.9,0,0.9,317.1,86,1015.4
2003031700,7.5,0.5,0.5,301.9,88.2,1016.1
2003031706,7.7,0.5,1.5,1.4,83.7,1017.8
2003031712,7.3,0,3.4,13.4,71.3,1019.3
2003031718,6,0,2.5,343.4,74.5,1021.6
2003031800,4.9,0,3,336.7,76.3,1022.8
2003031806,6.8,0,2.2,350,59.5,1023.7
2003031812,11,0,2.3,99.7,37.3,1021
2003031818,7.4,0,1.9,217.7,55.5,1020
2003031900,5.2,0,2.4,346.8,45.8,1020.5
2003031906,6.8,0,2.9,339.6,43.2,1022.5
2003031912,10,0,4.4,76.6,38.5,1021.8
2003031918,6.3,0,2,350,54.5,1021.6
2003032000,2.2,0,0.6,296.5,75,1022.1
2003032006,5.5,0,0.9,207,65,1022.9
2003032012,12.3,0,3.9,125,42,1022.9
2003032018,8.1,0,1.8,39.2,55.3,1023.9
2003032100,3.3,0,1.1,283.4,76.5,1025.6
2003032106,6.6,0,1.9,260,62,1025.8
2003032112,12.8,0,4.1,112.4,35,1024.8
2003032118,8.7,0,2.3,38.4,48.3,1024
2003032200,8.4,0,3.2,21.6,53.5,1024.1
2003032206,9.2,0,4.3,9,50.5,1025.4
2003032212,11.8,0,5,60,42.7,1026.2
2003032218,7.9,0,1.2,358.9,60.7,1026.3
2003032300,4,0,0.5,318.7,78,1026.1
2003032306,7.7,0,0.5,60.7,66.8,1025.7
2003032312,17,0,4.5,183.4,28.3,1022.4
2003032318,13.1,0,1.5,191.7,33.8,1021.4
2003032400,7.7,0,0.8,260.3,52.5,1020.2
2003032406,9.3,0,0.8,235.4,52.7,1019.5
2003032412,15.8,0,3.2,106.6,43.2,1016.5
2003032418,12.1,0,1.1,231,69.8,1015.1
2003032500,9.1,0,1.5,260.2,74.2,1015.6
2003032506,10.5,0,2.7,312.3,60.7,1016.4
2003032512,16,0,4,296.6,29.3,1015.9
2003032518,11.9,0,1.8,314.2,44.2,1017.2
2003032600,7.2,0,0.8,280,51.5,1019.6
2003032606,10.3,0,1.2,200.7,41.8,1020.3
2003032612,19.4,0,4,143.2,24.5,1016.9
2003032618,14.9,0,4.4,230,36,1014.4
2003032700,12.8,0,2,229.8,58.8,1012.2
2003032706,12.7,1.5,3.6,246.1,75,1009.2
2003032712,15.8,1.5,4.2,298.5,34.8,1008.2
2003032718,10.7,0,4.9,320,24.5,1010.4
2003032800,4.9,0,1.3,351.2,48.2,1013.8
2003032806,7.3,0,2,19.5,49,1014.7
2003032812,12.9,0,3.4,113.7,37.2,1012.2
2003032818,10,0,2.1,215,50.8,1010.7
2003032900,6.9,0,0.7,251.9,63.7,1010.7
2003032906,8.6,0,1.3,320.7,48.7,1012.2
2003032912,14.3,0,3.5,130.1,41.5,1012.7
2003032918,11,0,2.5,212.6,60.7,1013.6
2003033000,8.4,0,0.5,298.4,65.5,1014
2003033006,11.3,0,1,281.4,44.3,1014.3
2003033012,18.9,0,4.6,212.9,28.3,1013.2
2003033018,15.7,0,2.9,225.1,45.7,1013
2003033100,13.9,0,0.8,108.4,60.5,1012.8
2003033106,15.5,0,0.6,44.3,69.5,1012.8
2003033112,20,0,4,231.8,64,1011.2
2003033118,13.9,1.5,3,34.2,74.2,1012.7
2003040100,12.2,0,3.2,24.9,69.7,1015.1
2003040106,11.9,0,4.4,35,64.2,1015.7
2003040112,13.2,0,5.4,48.4,48.8,1013.8
2003040118,10.8,0,3.9,24.9,62.5,1014.5
2003040200,10.2,0,2.7,356.7,66.2,1013.7
2003040206,11.5,0,4.1,10,58.2,1013.7
2003040212,12.4,0,5.8,50,42.8,1014
2003040218,10.3,0,4.4,20,57.8,1015.5
2003040300,9.7,0,3.7,16.7,64.3,1015.8
2003040306,11.2,0,4.3,23.2,56.7,1016.3
2003040312,13.5,0,5.5,48.4,43.5,1015.1
2003040318,10.9,0,2.7,7.9,57.8,1014.8
2003040400,9.9,0,2.1,326.6,63.7,1013.4
2003040406,10.1,0.3,2.3,339.1,68.8,1013.5
2003040412,11.9,0.2,4.4,37.1,55.2,1013
2003040418,10,0,3.5,3.4,49.7,1014.1
2003040500,8,0,3.3,336.7,58.3,1014.8
2003040506,9.9,0,4.3,346.6,50.3,1015.7
2003040512,14,0,5,54.5,35.2,1015
2003040518,10,0,1.6,10,52.2,1015.6
2003040600,6.7,0,0.6,298.1,66.5,1016.2
2003040606,12.3,0,1,343,41.8,1016.2
2003040612,20.8,0,3.7,84.2,24.5,1014.9
2003040618,16,0,1,297.9,43,1015.2
2003040700,11.1,0,1.3,290,50,1016.8
2003040706,13.4,0,1.2,234.9,44.7,1016.7
2003040712,18.7,0,5.4,218.2,23.7,1013.5
2003040718,13.3,2.5,3.6,194.9,69.7,1012
2003040800,12.8,12.5,3.8,154.9,87.8,1003.1
2003040806,13.1,0,3.5,270.4,73.3,1001.7
2003040812,14.3,0,4.8,315.1,48.3,1007.6
2003040818,11.8,0,1.5,8.9,67.3,1013.2
2003040900,9.6,0,1.3,27.7,78.5,1016
2003040906,9.2,0,3,0,73.5,1017.9
2003040912,9.1,0,4,10.2,66.2,1021.1
2003040918,7.7,0,2.2,350,61.3,1024.2
2003041000,4.1,0,0.8,299.6,76.3,1026.9
2003041006,7.9,0,1.3,199.1,64.5,1028.1
2003041012,14,0,3.3,127.1,35.7,1027.1
2003041018,9.8,0,2.1,84.9,54.5,1025.5
2003041100,8.1,0,1.1,276.8,68.3,1022.8
2003041106,10,0.4,1.3,260,76.5,1018.8
2003041112,12.7,1.2,3.1,198.2,86.2,1013.8
2003041118,13.5,0.4,0.7,347,91,1010.8
2003041200,13.8,0,0.7,353,92.7,1009.2
2003041206,15.8,0,1.4,270,80.2,1008.2
2003041212,21.5,0,3,109.5,55.2,1004.7
2003041218,19.5,0,1.9,338.7,38.3,1005.2
2003041300,14.7,0,2.6,342.9,29,1009.8
2003041306,15.4,0,4,326.4,29.2,1011.2
2003041312,21.1,0,3.8,287.9,19.8,1010.1
2003041318,15.1,0,1.5,115,58.8,1011.3
2003041400,13.7,0,1.1,335,39,1013.5
2003041406,14.3,0,1.1,225,35.2,1014.8
2003041412,19.4,0,4,127.1,29.3,1013.3
2003041418,14.6,0,2.7,186.5,65.8,1014
2003041500,9.7,0,1,286.7,83.5,1015.7
2003041506,14,0,1.1,214.4,59.5,1017.4
2003041512,20.8,0,3.8,135.1,30,1017.4
2003041518,15.6,0,1.6,45.6,53.8,1019.4
2003041600,10.4,0,0.8,276.6,71.7,1021.1
2003041606,15.1,0,1,132.2,51.5,1022.6
2003041612,24.2,0,4.9,170.2,21.3,1020.8
2003041618,19.1,0,3.4,229.8,22.5,1020.5
2003041700,15.7,0,2.4,226.3,28.7,1020.4
2003041706,19.5,0,4.3,243.2,45.5,1020.6
2003041712,25.1,0,5.1,233.5,38.8,1018.6
2003041718,20.2,0,4.2,209.9,59.5,1017.7
2003041800,18,0,2.3,222.9,67,1018.2
2003041806,19.5,0,2.5,220.1,62.5,1017.1
2003041812,22.4,0,5.4,218.2,52.2,1013.5
2003041818,19.5,6.5,3.5,228.4,77,1009.5
2003041900,18.8,8,2.1,168.3,87.7,1006.4
2003041906,11.6,0,3.6,56.4,86.3,1009.3
2003041912,11.1,0,3.1,26.6,77.5,1013.3
2003041918,10.5,1.5,1.6,343.4,81.8,1014
2003042000,9.9,3.5,1.2,327.2,87.2,1013.6
2003042006,10.6,7.5,1.2,345.9,87.2,1014
2003042012,13.6,0,1.3,175.5,74.2,1013.1
2003042018,13.2,0,1.2,49.4,80.7,1012.8
2003042100,12.2,0,3.5,310.4,65.3,1015.9
2003042106,12.7,0,3.3,353.9,55.7,1020.7
2003042112,14.4,0,5.6,45.1,46.3,1024
2003042118,10.9,0,2.9,18.2,59,1026.1
2003042200,10.1,0,1.6,18.2,60.5,1027.6
2003042206,12.2,0,2.7,58.4,55.5,1026.1
2003042212,14.5,0,2.8,97.5,51,1022.8
2003042218,12.7,0,1.8,151.8,63,1020.5
2003042300,11.3,4,0.9,350,79.3,1018
2003042306,11.2,12,0.8,11.4,88.3,1015.8
2003042312,12.7,16,0.4,41.6,89,1012.6
2003042318,12.8,1.5,0.6,301.5,88.2,1011.2
2003042400,12.5,0.1,0.9,325,88.7,1011.8
2003042406,15.7,0,2.3,16.2,69,1013.1
2003042412,16.9,0.4,3.5,76.6,60.7,1013.2
2003042418,13.5,3.5,0.8,31.3,84.8,1013.3
2003042500,12.6,6,0.7,33.4,89.2,1011.5
2003042506,13,6,1.2,13.4,89.8,1008.7
2003042512,13.4,32,1.9,45.3,89,1005.8
2003042518,12.3,2,2.5,333.4,86.7,1004.1
2003042600,11.6,0,0.8,7.9,82.8,1008.9
2003042606,14.2,0,1.1,2.6,70.8,1013
2003042612,17.8,0,3.8,136.3,57.3,1013.5
2003042618,14.7,0,1.4,260,80,1014.2
2003042700,12.6,0,0.7,5,84.3,1015.7
2003042706,17.1,0,1.4,156.6,62.8,1017.2
2003042712,24,0,4.3,162,31.2,1016.5
2003042718,19.8,0,2.1,245.5,42,1016.4
2003042800,14.2,0,0.7,290.6,70.7,1018.3
2003042806,18,0,1,203.7,53.3,1020.5
2003042812,24.5,0,3.3,134.7,29.2,1018.8
2003042818,19.9,0,1.6,165.6,40.5,1018.3
2003042900,15.1,0,0.2,326.2,57,1017.9
2003042906,17.4,0,1.9,290.6,61.2,1014.8
2003042912,18.6,16,5.4,190,78.5,1008
2003042918,16.5,10.5,3.3,145,86.8,1002.7
2003043000,12.4,2.1,1.4,11.5,87.5,1008.3
2003043006,15.3,0,1.7,349.8,66.3,1012.5
2003043012,20.9,0,3.4,306.1,32.8,1011.5
2003043018,17.8,0,2.1,303.2,32.3,1011.4
2003050100,11.6,0,1,131.6,52,1015.5
2003050106,14.9,0,1,253.9,39,1017.9
2003050112,20.9,0,3.5,113,30.5,1016.7
2003050118,17.4,0,1.3,292.1,46.8,1015.6
2003050200,12.5,0,0.5,286.8,58.8,1016
2003050206,17,0,1.2,224.7,52,1016.3
2003050212,25.2,0,3.6,225,31.3,1013.2
2003050218,19.5,0,2,255.9,50.2,1012.2
2003050300,15.4,0,0.8,289.5,60.5,1013.3
2003050306,19,0,1.5,210.9,49.3,1013.7
2003050312,23.2,0,3.6,96.8,44.5,1012.7
2003050318,19.4,0,0.9,26.3,61.3,1012.9
2003050400,16,0,0.5,320.4,71,1013.9
2003050406,17.5,0,1.5,21.6,57.8,1015.6
2003050412,20.8,0,1.6,46.3,41.7,1015.2
2003050418,16.2,0,1.4,57.2,66.3,1014.5
2003050500,12,0,1.5,3.4,84,1016.2
2003050506,15.5,0,2.5,26.8,70,1016.7
2003050512,19.2,0,4.5,66.7,55.8,1014.6
2003050518,15,0,2.1,21.3,72.5,1013.8
2003050600,13.8,0,1.3,24.9,80.8,1013.2
2003050606,15.9,0,1.4,46.9,73,1012.6
2003050612,17.1,0.1,1.7,80,74.8,1010.6
2003050618,16,1.9,0.3,12.8,90.8,1009.2
2003050700,16.9,0.5,0.5,38,92,1007.8
2003050706,19,13.5,1,58.4,91.5,1005.9
2003050712,19.5,32.5,1.6,51.8,92,1001.5
2003050718,12.6,12,3.6,40.4,87.5,1002.2
2003050800,10.2,2,3.7,0,83.3,1006.6
2003050806,10.9,0.5,3.9,6.6,71.5,1012.4
2003050812,13.1,0,4.6,26.6,51,1015.8
2003050818,10.5,0,2.7,343.1,58.5,1018.2
2003050900,6.5,0,0.5,327.6,79,1019.2
2003050906,11.1,0,1.5,20,57.3,1021.1
2003050912,16.8,0,2.9,92.9,29.5,1020.2
2003050918,12.4,0,1.1,336.7,52.8,1019.4
2003051000,8,0,0.8,288.4,72.3,1019.6
2003051006,13,0,0.7,70,58.3,1019.5
2003051012,19.6,0,3.2,133.4,38.8,1018
2003051018,14.4,0,1.1,43.2,55.5,1018.2
2003051100,10.5,0,0.7,308.4,74.2,1019
2003051106,14.3,0,1.5,311.2,64.5,1019
2003051112,20.3,0,3.5,83.6,47.5,1018.5
2003051118,16.1,0,1.4,350,75.3,1018.8
2003051200,13.3,0,1.1,270.4,86,1020.1
2003051206,16.9,0,1.7,241.7,71.5,1021.7
2003051212,21.4,0,3.8,127.1,59.2,1020.5
2003051218,17.8,0,1.5,70,77.2,1020.1
2003051300,15,0,0.6,292.8,87.7,1019.9
2003051306,17.5,0,0.9,182.1,78.7,1019.5
2003051312,22.9,0,4.3,160,60,1017.9
2003051318,19.8,0,2.4,188.1,74.3,1016.8
2003051400,18.2,0.5,0.8,326.2,82.3,1015.5
2003051406,18.3,8.5,2.2,26.6,84.2,1013.3
2003051412,16.5,1,4,4.3,83.3,1011.6
2003051418,14.5,2.5,3.2,0,86.5,1010.8
2003051500,14.1,0.5,3.9,356.7,85.3,1009.8
2003051506,14.4,0,3.9,3.3,80.5,1009.7
2003051512,15.4,0,4,0,76.8,1010
2003051518,15,0,3.2,6.6,70.2,1011.5
2003051600,13.9,0,2.7,350,75,1013.2
2003051606,16.1,0,2.7,11.2,62.3,1014
2003051612,19.3,0,4.6,62.3,35,1013.5
2003051618,14.9,0,1.9,12.7,54,1013.8
2003051700,11.2,0,0.9,283.4,71.2,1013.3
2003051706,16,0,1.5,75.2,52.5,1012.3
2003051712,21.7,0,3,96.6,29.7,1011.1
2003051718,16.3,0,1.4,323.1,49.3,1009.3
2003051800,12.4,0,0.8,289,71.3,1009.8
2003051806,17.4,0,0.8,219.7,53.3,1009.2
2003051812,23,0,2.7,140,46.7,1007.6
2003051818,18,0,1.6,140,68.7,1008.1
2003051900,15.4,0,0.6,331.2,84.5,1009.2
2003051906,17.4,0,1.7,41.3,75.2,1010.4
2003051912,21.8,0,3.2,132.3,57.5,1010
2003051918,17.4,0,1.6,136.5,76.3,1010.4
2003052000,15.3,0,0.6,296,85.7,1010.6
2003052006,18.9,0,1,218.9,71.3,1011.3
2003052012,23.9,0,2.5,110.2,52.8,1010.3
2003052018,19.3,0.3,1.4,277.3,75,1010.8
2003052100,15.1,0,1.3,277.5,78.7,1012.8
2003052106,19.1,0,1.4,241.7,63,1014.9
2003052112,23.4,0,2.9,146.6,51.5,1014
2003052118,18.7,0,2,92.3,76,1014.4
2003052200,16.5,0,0.6,334.5,86.2,1015.3
2003052206,18,0,1.2,6.3,78,1015.3
2003052212,24,0,2.6,131.5,34.2,1014.1
2003052218,19.2,0,1.4,245.3,57.2,1013.8
2003052300,14.5,0,0.9,283.4,79,1015
2003052306,19.1,0,1.1,185.6,61.7,1015.8
2003052312,24.4,0,3.7,135.1,42.8,1014.8
2003052318,19.5,0,1.5,10,69.8,1014.7
2003052400,15.7,0,0.6,304.7,84,1015.3
2003052406,18.6,0,1.5,263.4,74.8,1015
2003052412,21.3,0,2.8,133.4,67.7,1014.1
2003052418,18.8,4,2.3,59.4,77.8,1013.9
2003052500,17.1,10,4.7,70,84.5,1012.8
2003052506,16.3,20.5,6.2,66.7,85.5,1011.2
2003052512,16.2,18,5.3,63.4,86.7,1010.5
2003052518,16.1,17,4.4,63.4,87.7,1010.6
2003052600,16.4,29.5,3.2,66.7,88,1010.7
2003052606,16.5,20.5,3.5,60,89,1011.4
2003052612,17.9,1.5,3.1,31.8,82.2,1011.9
2003052618,16.6,0,1.1,341,83,1011.2
2003052700,14.1,0,0.6,312.4,89.3,1012.2
2003052706,19,0,2,117.9,72,1013.1
2003052712,21.8,0,3.8,38.2,59,1014.2
2003052718,17.6,0,1.8,6.6,74.8,1014.6
2003052800,16.8,0,1,357.1,79.5,1015.6
2003052806,18.5,0,2.6,43.7,72.2,1015.7
2003052812,22.8,0,2.6,73.4,58.3,1014.3
2003052818,18.6,0,2.3,15,75.8,1014
2003052900,17.1,0,0.9,284.6,83.7,1014.5
2003052906,21,0,2.8,170.3,70,1013.8
2003052912,24.2,0,3.7,150,53.5,1012.4
2003052918,21.8,0,3.2,96.8,64.3,1011.8
2003053000,18.9,26,2.4,57.1,81.5,1010.6
2003053006,17.2,74.5,2.1,10,90,1009
2003053012,17.5,37,3.1,43.5,88.5,1008.6
2003053018,17.3,4,2.7,26.6,89.3,1006.4
2003053100,17.2,14,3.7,356.7,88.3,1003.6
2003053106,17.4,0,5.5,356.7,83.2,999.8
2003053112,19.3,0,4.5,350,74.7,1002.3
2003053118,18.1,0,1.5,334,71.2,1004.2
2003060100,14.1,0,0.5,300.7,88,1005
2003060106,16.4,0,1.1,210.5,86,1006.8
2003060112,22.1,0,3.3,140,60,1007
2003060118,17.9,0,1.9,106.2,77,1007.3
2003060200,16.6,0,0.8,288.6,84.7,1008.5
2003060206,19.8,0,1.5,300.5,67.3,1008.4
2003060212,24.1,0,3.6,103.1,51.5,1007.5
2003060218,19,0,1.7,26.1,60.5,1010.3
2003060300,13.4,0,0.9,306.2,79.8,1013.2
2003060306,18.4,0,0.8,322.4,56.5,1014
2003060312,24,0,2.6,76.8,23,1012.8
2003060318,18.5,0,1,349.3,57,1011.7
2003060400,13.8,0,0.9,291.6,72.3,1010.4
2003060406,19.6,0,1.4,185,53.7,1008.9
2003060412,25.3,0,3,117.5,31.5,1007
2003060418,20.8,0,1,100.5,42.7,1007.2
2003060500,16.7,0,0.5,299.2,70.2,1007.8
2003060506,22.1,0,1,305,52.8,1008.8
2003060512,26.5,0,3.4,121.8,37.3,1008.1
2003060518,21.5,0,1.5,39.2,64,1007.8
2003060600,17.5,0,0.3,316.2,76.7,1008.2
2003060606,21.6,0,0.9,206.1,59.7,1008.2
2003060612,27.6,0,2.8,163.4,41.2,1006.2
2003060618,21.9,0,1.2,8.9,64.8,1006.6
2003060700,18.6,0,1.1,318.8,79.5,1008.4
2003060706,21.3,0,1.4,10,67,1009.8
2003060712,26.1,0,3.7,104.7,42.5,1008.8
2003060718,22.5,0,1.1,289.7,60.3,1009.7
2003060800,18.6,0,1.2,298.7,75.8,1011.7
2003060806,22.6,0,1.1,242.7,61.3,1013.7
2003060812,27.4,0,3.3,135.1,39.7,1013.4
2003060818,22,0,1.7,30.3,51.8,1014.1
2003060900,18.1,0,1,270,66.3,1014.2
2003060906,21.5,0,2.6,15,66.7,1013.9
2003060912,25.6,0,3.8,55.3,52.5,1011.9
2003060918,20.9,0,2.9,6.4,68.5,1011.2
2003061000,19.3,0,1.6,353.2,75.3,1010.7
2003061006,21,0,2.8,10,72.8,1010.1
2003061012,22.5,0,3.3,26.6,66.8,1009.2
2003061018,20.7,0,1.9,13.4,72.8,1008.8
2003061100,19.1,0,1.3,336.6,78.8,1008.5
2003061106,20.6,0,2.7,8.1,72.8,1008.9
2003061112,22.7,0,3.6,31.8,66.8,1007.7
2003061118,20.5,0,1.7,16.5,76.7,1006.6
2003061200,19,7.7,1,310.9,87.3,1005.1
2003061206,19.4,26.5,0.9,70.9,90.8,1002.8
2003061212,20.8,11.5,2.9,103.4,91,999.6
2003061218,21.3,1.5,0.8,19.6,90.3,997.6
2003061300,19.6,0,0.8,281.9,90.7,1000.7
2003061306,22.8,0,2,293,66.7,1003.5
2003061312,27,0,2.5,12.8,42,1004.3
2003061318,23,0,1.2,298.7,62.3,1005.3
2003061400,20.9,0.3,0.5,53.7,74.7,1006.6
2003061406,22,0,1.1,270.3,64.7,1006.6
2003061412,25.8,0,3,205,49,1005.3
2003061418,22.1,0,1.8,276,62.2,1006.2
2003061500,18.5,0,0.8,309.4,74.7,1007.9
2003061506,21.4,0,1.2,161.2,67.8,1008.5
2003061512,25.4,0,3.8,133.8,48.7,1008.2
2003061518,21.8,0,2.3,155,69.7,1009.2
2003061600,19.5,0,1.2,255.7,82.3,1010.2
2003061606,20.7,0,1,219.6,78.5,1011.2
2003061612,24.4,0,2.9,130.1,59.2,1010.8
2003061618,21.8,0,1.9,96.8,75.8,1011.2
2003061700,18.9,0,0.6,330.5,87.3,1012.2
2003061706,22,0,0.9,280.3,65.8,1012.4
2003061712,26.2,0,3.4,106.5,54.8,1010.9
2003061718,23.1,0,2.5,193.9,67.7,1010.3
2003061800,19.7,0,0.4,310.9,81.2,1010
2003061806,21.6,0,1.7,253,73.8,1010
2003061812,24.3,0,3.4,217.1,66.2,1009.1
2003061818,22,0,2.5,186.8,78,1007.5
2003061900,20.5,8,1,279.4,87.2,1006.7
2003061906,20.6,31.5,2.1,31.6,90.8,1003.8
2003061912,20.9,98,8.3,16.9,87.8,991.8
2003061918,21.9,1,2.3,344.5,80,996.8
2003062000,19.7,0,0.9,276.4,87.7,1003.5
2003062006,23.1,0,0.8,224.6,74.8,1006.6
2003062012,28,0,2.4,94.2,56.2,1006.5
2003062018,24.4,0,1.5,341.8,72.2,1007.4
2003062100,21.7,0,0.7,338.2,84,1009
2003062106,24.2,0,1.3,259.5,75.2,1010.4
2003062112,28.8,0,1.9,90,56.3,1009.8
2003062118,25.4,0,2,253.9,69.7,1009.9
2003062200,23.3,0,1.1,310.4,76.7,1010.2
2003062206,25.8,0,1,218.2,68.2,1010
2003062212,28.3,0,3.4,111.6,57.5,1008.5
2003062218,23.2,0,2.7,104.7,72.2,1008
2003062300,20.8,0,1.1,106.3,82.2,1007.7
2003062306,21.1,1.5,2,87.4,85.2,1005.7
2003062312,21.8,25,2.5,125.5,90,1000.7
2003062318,22.5,0,1.2,77.8,88.2,996.5
2003062400,21.8,0,0.7,325,87,995.7
2003062406,24.8,0,2.9,238.5,67.7,995.8
2003062412,28.4,0,4.7,235.3,48.8,995
2003062418,24.5,0,3.4,243.4,58.5,995.9
2003062500,21.4,0,4.2,243.2,62.5,996.9
2003062506,22.7,0,2.9,283.3,57.3,997.5
2003062512,24.8,0,3.5,246.6,53.8,998.7
2003062518,22.7,0,1.8,350,66.8,1000.2
2003062600,20.2,0,1,323.7,80.3,1003.2
2003062606,22.5,0,2,222.8,72.2,1005.2
2003062612,22.9,0,3.5,143.3,70.7,1006.5
2003062618,21.5,0,2.2,136.3,77.7,1007.3
2003062700,20.8,0,2,119.6,83.5,1007
2003062706,19.9,29,2.8,90,88.2,1005.6
2003062712,19.7,26.5,1.3,39.6,89.7,1001.4
2003062718,21.7,1,1.2,88.9,90,996.7
2003062800,22.1,0,2.6,122.9,84.2,996.8
2003062806,20,0,1.4,65.6,85,1001.3
2003062812,21.6,0,1,343.3,79.2,1004
2003062818,21.1,0,1.2,266.9,82,1005.2
2003062900,18.7,0,0.8,301.4,90.5,1006.2
2003062906,22.2,0,0.7,261.7,77.8,1007.1
2003062912,27.2,0,2.2,85.4,58.5,1005.3
2003062918,24.9,0,1.2,292.4,71.7,1004.9
2003063000,21.4,0,0.9,310.5,84.2,1006.3
2003063006,22.8,0,1,289,78,1007
2003063012,25.7,0,2.6,228.5,63.7,1006.5
2003063018,22.8,0,2,252.4,70.8,1006.3
2003070100,20.5,5,1.3,3.4,84.2,1006.3
2003070106,20,5.5,1.3,300.9,87,1007.5
2003070112,24.3,0.5,2.4,38.4,61.5,1007.7
2003070118,21.8,0,2,357.3,71.7,1008.8
2003070200,19.2,0,1,293.2,84.8,1011.4
2003070206,22.7,0,2.4,58.2,71.7,1012.6
2003070212,25.4,0,3.3,130.1,59.7,1012.5
2003070218,22.1,0,2.3,122.9,73.5,1011.8
2003070300,20.6,23.5,2.7,123.5,87.7,1009.2
2003070306,22.8,43,3.6,182,90,1001.2
2003070312,22.9,1.5,2.4,129.3,82.8,999
2003070318,19.5,7,1,271.8,90.7,1002.8
2003070400,19.5,0,1,269.3,90.2,1006
2003070406,19.8,0.5,0.9,199,87.7,1008.2
2003070412,21,0,2,145.8,74.8,1008.5
2003070418,19.4,0.5,2.2,220.4,82.5,1007.2
2003070500,18.4,57.5,1.6,24.4,89.2,1006
2003070506,19,22.5,1,315.3,92,1005.1
2003070512,21.8,0.5,1.3,324.9,85.5,1004.8
2003070518,21.4,0,1.2,90.3,85.5,1006
2003070600,20.1,0,0.6,18.2,91.3,1007.2
2003070606,21,3.5,0.7,74.3,90.2,1006.8
2003070612,21.3,39.5,1.2,62.3,91,1006.6
2003070618,21,7,0.9,12.5,91.2,1004.3
2003070700,19.6,2,0.9,292.8,91,1006.9
2003070706,20.9,0,0.4,337.9,88.7,1008.9
2003070712,21.2,4.5,2.1,76.8,84.3,1010.2
2003070718,19.9,1.5,1.5,34.1,88.8,1010.2
2003070800,19.7,0,0.4,4.3,89.3,1010.8
2003070806,20.8,0,1,46.4,85,1011.5
2003070812,22.1,0,1.7,62.4,79.3,1011.4
2003070818,21.3,0,0.6,295,85.2,1011
2003070900,21.1,0.3,0.6,317.6,89.3,1009.8
2003070906,23.7,9.7,0.8,236,90.3,1008.4
2003070912,27.8,0,3.8,193.4,71.3,1007.1
2003070918,26,0,3.3,200,79,1006
2003071000,25.1,1,3.3,195,85.2,1003.8
2003071006,25.5,0,3.2,226.8,81.5,1003.2
2003071012,25.3,0,1.6,288.5,77.2,1005.5
2003071018,24.1,0,0.7,285.1,84.2,1006.3
2003071100,22.1,10.5,1,38,89.2,1005.8
2003071106,21,17,1.4,44.2,88.3,1006.5
2003071112,21.5,18.5,1,8.1,89.5,1006.3
2003071118,21,4,0.9,300.7,89.8,1007.5
2003071200,20.5,0,1.4,335.6,88.7,1008.9
2003071206,21.7,0,1.2,0,82.2,1009.9
2003071212,22.2,0.1,2.1,46.8,79,1010.2
2003071218,21,0.2,1,20,83.8,1009.3
2003071300,20.2,11.5,1.7,78.3,90.8,1006.5
2003071306,19,33.5,2.8,40.1,89.8,1005.2
2003071312,18.9,1.5,2.3,3.4,83,1004.8
2003071318,20,0,2.4,0,77.8,1005
2003071400,19.5,0,2,0,79,1005.8
2003071406,21.6,0,2.5,29.9,71.2,1006.5
2003071412,23.4,0,4.2,56.6,63,1006.5
2003071418,20.6,0,2.1,20.2,76.3,1007
2003071500,19.9,0,1.6,8.1,79,1007.7
2003071506,20.8,0.5,3,40.1,76.8,1008.3
2003071512,23.5,0,4.5,60,62.3,1007.8
2003071518,20.6,0,2.6,20.2,73.5,1008.8
2003071600,19.5,0,1.4,353.9,77.3,1010
2003071606,21.7,0,2.3,12.2,69.7,1011
2003071612,23.9,0,4.5,70,59.7,1011
2003071618,20.4,0,2.6,27.7,72.5,1011.8
2003071700,18.1,0,1,280,83.5,1012.3
2003071706,20.8,0,2,70,71.7,1012.5
2003071712,22.6,0,3.1,73.4,62.7,1011.4
2003071718,20.5,2,1.8,24.3,79.5,1010.6
2003071800,19.8,23.5,1.5,345.9,90.7,1007.6
2003071806,22.2,22,3.2,166.5,91.5,1003.7
2003071812,23.7,29,2.8,180.9,88.7,1000.5
2003071818,24.4,0,2.7,212.6,74.3,1000.2
2003071900,21.7,0,1.7,189.9,79.7,1002.6
2003071906,24.6,0,3.3,198.2,69.2,1004.1
2003071912,28.9,0,5.1,209.9,50.7,1004.8
2003071918,26,0,2.8,231.5,64.3,1006.5
2003072000,23.5,0,0.7,21.6,80.7,1007.1
2003072006,25.3,0,1.5,63,78.5,1007.6
2003072012,25.4,0.2,2.4,90.6,77.3,1007.8
2003072018,23.5,0.3,1.4,291.5,82.7,1009.1
2003072100,21.2,0,1.1,317.2,89.7,1009.2
2003072106,23.9,0,1.2,16.4,81,1010.8
2003072112,27.2,0,3.2,65.6,64.2,1011.1
2003072118,23.4,0,1.8,16.7,76.2,1013
2003072200,22.2,0,0.9,16.7,82.2,1013.6
2003072206,22.1,1.5,0.9,19.1,87.3,1014
2003072212,23.3,1,2.2,146.1,86.5,1012.2
2003072218,23.5,0,0.9,170.7,90.2,1010.8
2003072300,24.9,2.5,2.2,209.9,86.7,1008.3
2003072306,26.1,6.5,2.6,202.4,82.8,1007.8
2003072312,29.5,0,3.2,171.8,64.8,1006.8
2003072318,23.4,0,1.6,60.8,78.7,1008.7
2003072400,21.8,0,1.2,26.6,84.7,1010.8
2003072406,23.4,0,1.2,137.1,76.2,1012.2
2003072412,26,0,2.2,146.1,71.7,1012.8
2003072418,22.6,0.5,1.6,18.9,83.7,1013.7
2003072500,21.5,0.1,0.9,169.3,86,1011.8
2003072506,20.8,30.9,2,350,89.8,1012.3
2003072512,22.6,0.5,2.1,29.1,82.5,1012
2003072518,21.8,0,1.6,356.7,82.8,1013
2003072600,20.9,0,1.4,5.1,86.8,1013.3
2003072606,21.8,0,2,28.1,77.5,1013.7
2003072612,22.8,0,2.9,26.6,72.5,1013.3
2003072618,21.5,0,2,3.3,74.8,1013.2
2003072700,20.3,0,2.1,349.8,79.5,1013.5
2003072706,22,0,2.2,19.7,73.7,1013.2
2003072712,23.7,0,3,35,67.2,1012.8
2003072718,21.4,0,1.4,353.4,78.3,1012.5
2003072800,20,0,0.7,298.9,84,1011.7
2003072806,22.6,0,1,104.9,76.3,1010.8
2003072812,26,0,3.3,125,64.8,1008.7
2003072818,24,0.1,1.9,200,78.7,1006.8
2003072900,22.7,9.9,1.1,243.2,88.8,1005.3
2003072906,25,5.5,1.5,193.1,86.7,1003
2003072912,27.2,0,2,81,74.3,1000.1
2003072918,23.3,0,1.8,356.6,78,1002.6
2003073000,22.3,0,1.9,356.7,77.3,1004.8
2003073006,23.2,0,2.2,346.1,72.2,1006
2003073012,25.6,0,3.2,47.4,61.5,1006.1
2003073018,22.2,0,2.2,18.5,73.7,1007
2003073100,21.4,0,1.2,3.4,78.8,1008
2003073106,22.3,0,2.1,10,73.5,1008.6
2003073112,25.2,0,3.2,73.4,62,1008.3
2003073118,22,0,2.4,40.1,76.7,1007.7
2003080100,21.1,0,0.9,16.7,79.3,1007.3
2003080106,23,0,1.2,12.1,71.7,1007.5
2003080112,27.4,0,2.9,127.1,58.7,1006.3
2003080118,23.6,0,2.1,185.5,76.8,1006.1
2003080200,21.1,0,0.7,298.4,87.2,1006.5
2003080206,26.6,0,1.5,288.2,64.3,1006.2
2003080212,32.4,0,3.7,195,47.5,1005.2
2003080218,27.5,0,2.3,239.8,67.5,1006.7
2003080300,24.4,0,0.5,314.3,79.5,1007.3
2003080306,28.1,0,1.5,220.2,67.8,1007.4
2003080312,32.6,0,4.3,223.8,54.5,1006.8
2003080318,29,0,2.1,271.9,68.8,1007.2
2003080400,26.6,0,0.6,336.9,80.2,1008.2
2003080406,28.2,0,1.2,291.7,73.7,1008.7
2003080412,30.2,1,3,14.1,64.2,1008.2
2003080418,23.9,14.5,1.6,350,87.7,1010.8
2003080500,23.1,0,1,295.8,87.8,1011.1
2003080506,25.6,0,1.1,15.6,78,1011.8
2003080512,28.4,0,3,80,67.5,1010.8
2003080518,24.6,0,1.8,13.6,78.7,1010.9
2003080600,23.5,0,1.1,316.9,82,1010.3
2003080606,25.9,0,0.9,315,76,1009.1
2003080612,31.8,0,2.7,230,54.5,1007.4
2003080618,28.8,0,2.2,242.5,68.3,1006.9
2003080700,25.9,0,0.7,343.6,82.2,1006.2
2003080706,24.4,14.5,2.1,279.9,83.5,1005.2
2003080712,21.4,9,2,174.7,85.3,1004.7
2003080718,21.5,0,1.4,338.5,84.5,1003.2
2003080800,20.6,0,0.7,295,86.2,1000.3
2003080806,23.3,0,2.4,327,76.7,997.8
2003080812,28.5,0,4.2,16.2,53,995.3
2003080818,24.3,0,3.4,332.1,65.7,994.3
2003080900,22.7,0,2.7,353.4,68.3,994.1
2003080906,25.4,0,1.8,290.3,60.5,996.1
2003080912,29.7,0,3,107.6,48,997.2
2003080918,25.6,0,3,164.9,68.8,999.8
2003081000,22.9,0,0.9,289.6,82,1001.7
2003081006,26.3,0,1,228.9,72.3,1002.7
2003081012,30.3,0,2.8,62.9,61,1001.5
2003081018,27.1,0,1,275.1,74,1003.1
2003081100,24.8,0.2,2,341.3,77.5,1003.9
2003081106,21.7,18.8,1.5,15,88.3,1004.9
2003081112,23.9,1.5,1.3,27.5,80.3,1005
2003081118,23.3,0,0.9,2.3,81.5,1006.1
2003081200,21.8,0,1.3,294.3,86.7,1007.7
2003081206,24.9,0,1,240.9,71.7,1009.2
2003081212,29.3,0,2.2,0,42.2,1009.2
2003081218,24.4,0,1.6,337.1,65.3,1011.1
2003081300,20.1,0,0.6,301.9,76.5,1012.6
2003081306,21.8,0,1.2,293.5,70.3,1012.7
2003081312,25,0,2.9,35,63.5,1011.8
2003081318,22.8,4.5,1.9,356.9,74.2,1011.9
2003081400,21.4,0,1.4,10.5,84.2,1011.7
2003081406,23.5,1,3.8,4.4,72.7,1011.3
2003081412,26.1,0,5.9,45.1,56,1011.2
2003081418,23.2,0,3.7,13.4,67.8,1012.1
2003081500,22.7,0,3.9,24.9,70.3,1012.7
2003081506,24.2,0,4.5,50,62.5,1013.4
2003081512,26.2,0,5.6,50,54,1013.6
2003081518,23.6,0.1,4,31.8,69.8,1014.5
2003081600,23.5,0,4,55.3,71.2,1014.8
2003081606,24,0,3.7,45.1,69,1015.4
2003081612,24,0.5,3.9,45.1,73.8,1015.2
2003081618,21.8,7.5,2.3,23.7,85.2,1015.3
2003081700,21,0.7,1.9,322.7,88.5,1015.5
2003081706,22,0.1,1,332.1,84.5,1016.2
2003081712,23,0.2,1.4,32.3,81.2,1015.8
2003081718,22.5,0,1.1,0.3,81.3,1016.2
2003081800,20.9,8,1.1,320.7,89.7,1015.5
2003081806,21,12,1,360,90.8,1015.5
2003081812,22,10.5,1,43.2,88.8,1014.6
2003081818,20.8,8.5,1.2,289.8,90.7,1013.7
2003081900,20.8,11,0.4,339.5,91.8,1012.5
2003081906,22.5,4.5,0.6,238.7,88.5,1012.5
2003081912,26.5,0,1.9,72.4,75.2,1012.4
2003081918,24.7,0,0.9,233.3,84.7,1012.8
2003082000,23.4,0,0.3,298,91.2,1012.6
2003082006,24.8,8,0.8,254.6,89.2,1013.7
2003082012,27.2,24.5,1.9,224.3,81.3,1013.7
2003082018,27.2,0,2.4,226.3,77.8,1013.7
2003082100,25.7,0,1.1,252.9,83.3,1015.2
2003082106,26.9,0,1.2,70,78.3,1016.8
2003082112,30.2,0,1.9,91.1,67.3,1016.1
2003082118,27.4,0,1.2,43.8,83.8,1015.7
2003082200,26.1,0,0.6,338.3,87.2,1015.9
2003082206,28.6,0,1.4,340,74.7,1016
2003082212,34.2,0,4,231.8,40.3,1013.5
2003082218,29.3,0,2.3,223.1,60.5,1012
2003082300,26.1,0,0.8,289,76.2,1011.8
2003082306,28.5,0,1.3,276.4,65.5,1011.5
2003082312,32.9,0,2.7,244.9,41.8,1010.1
2003082318,28.4,0,2,279.7,69.8,1009.4
2003082400,25.7,0,1.2,287.3,80.5,1009.5
2003082406,27.7,0,2.3,228.1,67.5,1009.8
2003082412,32.1,0,4.2,250,46.8,1008.2
2003082418,28.2,0,3.6,200,71.2,1008
2003082500,26.2,2.5,3.5,220.1,82.7,1007.2
2003082506,25.3,7,1.4,253.3,83.5,1006.8
2003082512,26,5,1.4,145,80.7,1006.4
2003082518,24.1,0,1.6,44.5,85.2,1007.7
2003082600,23.2,0,1,344.5,86.2,1008.8
2003082606,24.2,0,1.5,17.7,80.7,1009.3
2003082612,26.7,0,3,59.8,67.7,1009.8
2003082618,23.9,0,1.4,29.9,77.5,1010.5
2003082700,22.7,0,0.7,308.4,82.7,1011
2003082706,23.4,0.5,0.7,27.5,84,1009.6
2003082712,23.7,9.5,2.3,176.3,75.8,1007.7
2003082718,22.1,9.5,1,270.9,89.5,1004.3
2003082800,24.6,4.5,1.8,231.8,88.2,1001.6
2003082806,27.7,0,2.9,238.1,68.5,1002
2003082812,29.8,0,3.5,330.7,56.3,1003.8
2003082818,24.5,0,1.8,33.2,78.8,1007.6
2003082900,23.1,0,0.7,331.8,84.8,1009.1
2003082906,25.2,0,0.8,316.8,76.3,1009.6
2003082912,29.4,0,2.2,2.6,52.8,1009.2
2003082918,24.3,0,2.6,16.7,73.7,1011.5
2003083000,22.3,4.5,1.2,340,84,1012
2003083006,21.5,3.5,1.1,345.9,86.8,1012
2003083012,22,4,1,8.7,86.8,1009.1
2003083018,20,3.5,1.8,304.2,89,1008
2003083100,20,6.5,0.8,353.3,91,1007.9
2003083106,20.7,1.5,1.4,1.1,87.7,1009.3
2003083112,22,0,1.3,335.6,80,1010.8
2003083118,20.8,0,1.1,265.8,88.2,1011.9
2003090100,20.5,0,0.7,321.9,88.7,1013.5
2003090106,21.5,0,0.6,282.6,86.8,1014.4
2003090112,22.9,0.1,1,282.6,87.3,1014.7
2003090118,22.4,0.4,0.5,299.2,90.7,1015.5
2003090200,22.4,0,0.5,311.2,92,1015.6
2003090206,25.8,0,0.9,190.3,82.8,1015.7
2003090212,28.1,1,2.8,181.3,76.7,1014.8
2003090218,23.4,2,1,337,88.8,1016.8
2003090300,22.7,0,0.7,320.7,91.3,1016.9
2003090306,26.1,0,1.3,66.9,80.2,1017.3
2003090312,27.8,5,1.8,59.9,73.2,1017.2
2003090318,25,0,1.1,329.5,80.8,1017.4
2003090400,22.6,0,1,291.6,87.7,1017.5
2003090406,25.8,0,1.1,350,73.3,1017.2
2003090412,28.2,0,3,109.7,67.7,1015.7
2003090418,26,0,2,139.9,80.7,1015.5
2003090500,24.5,0,1.4,232.3,86.2,1014.4
2003090506,26.9,0,2.7,223.4,74.3,1012.2
2003090512,31.5,0,4.6,226.8,54.8,1009.8
2003090518,28.1,0,3.8,201.6,67.8,1009.3
2003090600,26.6,0,1.6,219.1,76.5,1009.5
2003090606,25.3,1.5,2.3,14.7,78.5,1011.5
2003090612,25.3,0,3,55.3,74.7,1012
2003090618,22.8,2,1.6,15,86.2,1013
2003090700,22.2,2,0.9,290,89.3,1012.8
2003090706,23.2,0,0.7,297.3,87,1012.6
2003090712,26.9,0,1.2,24.4,75.2,1011.7
2003090718,25.9,0,1.7,207,84.2,1010.5
2003090800,25,0,2.1,231.5,84.8,1010.1
2003090806,28.1,0,3.2,236.6,69.2,1009.8
2003090812,30.9,0,3.6,250,59.3,1009.7
2003090818,24.7,0.1,1.6,28.1,82.2,1011.8
2003090900,24,0,0.6,9.7,84,1012
2003090906,26,0,1.6,52.9,78.5,1011.4
2003090912,27.5,0.3,3.2,121.8,72.2,1009.3
2003090918,25.1,2.2,2.2,263.3,84.2,1007.8
2003091000,23.3,0,1.5,11.1,87.2,1007.2
2003091006,23.1,0,2.4,13.6,76.3,1009.2
2003091012,24,0,1.2,13.9,74.7,1010
2003091018,23,0,0.7,350.7,81.3,1010.9
2003091100,21.5,0,1.1,305,84.2,1011.4
2003091106,20.6,4.5,1.2,280,84.5,1013.1
2003091112,21.4,5,1.2,286.5,88.2,1013.4
2003091118,21.4,6,1.1,352.6,88.8,1012.8
2003091200,21.7,57.5,2,325.6,91.3,1010.5
2003091206,22.4,5.5,0.7,221.3,92,1008.8
2003091212,25.7,3,2.8,26.6,86.7,1005.8
2003091218,25.4,34,11.9,100.4,86.3,992.5
2003091300,26,0.6,9.2,232.7,70.2,985
2003091306,27.9,0,4.6,260,57.3,1001.2
2003091312,30.6,0,3.7,263.2,46.2,1005.8
2003091318,25,0,1.8,358,71.8,1009.7
2003091400,21,0,2.5,299.9,79.3,1011.7
2003091406,22.7,0,2.9,311.3,56.8,1013.3
2003091412,28.9,0,3.3,326.4,36.5,1012.6
2003091418,23.7,0,1.7,332.2,61.2,1013.8
2003091500,19.6,0,1.1,283.4,79.7,1015.6
2003091506,21.8,0,2.1,15.5,74.8,1017.5
2003091512,25.5,0,3.8,83.4,60.7,1017
2003091518,21.6,0,1.5,73.4,76.2,1016.8
2003091600,19.3,0,0.8,280,86.8,1016.2
2003091606,21.9,0,1,252,75.8,1016.5
2003091612,27.6,0,2.5,92.1,56.3,1014
2003091618,22.9,0,1.1,338.7,72.3,1014
2003091700,20.5,0,0.6,337.9,81.8,1014.8
2003091706,23.5,0,0.9,250,70.5,1015.2
2003091712,30.3,0,2.8,138.8,46.3,1013.1
2003091718,24.5,0,1,352,73,1013.5
2003091800,21.4,0,0.5,307.8,83.8,1013.9
2003091806,23.1,0,1,67.8,79.2,1013
2003091812,28.3,0,4.5,178,62.2,1009.5
2003091818,25.6,0,3.2,209.9,73.7,1007.2
2003091900,22.4,12,2.3,73.3,82.5,1008.2
2003091906,21.6,0,1.7,353.5,78.8,1011.1
2003091912,22.8,0,3.3,16.7,66.7,1012.1
2003091918,20.4,0,2.5,21.6,77.5,1013.8
2003092000,19.7,0,2.7,10,74.8,1013.6
2003092006,19.1,0.5,3.1,11.7,77.5,1012.8
2003092012,20.2,0,4,13.4,65.2,1011.3
2003092018,19.5,0,3.7,0,63,1011.8
2003092100,18.8,0,3.6,18.2,58.3,1012.2
2003092106,20,0,4.7,26.6,53.5,1013
2003092112,20.9,0,4.9,21.6,47.5,1013
2003092118,18.1,0,3.6,350,54.5,1014.7
2003092200,16.2,0,2.7,336.7,56.7,1015.5
2003092206,18.8,0,4,5.7,50.8,1016.2
2003092212,22.1,0,5.1,48.4,37.7,1017
2003092218,18.3,0,2.5,0,52,1018.3
2003092300,17.1,0,1.6,1.3,57.8,1018.9
2003092306,19.5,0,3.4,4.4,52,1019.9
2003092312,21.4,0,4.8,45.1,53.8,1020
2003092318,19.1,0,2.8,7.9,61.3,1021.1
2003092400,15.9,0,1.4,271.1,73.5,1021.1
2003092406,19,0,2.3,336.8,65.8,1020.9
2003092412,21.7,0,3.4,350,66,1018.7
2003092418,19.7,0,3.1,340,76.3,1018.2
2003092500,19.5,0,2.8,353.4,79.5,1017.2
2003092506,20.4,0,2.6,350,75.3,1018.2
2003092512,21.7,0,2.6,353.2,72.3,1018.5
2003092518,19.1,0,1,313,82.3,1018
2003092600,16.3,0,0.5,275.1,89.2,1017.5
2003092606,20.4,0,1,326.9,72.2,1016.8
2003092612,28.4,0,2.4,4.5,38.3,1014.1
2003092618,21.9,0,1.3,326.7,58.2,1013.7
2003092700,18.9,0,2.1,296.1,78,1014.5
2003092706,20.4,0,1.4,35,70,1015.7
2003092712,23.8,0,4,66.6,50.7,1014.1
2003092718,20.1,0,2,18.2,65.5,1014.3
2003092800,16.8,0,0.6,307.2,80.2,1014.4
2003092806,19.5,0,0.9,329.4,71.3,1014.5
2003092812,23.9,0,2.7,69.6,54,1012.8
2003092818,19.6,0,1.1,335,71.2,1013
2003092900,16.8,0,0.7,311.3,84.2,1013.5
2003092906,19.5,0,1.5,329.6,73.8,1014.8
2003092912,21.3,0,4.6,49.1,62.5,1014.5
2003092918,18.2,0,2.6,3.3,58.7,1016.5
2003093000,14.7,0,1.1,288.6,71.7,1017.3
2003093006,17.2,0,0.9,349.3,60,1018.7
2003093012,22.6,0,2.9,119.1,37.3,1017
2003093018,17.5,0,1.8,265.5,59.5,1016.6
2003100100,14.4,0,0.7,296.6,76.8,1015.4
2003100106,17.9,0,1.4,252,67,1015.2
2003100112,22.3,0,3.1,245.7,55,1013.1
2003100118,20.9,0,2.9,229.1,65.3,1012.3
2003100200,19.6,0,2.4,296.6,60.8,1012.7
2003100206,20,0,3.6,308.2,42.8,1015.2
2003100212,24.8,0,3.3,321.8,23.5,1014.6
2003100218,20.1,0,2.4,340,32.8,1016.7
2003100300,17.4,0,3.3,326.6,42.5,1018.5
2003100306,18,0,2,349.8,45.7,1020.5
2003100312,22.2,0,3.2,349.8,31.3,1019.4
2003100318,17,0,2.5,342,60.2,1020.8
2003100400,14.6,0,1.4,340,60,1021
2003100406,16.9,0,2.7,340,46.8,1021.8
2003100412,21.6,0,3.3,5,31.2,1021.2
2003100418,16.8,0,2,340,53,1023.2
2003100500,14.7,0,1,244.2,61.5,1023
2003100506,17,0,1.4,316.3,53.3,1023.1
2003100512,19.4,0,2.4,38.4,48.3,1021.8
2003100518,16.4,0,1,295.8,65,1021.3
2003100600,14.6,0,1.2,305,69,1021.7
2003100606,17.5,0,1.5,290.3,48.7,1021.8
2003100612,22.1,0,3.1,73.4,43.2,1019.9
2003100618,17.8,0,1.2,330.5,59.8,1020.9
2003100700,14.9,0,0.9,304.7,75.7,1021.7
2003100706,17.1,0,1,263.7,67.7,1021.8
2003100712,22.4,0,3.4,83.4,44.2,1020.2
2003100718,17.4,0,1.2,336.6,64,1020.8
2003100800,13.6,0,0.7,294.9,81.5,1021.2
2003100806,17.1,0,1.6,294,70.5,1021.2
2003100812,22.2,0,4.3,73.3,46.3,1020.5
2003100818,17.6,0,1.4,339.5,65,1020.6
2003100900,14.2,0,0.5,307.8,80.2,1020.7
2003100906,17.5,0,1.2,13.9,69.5,1021.8
2003100912,23.3,0,3.6,70,50.5,1020.4
2003100918,17.9,0,1.2,327.7,73.2,1021.4
2003101000,14.8,0,0.9,296.5,84.5,1021.7
2003101006,17.8,0,0.9,205,73.3,1022.2
2003101012,24.7,0,2.3,87.9,53.7,1020
2003101018,19.2,0,1.9,347.7,74.3,1020.1
2003101100,16,0,0.5,301.9,85.5,1020.4
2003101106,19.2,0,1.9,70,75.2,1019.3
2003101112,23.9,0,4.2,60,54,1016.7
2003101118,20.1,0,2.2,353.2,71.5,1015.3
2003101200,20.1,0,2.4,343.3,75.2,1013.7
2003101206,19.3,0.5,2,336.6,81.7,1013.2
2003101212,20.1,0,2.7,340,78.2,1010.6
2003101218,18.9,0.5,2.7,346.6,79.5,1011.7
2003101300,18.5,0,2.5,353.2,80.8,1011.9
2003101306,17.2,1,2.8,6.6,81,1015.1
2003101312,15.5,0,2.7,6.6,76.3,1016.8
2003101318,15.3,0,2,346.6,70,1018
2003101400,15.2,0,1.5,356.6,70.7,1017.4
2003101406,16.2,0,1.2,298.9,69,1016.4
2003101412,19.9,0,2.1,133,51.2,1012.3
2003101418,16.2,0,3.2,291.5,51.2,1010.4
2003101500,11.9,0,4.2,318.4,44.3,1013.6
2003101506,12.9,0,3.8,336.6,37,1015.8
2003101512,18.8,0,3.3,293.1,27.5,1013.9
2003101518,14.3,0,2.8,340,44.8,1015.3
2003101600,11.8,0,2.9,329.8,54.5,1016.6
2003101606,14.3,0,3,343.4,49.3,1018.1
2003101612,19.5,0,2.8,349.7,34.3,1017.2
2003101618,14,0,1.3,304.2,61,1018
2003101700,10.3,0,1.3,278.7,73.3,1019
2003101706,13.6,0,1.2,263.6,58.2,1019.5
2003101712,21.4,0,2.5,273.7,24,1016.7
2003101718,14.9,0,2.2,296.2,51,1017.1
2003101800,10.2,0,0.8,239.5,72.3,1017.9
2003101806,14.6,0,2.1,218.7,58.3,1018.9
2003101812,22,0,3.5,318.4,29.5,1017.2
2003101818,16.1,0,1.4,291.9,48,1018.8
2003101900,11.9,0,1,288.2,75.3,1020
2003101906,14,0,1,274.5,54.8,1021.2
2003101912,20.9,0,2.7,78.1,43.8,1019.2
2003101918,16.3,0,1,325,69,1019.8
2003102000,13.4,0,1.6,285.2,50.5,1019.8
2003102006,14.6,0,0.8,259.7,50.5,1019.8
2003102012,19.3,0,2.5,151.4,51,1017.4
2003102018,16.5,0,1.3,254.5,69.7,1016.8
2003102100,12.4,0,0.8,270,86.2,1015.7
2003102106,15.1,0,0.6,270.2,71,1015.2
2003102112,23.2,0,2,22.9,28.2,1012.7
2003102118,16,0,1.2,299.1,45.5,1012.8
2003102200,11.6,0,0.7,257.8,68.7,1013.1
2003102206,15.6,0,2.5,298.9,51.8,1012.7
2003102212,21.8,0,4.2,278.1,23,1009.9
2003102218,15.3,0,4.5,313.4,34.2,1011
2003102300,10.6,0,5.3,305,36.5,1014
2003102306,10.6,0,4.9,305,26.3,1016.3
2003102312,14.8,0,5.2,313.4,13.7,1015.8
2003102318,10.1,0,1.8,325.9,28.2,1016.3
2003102400,8.9,0,3,321.1,41.3,1016.4
2003102406,11,0,2,317.1,41.5,1017.1
2003102412,17.8,0,2.5,260,25.3,1014.6
2003102418,12.1,0,0.7,285.6,54.7,1014.6
2003102500,8.6,0,0.8,260,70,1014.6
2003102506,11.4,0,0.8,244.1,64,1014.6
2003102512,19.9,0,2.6,313.8,36.8,1012.2
2003102518,14.1,0,1.8,316.9,32.8,1014
2003102600,11.1,0,3.1,333.2,43.7,1015.8
2003102606,12.1,0,3.7,333.6,42.5,1017.4
2003102612,17.6,0,2.6,48.9,23.8,1016.7
2003102618,11.5,0,0.9,331.6,49.2,1018.4
2003102700,6.9,0,1,260,69.3,1020
2003102706,10.6,0,0.5,221.1,55.7,1020.8
2003102712,21.5,0,3.3,211.6,23.3,1018.2
2003102718,15.8,0,2.4,212.6,51,1018.1
2003102800,13.7,0,0.9,256.9,71.3,1016.7
2003102806,16.5,2.5,4.7,245.6,70,1012.7
2003102812,15.8,0,6.1,284.7,28.5,1011.6
2003102818,9.9,0,3.1,305,33,1016.2
2003102900,6.5,0,1.8,292.8,51.3,1019.2
2003102906,9.7,0,2.2,277.7,38.7,1020.2
2003102912,17.6,0,2.4,358.9,18.2,1018.6
2003102918,12.1,0,1.9,328.1,36.2,1019.7
2003103000,7.3,0,1,298.7,55.3,1021.2
2003103006,10.3,0,1.1,245.9,50.8,1021.8
2003103012,19,0,2.3,136.8,41.8,1019.8
2003103018,13.1,0,1.1,298.8,74,1019.6
2003103100,10.7,0,0.7,331,83.2,1019.5
2003103106,14.3,0,0.4,45,73.2,1019.2
2003103112,21,0,2.8,119.9,57,1017.4
2003103118,16.2,0,0.9,250.8,80.5,1017.6
2003110100,13.1,0,0.9,270,85.3,1017.8
2003110106,16.1,0,1.1,241.3,73.8,1017.8
2003110112,23.7,0,4.4,245.6,39,1016.3
2003110118,18.1,0,1.8,230.7,66.2,1017
2003110200,13.9,0,0.6,281.5,84,1017.3
2003110206,15.8,0,1.1,244.9,73.7,1018.5
2003110212,23.5,0,2,105.1,47.3,1016.2
2003110218,17.4,0,0.7,313.2,71.3,1016.5
2003110300,14.4,0,0.4,233,78.3,1015.6
2003110306,16.7,0,0.8,67.9,69.3,1014.9
2003110312,23.8,0,2.7,281.5,37.3,1012.6
2003110318,15.4,0,2.8,350,35.2,1017.9
2003110400,9.7,0,1.5,293,49.5,1021.7
2003110406,12.4,0,1.7,350,48.8,1024.1
2003110412,17.7,0,3.7,70,47,1023
2003110418,12.8,0,1,305,68.2,1023.2
2003110500,10.4,0,0.7,289,80.3,1021.8
2003110506,11.8,0,1.2,218,78.2,1021
2003110512,16.6,0,0.6,235.9,65.3,1018.2
2003110518,15.9,0,0.3,325,73.2,1016.8
2003110600,12.8,0,0.6,308.8,85.7,1016.6
2003110606,15.1,0,1.7,315.1,58.5,1017.8
2003110612,20.1,0,3.5,69.1,47.2,1017.7
2003110618,14.8,0,1.2,303,73,1019.5
2003110700,11.7,0,0.6,280,86.8,1019.5
2003110706,13.8,0,0.8,276.1,78.5,1018.5
2003110712,21,0,2.4,125,58,1015.6
2003110718,16.1,0,0.9,276.8,76.3,1016
2003110800,13.5,0,0.5,290.3,86,1016.4
2003110806,14.9,0,0.8,180,82.7,1016.3
2003110812,14.1,5,2.8,4.5,84,1015.2
2003110818,12.9,9.5,2.2,321.8,86.3,1017.5
2003110900,12.7,1.5,2.2,336.7,83.7,1019.1
2003110906,12.9,0.1,2.2,346.3,82.5,1021.5
2003110912,12.9,0.4,2.5,356.6,82.8,1021.9
2003110918,13.7,0.5,2,13.9,75.7,1023.1
2003111000,14.6,0,3.6,70,63.7,1023.2
2003111006,14.3,0,4.6,70,59.3,1023
2003111012,14.8,0.1,4.5,63.4,54.5,1021.1
2003111018,13,0.9,2.4,17.7,66.5,1020
2003111100,11.2,6,2.2,305,87.2,1018.7
2003111106,11.3,2.5,1.4,296.6,89,1018.5
2003111112,11.7,12,3.3,328.8,81.2,1017.5
2003111118,10.7,0.5,3.6,330,75.5,1020.6
2003111200,10.9,0,2.1,328.5,79.8,1022.4
2003111206,10.7,2,3,340,84.3,1023.5
2003111212,12.1,0,2.7,340,78.3,1021.7
2003111218,11.2,0,2.7,313.4,81.2,1020
2003111300,11.1,0,3.4,330,73,1020.2
2003111306,11.4,0,3.9,325,58.2,1023.5
2003111312,15.3,0,2.9,342,40.8,1025
2003111318,10.4,0,1.8,292.7,70.7,1027.2
2003111400,7.2,0,1,288.2,84.2,1028
2003111406,9.6,0,0.7,246.9,74.7,1028.4
2003111412,17.5,0,3.2,162.1,49.8,1025.9
2003111418,14,0,1.1,263.7,66.2,1025
2003111500,11.8,0,0.3,305.9,79.8,1022.8
2003111506,14.6,0,0.4,151.1,77,1020
2003111512,20,0,3.4,199.7,63.2,1016
2003111518,17.2,0,2,215,64.8,1014.7
2003111600,12.2,0,3,311.6,50.7,1016.5
2003111606,10.4,0,3.8,313.4,35.5,1020.5
2003111612,13.4,0,4.1,326.6,17.3,1021.2
2003111618,8,0,2.1,345.9,27.2,1024.3
2003111700,4.2,0,1.3,252.4,39.2,1026.5
2003111706,6.4,0,1,203.3,38.2,1029.1
2003111712,14.1,0,3.3,73.3,42.8,1028.1
2003111718,9.1,0,0.9,332.7,69.2,1028.7
2003111800,6.3,0,0.9,298.1,80,1027.8
2003111806,8.9,0,0.7,346.8,73.3,1026.7
2003111812,17.1,0,1.4,118.5,53.5,1022.8
2003111818,14.5,0,0.6,358.4,62.2,1021.8
2003111900,12.1,1,1,296.5,78.7,1021.3
2003111906,12.2,5.5,0.8,25.8,89,1021.4
2003111912,14.5,0.5,1.4,305,72.5,1019.8
2003111918,14.7,0,1.5,316.9,74.7,1019.3
2003112000,14.1,0,0.7,288.6,81.8,1016.9
2003112006,15.2,0,0.8,250,82.2,1013.8
2003112012,16.9,0.5,0.8,273.1,81.3,1009.4
2003112018,15.4,12.5,1.1,350,89,1007.8
2003112100,14.5,0,3.4,321.5,69.7,1008.1
2003112106,13.1,0,4.4,305,50.7,1010.8
2003112112,14.1,0,4.7,290,33.2,1012
2003112118,7.1,0,4.2,310.1,33.5,1017.3
2003112200,3,0,3.9,315.1,35.2,1023
2003112206,2.2,0,5.2,308.2,22.8,1027.4
2003112212,6.7,0,3.6,302.9,16.3,1028.1
2003112218,3.4,0,2.1,345.9,29,1031.1
2003112300,0.8,0,1.5,338.7,40,1033.4
2003112306,2.5,0,0.8,262.3,38.3,1035.3
2003112312,10.4,0,1.9,117.4,26.8,1033.4
2003112318,5.3,0,0.9,313.6,46.5,1033.7
2003112400,3,0,0.7,287.2,61.7,1033.1
2003112406,7.1,0,0.7,157.9,59.8,1031.9
2003112412,14.3,0,0.8,33.5,52.5,1028.9
2003112418,10,0,0.7,302.3,73.3,1027.8
2003112500,7.8,0,0.3,352.9,82.3,1026.2
2003112506,9.4,0,1.2,279.9,75.7,1025.9
2003112512,15.6,0,2.8,8.8,52,1026.6
2003112518,12.1,0,2.9,353.2,63.8,1029.8
2003112600,12.8,0,3.9,60,62.7,1030.8
2003112606,13,0,2.4,73.4,54.5,1031.4
2003112612,13.6,0,3.3,65.7,54.3,1030.1
2003112618,12.3,0,2.8,340,58.7,1029.3
2003112700,13.2,0,2.3,70,65.5,1027
2003112706,15,0,4.9,66.7,56.7,1025.8
2003112712,13.8,0.1,3,356.6,71.3,1024.3
2003112718,12.5,8.4,3.3,346.6,86.5,1023.8
2003112800,13.6,10.5,4.5,20,85,1022.7
2003112806,13.8,23,4.4,37.2,87.5,1021.8
2003112812,15.1,10,2.7,35,86.3,1019.6
2003112818,14.7,1,1,302.7,89.8,1018.2
2003112900,13.3,0.5,0.9,321.6,91.3,1016.5
2003112906,13.6,0,2,349.8,82,1015.2
2003112912,15.5,0,2.4,346.6,64.5,1013.5
2003112918,12.4,0,1.9,343.4,63.8,1014.6
2003113000,10.3,0,2.2,336,69.5,1015.7
2003113006,11.7,0,3,346.6,65.5,1017.8
2003113012,14.8,0,3.6,11.5,56.8,1018.2
2003113018,12.6,0,2.4,0.9,63.5,1020.6
2003120100,11.1,0,2.5,343,69.2,1021.2
2003120106,11.6,0,2.8,333.4,67.5,1021.2
2003120112,13.6,0,2.3,0,55.7,1019.8
2003120118,11,0,1.3,317.8,67.5,1021.1
2003120200,7.7,0,0.9,243,80,1020.5
2003120206,8.6,0,2.4,4.3,65.3,1020.9
2003120212,13.6,0,2.8,356.7,41.8,1019.6
2003120218,9.8,0,2.1,316.1,57,1021.3
2003120300,6.3,0,1.2,253.4,61.8,1021.5
2003120306,7,0,1,158.4,50,1022.3
2003120312,13.1,0,3.8,328.8,15.2,1021.5
2003120318,7.5,0,1.8,296.3,33.3,1023.8
2003120400,3.9,0,1.5,315,52.8,1025.1
2003120406,5.2,0,2,6.6,32.3,1027.9
2003120412,11.3,0,2.7,58.5,17.2,1027.7
2003120418,6.3,0,1,306.6,41.2,1028.4
2003120500,4.1,0,0.5,274.1,57,1027.9
2003120506,8.1,0,1.1,225.4,53.7,1027.8
2003120512,13.7,0,2.7,66.6,56.3,1024
2003120518,12,0,1.1,331.5,69.3,1022.3
2003120600,10.6,0.2,0.9,352.6,83.2,1017.9
2003120606,11,2.8,2.7,306.6,85,1013.4
2003120612,12.9,0.5,3.7,307.1,47.2,1014.4
2003120618,8.5,0,4.4,323.3,47.7,1017.9
2003120700,2.5,0,4.4,320,34.5,1023.2
2003120706,-0.2,0,5.1,310.1,27.8,1027.4
2003120712,2.3,0,4.5,315.1,19.8,1028.9
2003120718,-0.3,0,2.5,318.4,30.7,1030.1
2003120800,-1.5,0,2,310.7,46.5,1030.3
2003120806,0.4,0,0.9,244.3,54.2,1030
2003120812,7.2,0,3.7,260,33.2,1028.1
2003120818,3.5,0,1.2,290,49.8,1029.2
2003120900,2.7,0,3.3,333.2,48.8,1030.6
2003120906,1.8,0,2.5,349.6,44.3,1031.9
2003120912,5.7,0,2.1,353.2,29.5,1032.1
2003120918,2.7,0,1.5,298.2,38.5,1032.6
2003121000,-0.9,0,1,276.6,50.3,1032
2003121006,1.4,0,1.4,294.6,39.7,1031.8
2003121012,10.4,0,2.1,66.9,18.3,1029.1
2003121018,6.3,0,1.4,331.5,35.8,1027.7
2003121100,4.4,0.5,1,296,65.2,1025.1
2003121106,3.5,6.5,1.1,311.5,85.8,1023.2
2003121112,7.1,0.5,2.5,353.5,60.3,1019.8
2003121118,5.5,0,3.4,308.2,40.5,1019.2
2003121200,3.9,0,4.3,305,47.3,1018.6
2003121206,4.3,0,4.9,310.1,46.5,1019.2
2003121212,7.4,0,4.9,315.1,29.5,1018.5
2003121218,3.4,0,4.2,318.4,45.2,1020
2003121300,1.5,0,4.7,330,54.2,1021.5
2003121306,2.7,0,4.5,342.8,49,1022.7
2003121312,7.6,0,3.2,313.8,30.7,1022.3
2003121318,4,0,1.9,333.2,43.7,1023.4
2003121400,0.8,0,0.7,320.8,59.7,1023.8
2003121406,2.2,0,1.2,323.7,55.3,1023.7
2003121412,8.8,0,3,313.4,27,1020.5
2003121418,5.3,0,2.6,319.8,39.5,1019.8
2003121500,3.5,0,1.8,298.8,50.5,1019
2003121506,4.9,0,1.3,293.1,50.8,1017.9
2003121512,7.7,0,4.3,320.2,27.3,1017.7
2003121518,2.5,0,2,353.2,42,1021.1
2003121600,-0.6,0,0.8,297.6,50,1022.3
2003121606,1,0,1.4,295.7,43.2,1022.8
2003121612,9.5,0,1.9,350,20.8,1019.5
2003121618,4.6,0,0.9,266.3,34.8,1017.8
2003121700,3.1,0,1.2,292.4,46.2,1016.3
2003121706,5.3,0,2.9,250,52.8,1014.5
2003121712,7.1,0,4.1,307.1,40.8,1013.5
2003121718,2.2,0,3.2,346.6,41.3,1018
2003121800,-0.2,0,3.5,346.5,49.3,1021.5
2003121806,0.1,0,3,350.2,44.5,1021.2
2003121812,5.1,0,3,311.5,21.7,1018.3
2003121818,2.5,0,4,315.1,33,1017.2
2003121900,0.2,0,4.1,305,39,1017.1
2003121906,-0.8,0,4.3,296.6,27.7,1019
2003121912,0.8,0,6.9,286.7,20.7,1018.5
2003121918,-1.4,0,4,293.3,33.8,1019.7
2003122000,-3.6,0,4.8,308.2,29.8,1021.8
2003122006,-2.5,0,5,307.1,30.3,1023.3
2003122012,2.1,0,4.8,294.9,14,1024.4
2003122018,-0.8,0,2.2,331.1,22.7,1027.7
2003122100,-3.3,0,1.5,300.2,33.8,1029.6
2003122106,-1.4,0,1.8,304.2,33.3,1029.9
2003122112,8.1,0,3.5,310.9,17,1025.8
2003122118,3.8,0,2.8,351.8,33,1024.6
2003122200,2.6,0,1.7,334.5,49.5,1023.2
2003122206,5.5,0,2.4,263.1,45.7,1022.2
2003122212,12,0,4.4,313.4,21.8,1019.6
2003122218,5.9,0,1,280.2,41.2,1019.2
2003122300,1.4,0,1.1,285.9,63.5,1018.7
2003122306,3.5,0,1.1,251.1,60.7,1018.5
2003122312,14.3,0,1.9,185,21.3,1015.1
2003122318,7.7,0,0.6,301.5,41.2,1014.2
2003122400,3.1,0,0.8,275.7,63.8,1014.9
2003122406,3.2,0,1.1,263.5,65.3,1017
2003122412,13.2,0,1.6,155.7,30.7,1016.1
2003122418,6.5,0,0.8,275.1,49,1017.3
2003122500,2.1,0,0.6,293.9,60.3,1016.4
2003122506,4.5,0,0.9,212.1,48.8,1013.3
2003122512,12.6,0,4.5,288.6,26.3,1009.8
2003122518,4.4,0,3.2,333.2,30.2,1013.5
2003122600,0.8,0,4.8,313.4,37.7,1015.4
2003122606,0.4,0,6.2,299.9,38.2,1015.8
2003122612,2.7,0,7.1,305,23,1014.8
2003122618,-0.4,0,5.1,323.3,31.5,1017.7
2003122700,-2,0,5.1,315.1,41.7,1020.9
2003122706,-1,0,4.7,336.6,29,1024.3
2003122712,4.4,0,2.3,350,17,1026
2003122718,0.1,0,1.2,301.7,31.2,1028.7
2003122800,-1.8,0,1.3,258.3,40.5,1029.4
2003122806,2.9,0,2.9,318.4,43,1029.9
2003122812,10.1,0,1.8,278.1,27.7,1027.3
2003122818,4.3,0,0.9,37.9,47.2,1027.1
2003122900,2.5,0,1.6,152.6,54,1024.4
2003122906,6,0,2.2,205.8,57,1023.8
2003122912,12,0,3.4,261.5,39.2,1020.3
2003122918,8.7,0,2.8,298.5,42.8,1022
2003123000,5.8,0,3.2,350,35.7,1023.2
2003123006,4.5,0,1.8,356.1,35.8,1025.1
2003123012,10.6,0,1.5,154.1,26.8,1022.3
2003123018,8.1,0,0.9,261.7,34.3,1020.3
2003123100,6,0,2.2,328.6,30,1018
2003123106,4.2,0,5.1,299.9,33.5,1018.5
2003123112,8.3,0,4.4,286.7,34.2,1016.7
2003123118,4.5,0,0.8,262,48.2,1018.5
2004010100,1.2,0,1.4,263.6,61,1019.9
2004010106,1.1,0,0.9,257.4,64.7,1020.7
2004010112,9.4,0,2.7,250,31.5,1018.7
2004010118,5.7,0,1,258.2,48.8,1018.8
2004010200,2.1,0,0.8,252,65.7,1017.9
2004010206,4.3,0,1.3,333.7,60,1016.8
2004010212,10.5,0,3.6,305,29,1014.9
2004010218,5.8,0,3.5,320,39.7,1017.8
2004010300,3.2,0,2.9,286.7,39.5,1020.5
2004010306,2.6,0,0.9,253.4,47.3,1022.8
2004010312,9.7,0,2.4,265.2,27,1022.4
2004010318,4.6,0,0.9,285.1,41.3,1024.1
2004010400,3.3,0,2.8,353.4,42,1026
2004010406,3.8,0,2.6,336.6,46.3,1027.7
2004010412,9.7,0,1.7,115.6,20,1026.7
2004010418,3.8,0,0.8,292.4,45.8,1027.4
2004010500,0.2,0,1,276.6,49.8,1028
2004010506,1.3,0,0.9,237.8,45.3,1028.6
2004010512,10.6,0,2.3,349.5,16.3,1026.7
2004010518,4.2,0,0.9,280,33.3,1026.9
2004010600,0.9,0,1.4,295.4,40.8,1027.2
2004010606,2.7,0,0.9,223.4,43,1026.6
2004010612,10.6,0,2,215,21.2,1023.7
2004010618,6.8,0,1.1,328.4,28.2,1024.2
2004010700,5.4,0,2,285.8,45.3,1024.1
2004010706,5.9,0,1.8,266.6,50.5,1024.3
2004010712,10,0,5.1,315.1,21,1023.1
2004010718,5.6,0,2.6,318.4,27.2,1025.9
2004010800,1.6,0,3,340,40.7,1029.3
2004010806,3.3,0,3.4,343.3,39.3,1031.8
2004010812,8.1,0,3,38.1,35.3,1031.3
2004010818,4.1,0,1.1,299.5,55,1031.3
2004010900,0.1,0,0.7,280,71.7,1030.7
2004010906,1.9,0,0.8,225,70.2,1029.2
2004010912,8.8,0,2.2,247.7,53.8,1026.1
2004010918,5,0,0.8,261.7,71.2,1025.2
2004011000,3,0,2.5,350,58.3,1025.4
2004011006,5,0,2.1,299.6,46.5,1025.3
2004011012,8.4,0,3.7,313.4,20.2,1024.1
2004011018,5.1,0,2.8,343.4,23.7,1026.1
2004011100,3.6,0,2.7,340,43.7,1027.5
2004011106,3.2,0,1,250.1,48.2,1027.6
2004011112,7.9,0,3.4,32.3,47.2,1026.3
2004011118,3.7,0,1,329.7,69,1025.9
2004011200,0,0,0.6,319.3,82.8,1024.6
2004011206,1.3,0,0.6,277.4,76.5,1021.8
2004011212,9.3,0,3.5,253.2,27.7,1016.6
2004011218,4.7,0,3.1,285.1,35,1014.1
2004011300,0.9,0,4.8,287.3,42.7,1012.5
2004011306,0.1,0,5.1,281.2,34.7,1014.2
2004011312,2.2,0,7.3,299.9,23,1015.9
2004011318,-1.1,0,4.3,313.4,27.8,1020.3
2004011400,-3.5,0,4.1,332.5,40.7,1023.3
2004011406,-2.3,0,4,321.8,34,1025.4
2004011412,4,0,3.8,332.5,17.5,1024
2004011418,2.2,0,3,333.2,21,1025.4
2004011500,-0.8,0,2.3,3.9,24.7,1026.2
2004011506,-0.1,0,3.1,359,29.8,1027.1
2004011512,6.3,0,2.5,3.4,22,1025.6
2004011518,3,0,1.5,274.7,31,1026.4
2004011600,0.2,0,0.9,252.4,44.5,1027.3
2004011606,1.9,0,1,225,62.5,1026.3
2004011612,4.2,6,2.1,0.9,86,1025.3
2004011618,4.4,3.5,2.8,353.4,82.7,1024.1
2004011700,5.5,1,2.8,53.8,65.2,1023.5
2004011706,5.6,0,1.7,8.7,67.2,1022.7
2004011712,7.5,0,2.9,51.8,48.8,1022
2004011718,4.9,0,0.9,339.8,67.2,1022.5
2004011800,2.7,0,0.8,354.9,81.3,1023
2004011806,3.5,0,0.5,336.3,81.5,1020.5
2004011812,6.7,0.2,3.3,278.7,61.3,1016.2
2004011818,4.7,0,2.6,284.7,46.8,1015.5
2004011900,1.5,0,2.6,301.8,49.2,1016.6
2004011906,2,0,5.2,310.1,45,1017.8
2004011912,4.7,0,5.6,305,34.2,1017.8
2004011918,1.6,0,2.6,329.8,32.7,1018.7
2004012000,0.1,0,1.9,329.9,46.3,1019.7
2004012006,0.4,0,3.5,315.7,43.3,1020.4
2004012012,3.8,0,3.2,325.3,18.8,1019.5
2004012018,-0.2,0,2,331.5,24.8,1019.3
2004012100,-1.6,0,2.1,286.5,40.8,1017.4
2004012106,-4.9,0,5.8,318.4,26.5,1018.2
2004012112,-3.4,0,4.4,311.9,21.2,1016.5
2004012118,-8.1,0,3.6,318.4,25,1019.2
2004012200,-10.2,0,1.7,299.9,31.3,1020.8
2004012206,-8.9,0,5.8,288.2,29,1019.5
2004012212,-3.3,0,4.9,321.8,14,1019.1
2004012218,-5.2,0,2.5,308.2,18.3,1021
2004012300,-5.7,0,3.9,310.1,36,1021.3
2004012306,-4.2,0,2.2,288.5,39.2,1021.8
2004012312,1.6,0,4.7,281.5,27.3,1019.8
2004012318,-1.1,0,3.1,299.9,23,1019.4
2004012400,-3.7,0,4.5,333.2,19.7,1019.5
2004012406,-3,0,3.6,340,20.8,1018.4
2004012412,2,0,5.1,301.8,18.3,1016.8
2004012418,-1.8,0,3.6,310.1,28.8,1017.8
2004012500,-3.9,0,5.5,320,40.7,1019.8
2004012506,-3.5,0,5,318.4,38.5,1021.4
2004012512,0.6,0,6,315.1,24.2,1021.5
2004012518,-2.8,0,2.9,323.1,33.8,1023.1
2004012600,-4.7,0,3.5,319.8,44.8,1024.4
2004012606,-3.3,0,4.3,330,40.3,1024.9
2004012612,3.4,0,3.8,326.6,19.8,1022.9
2004012618,0.7,0,2.4,333.4,29.5,1022.2
2004012700,-1.3,0,3.5,340,41.7,1020.8
2004012706,-1.2,0,4.8,329.8,32.5,1020
2004012712,3.1,0,4.9,294.9,21.7,1018.7
2004012718,0.2,0,2.3,310.1,31,1019.7
2004012800,-2.2,0,1.4,303.5,43.2,1019.5
2004012806,1.1,0,3.3,319.1,31.5,1018.4
2004012812,8.1,0,3.9,326.4,24.3,1016.5
2004012818,4,0,2.5,308,35.3,1016.4
2004012900,1.9,0,3.6,289.9,43.3,1017.2
2004012906,2.7,0,2.5,319.3,47,1018.6
2004012912,9.6,0,2.3,117,33,1016.8
2004012918,4.2,0,0.8,244.3,50.3,1017.1
2004013000,1.7,0,1.8,326.4,53,1018.4
2004013006,2.7,0,2,350,52,1019.2
2004013012,9.7,0,2.3,12,22.2,1018.2
2004013018,4.8,0,1,337.7,33.3,1020
2004013100,0,0,1.1,270.2,51.2,1022.4
2004013106,1.2,0,1.2,254.5,48.8,1023.7
2004013112,11.2,0,2.7,126,29.3,1021.3
2004013118,5.7,0,1,240.6,52.7,1020.7
2004020100,0.2,0,0.6,300.7,58.8,1019.5
2004020106,2.1,0,0.6,277.8,51.3,1018.9
2004020112,13.1,0,2.6,184.1,43.7,1015.1
2004020118,8.8,0,1.3,220.9,63.5,1013.5
2004020200,6.9,0,1.8,353.5,60.5,1011.7
2004020206,5.4,0,3.5,343.4,41.3,1011.2
2004020212,7.7,0,5.2,323.3,15,1011
2004020218,2.8,0,2.9,326.6,19,1012.7
2004020300,-1.4,0,5.7,299.9,33.3,1014.1
2004020306,-1.2,0,4.2,318.4,39.7,1015.4
2004020312,2.5,0,5,301.8,18.8,1014.3
2004020318,-0.1,0,2.4,319.8,28.8,1015.3
2004020400,-2.3,0,2,310.1,45.7,1018
2004020406,-1.2,0,1.4,291.5,40.7,1018.3
2004020412,4.1,0,3.8,277.9,25.3,1017.2
2004020418,1.2,0,1.1,271.9,34.5,1017.7
2004020500,1.2,0,3.1,285.2,50.7,1015.3
2004020506,-1.5,0.1,5.9,294.9,52.3,1018.1
2004020512,1.8,0,5.2,284.7,22.8,1020.3
2004020518,-0.6,0,2.5,305,38.2,1021.7
2004020600,-3.4,0,4,290,43.3,1024.1
2004020606,-2.7,0,2,306.5,41.8,1024.1
2004020612,2.2,0,3.6,298.5,26.7,1023.3
2004020618,0,0,2.2,250,34.2,1023.4
2004020700,-0.4,0,4.1,266.6,46.7,1022
2004020706,-1,0,4.2,305,43.3,1023.7
2004020712,2,0,5.4,294.9,22.7,1024.7
2004020718,-0.7,0,1.3,299.9,32.2,1024.9
2004020800,-3.8,0,0.7,268,51.5,1025.7
2004020806,-0.9,0,1.6,142.7,51,1025.3
2004020812,8.5,0,4.5,246.7,22,1022.5
2004020818,5.1,0,1.7,260,29.3,1022.5
2004020900,1.2,0,2.1,314.5,38.8,1024.7
2004020906,0.8,0,2.5,356.9,25.5,1027.5
2004020912,7.1,0,3.1,45.3,25.3,1026.9
2004020918,2.5,0,1.6,337.9,50.5,1028.2
2004021000,-1.3,0,0.9,256.6,58.5,1028.9
2004021006,0.9,0,1.7,270.7,39,1028.7
2004021012,10,0,3.5,227.6,23.5,1026.1
2004021018,5.2,0,1.6,289.2,32.7,1025.4
2004021100,-0.2,0,0.9,280,42.2,1026.2
2004021106,1.1,0,0.7,269.9,39.8,1025.6
2004021112,12.2,0,4.7,270,20.7,1023.1
2004021118,7.5,0,1.4,332.6,24.3,1024.1
2004021200,5.5,0,3,325.3,29.2,1025.2
2004021206,4.6,0,2.4,43.4,36,1026.4
2004021212,10.7,0,2.7,95.7,21.2,1024.8
2004021218,5.4,0,1.3,309.2,36,1024.9
2004021300,1.2,0,1.2,263.5,43.5,1024.5
2004021306,2.9,0,0.9,248.1,41.5,1022.7
2004021312,12,0,4.8,209.9,18,1016.8
2004021318,7.9,0,3.3,214.5,23,1013.9
2004021400,9.2,0,4.3,230,54.3,1010.7
2004021406,11.4,0.5,5.8,253.4,45.5,1003.7
2004021412,9.9,0,7.5,270,18.7,1006.2
2004021418,4.9,0,5.6,296.2,24.2,1010.8
2004021500,2.1,0,2.2,308.7,32.2,1015.2
2004021506,3.8,0,3.8,296.6,25,1019.2
2004021512,11.3,0,4.8,323.3,11.3,1018.8
2004021518,7.5,0,2.1,312.3,24.3,1021.5
2004021600,3,0,1.1,295,44.3,1025.2
2004021606,4.8,0,0.9,240,45.5,1026.8
2004021612,11.4,0,3.5,141.5,38.7,1024.6
2004021618,8.5,0,2.8,218.6,51.5,1020.8
2004021700,8.5,0,3,162.4,44.7,1017.8
2004021706,10.2,0,2.6,293.9,38.7,1015.2
2004021712,14.6,0,4.3,315.7,10.5,1014.7
2004021718,9.1,0,3.2,336.6,10.5,1017
2004021800,3.7,0,1.7,315.4,21.2,1019.3
2004021806,4.4,0,1.5,250.5,25,1020.5
2004021812,15.1,0,3.2,139.8,19,1019.5
2004021818,8.9,0,1.5,303.8,41.2,1019
2004021900,5.3,0,1.5,280,36,1019.7
2004021906,6.5,0,1.5,261.6,32.8,1021.5
2004021912,17.8,0,3,131.5,21,1021.2
2004021918,11.6,0,1,32.4,38.7,1022.6
2004022000,6.2,0,0.6,266,47.2,1026.4
2004022006,9.6,0,0.8,125,59.8,1028.7
2004022012,16.7,0,3,130.1,47,1027.4
2004022018,11.3,0,1.3,295,75.3,1025.8
2004022100,7.9,0,0.5,277,81.7,1024.3
2004022106,10.6,0.2,0.5,333,81,1022.8
2004022112,13.8,6.8,0.7,260,87.3,1019.5
2004022118,14.8,2.5,1.9,234.1,86,1014.8
2004022200,15.6,10.5,3.9,190,87.8,1009.1
2004022206,15.8,23.5,3.4,201.6,88.7,1003.5
2004022212,14.2,1,4.3,273.5,77,998.1
2004022218,7.6,2,3.1,331.3,59.5,1003.8
2004022300,4.3,0,2.6,310.4,51.8,1010.2
2004022306,3.9,0,4.3,331.3,44.3,1015.8
2004022312,9.3,0,3.3,25,33.2,1020.4
2004022318,5.6,0,1,345.2,55.7,1022.3
2004022400,1.6,0,0.8,273.6,63.8,1023.2
2004022406,3.6,0,0.8,252.5,56.8,1021.7
2004022412,13.9,0,4.3,236.6,12,1017.2
2004022418,9.8,0,2.5,262,26.2,1016.2
2004022500,4.9,0,0.4,307.8,44.2,1016.8
2004022506,5.3,0,0.8,266.9,47.8,1015.2
2004022512,15.5,0,4.4,226.9,25.2,1009.3
2004022518,11.9,0,3.7,238.5,48.3,1007
2004022600,6.7,0,3.4,307.1,20.5,1009.8
2004022606,4.7,0,3.9,296.2,21.5,1013.2
2004022612,8.2,0,5,305,15.8,1014.3
2004022618,4.2,0,2.5,301.8,37.7,1016.4
2004022700,0.5,0,1.2,283.6,56.3,1018.5
2004022706,3.1,0,1.8,251.9,47,1019.3
2004022712,9.8,0,3.2,316.7,15.7,1018.2
2004022718,5.7,0,1.4,318.8,24.2,1019.1
2004022800,0.9,0,0.7,301.1,46,1018.5
2004022806,4.2,0,1.2,231,45.5,1018.1
2004022812,13.6,0,5.6,225.1,42,1014
2004022818,11.6,1,2,231.8,82.7,1010.8
2004022900,10.9,3,2.2,326.9,87.3,1007.5
2004022906,10.9,0,2.3,351.9,67.8,1011.7
2004022912,13.4,0,3.1,70,45.7,1012.5
2004022918,8.7,0,2.7,15.8,66,1013.3
2004030100,6.5,0,2.6,343.4,69.5,1015.5
2004030106,5.6,1,3.4,0.9,65,1017.3
2004030112,9.6,0,4,75.1,40.5,1016.3
2004030118,5.4,0,1.6,309.3,64.7,1015.5
2004030200,3.9,0,4.3,310.1,31.8,1017.5
2004030206,2.9,0,5.6,320,17.2,1018.7
2004030212,6.9,0,5.1,299.6,11.3,1017.6
2004030218,3.2,0,2.2,333.2,15.5,1018.2
2004030300,0.2,0,1.8,330,25.2,1019
2004030306,0.6,0,2.2,0,24,1016.8
2004030312,3.9,0,2.8,37.3,33.8,1012.8
2004030318,-1.8,3,2.3,356.6,77.2,1013.8
2004030400,-3.5,0,1.2,312.8,67.5,1017
2004030406,-1.4,0,2.5,305,43.5,1018
2004030412,5.3,0,3.4,313.2,19.2,1017.1
2004030418,3.2,0,3.6,225.7,38.7,1017
2004030500,3.4,0,3.5,156.1,51,1016.9
2004030506,6.7,0,2.7,234.2,49.8,1015.5
2004030512,9.9,0,6.3,236.6,46.3,1010.5
2004030518,4.4,1,3.1,313.8,71.8,1009.2
2004030600,1.7,0,4,305,49,1015.5
2004030606,0.2,0,4.3,299.9,47,1019
2004030612,2.6,0,5.2,299.9,26.8,1020.5
2004030618,-0.9,0,5.1,308.2,39.7,1022.9
2004030700,-3.4,0,5.7,315.1,44.2,1025.7
2004030706,-1.6,0,4.6,313.4,34.7,1028.7
2004030712,4,0,5.7,305,20.5,1029.1
2004030718,1.8,0,3.9,305,25.8,1029.9
2004030800,-0.6,0,1.4,292.4,45.5,1030.3
2004030806,2.7,0,1.3,291,37.7,1029.4
2004030812,11.6,0,3.2,281.5,14.7,1024.7
2004030818,8.2,0,2.5,274.1,29.8,1021.8
2004030900,3.3,0,1.3,283.4,53.3,1022.1
2004030906,5.4,0,1,209,49.3,1021.1
2004030912,15.1,0,4,246.6,23.3,1018
2004030918,10.4,0,3.8,221.6,53.3,1017.4
2004031000,10.4,0,3.6,220.1,63.8,1016.4
2004031006,13.8,0,5.5,225.1,54.8,1013.8
2004031012,17.9,0,7.4,230,54.2,1009.8
2004031018,17.5,0,6.9,236.6,55.3,1008.3
2004031100,15.5,0,3.5,281.8,52.2,1009.7
2004031106,11.4,0,4,340,19.7,1016.2
2004031112,15.2,0,3.5,335.7,9.3,1017
2004031118,10.6,0,2.5,312.9,21.7,1018.2
2004031200,7.4,0,2.6,343.4,17,1020.2
2004031206,8.5,0,2.5,349.8,19.2,1022.1
2004031212,14.4,0,3.5,127.9,15.3,1019.4
2004031218,9.1,0,2.2,232.7,35.5,1019.9
2004031300,5.3,0,0.7,326.7,47.5,1020.7
2004031306,7.6,0,1.3,238.7,36.8,1023.2
2004031312,15.8,0,3.5,162.6,20.5,1021.8
2004031318,10.2,0,1.3,249.7,39,1020
2004031400,6.3,0,0.7,320.8,47.8,1021
2004031406,8.1,0,1.2,211.3,49,1021.5
2004031412,14.8,0,3.3,113.2,34.7,1019.2
2004031418,9.2,0,1.9,1.3,61.3,1019.8
2004031500,5.1,0,0.8,259.8,75.2,1020.9
2004031506,7.6,0,0.9,236.2,67.2,1022
2004031512,14.9,0,4.1,119.9,48.2,1020.8
2004031518,11.7,0,2.3,224.7,66.2,1019.8
2004031600,8.1,0,0.7,274.4,72.3,1018.2
2004031606,11.9,0,3,262.2,51.2,1017.9
2004031612,19.7,0,7.7,230,37.3,1016.2
2004031618,17.3,0,4.5,201.6,62.2,1014.8
2004031700,17.4,0,5.3,215,68.5,1014.1
2004031706,17.4,0,5.9,220.1,73,1012.6
2004031712,13.4,1,4.2,311.3,74.2,1012.5
2004031718,7.8,4,2.7,350.2,61.3,1016.8
2004031800,3.8,0,1.8,327.2,61.3,1020.8
2004031806,4.5,0,3,332.1,54.8,1023.8
2004031812,9.4,0,3.5,62.8,43.2,1022.9
2004031818,5.4,0,1.6,6.4,60.7,1022.8
2004031900,2.6,0,2,340.7,46.5,1024.4
2004031906,4.3,0,2.8,353.5,34.3,1025.3
2004031912,11,0,3.4,105,26.8,1022.2
2004031918,8.4,0,1.7,185,44.8,1021.2
2004032000,6.7,0,0.5,292.4,55.5,1021.2
2004032006,8.6,0,1.2,266.1,44.7,1021.5
2004032012,13.5,0,4,76.1,25.2,1020.2
2004032018,8.9,0,1.8,325,51.2,1021.2
2004032100,5.7,0,0.8,280.1,64.7,1022
2004032106,7.9,0,0.7,269.1,57.8,1022.5
2004032112,14.5,0,3.7,103.1,37,1020.8
2004032118,10.9,0,2.2,17.3,54.3,1019.9
2004032200,6.7,3.5,3.4,26.3,73.8,1019.6
2004032206,6.7,4,3.2,346.6,80.8,1018.7
2004032212,10.8,0,3.7,25.5,56.7,1018.8
2004032218,7.5,0,1.9,323,67.2,1019.2
2004032300,4.2,0,0.5,282.6,81.7,1019.8
2004032306,6.9,0,0.7,249.8,72.7,1020.1
2004032312,14.8,0,3.3,154.9,45.7,1017.5
2004032318,10.9,0,2.3,206.4,63.3,1017.2
2004032400,7.3,0,1.2,282.6,77.2,1017.7
2004032406,10.2,0,2.6,292,47.3,1018
2004032412,14.9,0,3.4,296.6,28.5,1016.8
2004032418,11.5,0,1.6,296.8,39,1016.8
2004032500,7.2,0,0.8,301.9,57.5,1018.2
2004032506,8.6,0,0.6,287.7,60.2,1017.5
2004032512,12.8,0,1.9,55,49,1016.4
2004032518,10,0,1.6,0.3,68.8,1016
2004032600,7.2,0,2.2,321.8,71.3,1018.8
2004032606,9.6,0,3.3,18.9,56.8,1020.4
2004032612,13.1,0,4.9,70,35.8,1021.5
2004032618,8.9,0,1.2,20.9,54.7,1022.7
2004032700,4.8,0,0.6,294.7,70.5,1024.4
2004032706,8,0,0.8,250,61,1025.1
2004032712,15.8,0,3.7,130.1,39,1022.7
2004032718,11.5,0,1.2,234.1,53.8,1020.7
2004032800,8,0,0.9,296,62.2,1020.2
2004032806,11.4,0,1.4,181.8,49.5,1021.3
2004032812,19.8,0,3.9,103.4,31,1018.5
2004032818,13.3,0,1.1,24.7,60.8,1018.5
2004032900,9.8,0,0.6,113.1,64.8,1020
2004032906,13.2,0,1.4,215,51,1021.2
2004032912,21.5,0,4.6,154.3,32.2,1017.4
2004032918,17.8,0,3,191.2,45.7,1015.2
2004033000,15.1,0.4,1.2,260,76,1013.9
2004033006,15.2,2.6,0.9,220.6,83,1012.1
2004033012,21.6,0,2.7,130,49.8,1008.2
2004033018,16.1,0,4.3,333.4,14.3,1009.7
2004033100,7.8,0,4.1,326.6,14.3,1016.6
2004033106,8.9,0,1.5,344.6,16.2,1019.7
2004033112,16.6,0,5.2,299.9,11.8,1018.6
2004033118,13.7,0,2.6,316.9,24.8,1019.3
2004040100,8.2,0,1.2,298.3,45.7,1020.9
2004040106,10.4,0,1.6,189.5,40.2,1020.6
2004040112,14.9,0,3.2,136.8,44.3,1016
2004040118,11.2,13.5,2.8,126.6,75.7,1009.9
2004040200,9.2,5.5,3,316.8,84.3,1004.9
2004040206,10.9,0,3.8,277.7,45.5,1007.8
2004040212,16.5,0,4.6,281.2,20.3,1010.5
2004040218,12.3,0,1.9,293.7,30.3,1014.1
2004040300,7.5,0,0.8,315.4,47.5,1016.2
2004040306,8.8,0,2.3,291.6,35.5,1018.5
2004040312,11.5,0,2.5,340,25.5,1018.5
2004040318,8.9,0,1.9,271,49.3,1019.1
2004040400,6.4,0,1.3,349.8,64,1020.3
2004040406,8.2,0,2.5,351.6,49.2,1020.8
2004040412,12.6,0,3.8,94.4,37,1019.7
2004040418,9.2,0,2.3,218.1,54,1019.3
2004040500,5,0,0.9,271,72.8,1019.2
2004040506,9.2,0,1.9,246.1,41.3,1018.7
2004040512,19.7,0,3.6,192.8,16.8,1014.8
2004040518,13.8,0,2.9,217.7,34.3,1014.2
2004040600,8.4,0,0.6,285.7,51.8,1015.8
2004040606,11.6,0,1.1,237,45.2,1016.9
2004040612,19.8,0,4.4,223.4,18.5,1014.2
2004040618,15.8,0,2.5,249.6,49.5,1015.3
2004040700,13.6,0,1.3,15,53.5,1015.4
2004040706,9.9,1,2.1,346.6,85,1015.5
2004040712,11,0.5,2,29.8,79.3,1014.8
2004040718,10.4,0,1,14.9,76.8,1015.1
2004040800,7.5,0,1.6,350.2,51.7,1017.7
2004040806,10.2,0,1.7,303.4,32.8,1018.2
2004040812,17,0,3.9,151.3,26.5,1016.4
2004040818,12.1,0,2.5,220.8,53,1015.2
2004040900,9.2,0,1.2,286.7,50,1015.6
2004040906,14.9,0,3.3,269.9,26.2,1015.8
2004040912,23.9,0,3.7,325,16.7,1013.8
2004040918,18.4,0,1.1,307.8,32.5,1014.2
2004041000,12.6,0,1.1,309.4,47.3,1016
2004041006,15.8,0,1.6,231.8,36.8,1016.4
2004041012,25.2,0,4.1,149.8,17.5,1013.8
2004041018,17,0,1.5,47.6,52.8,1013
2004041100,15.1,0,1.5,39.6,50.2,1012.8
2004041106,17.7,0,1.8,253.5,35.2,1013.4
2004041112,22.7,0,3.4,122.7,30.5,1012
2004041118,17.9,0,0.8,15.7,47.5,1011.7
2004041200,13.4,0,0.8,233.9,54.2,1012.7
2004041206,17.8,0,1.8,318.7,43,1013
2004041212,21.7,0,5.2,62.3,28.8,1012.4
2004041218,14.1,0,2.8,5.1,54.5,1015.5
2004041300,11.2,0,1.5,336.6,66.8,1017.2
2004041306,13.3,0,3.1,34.1,61,1017.3
2004041312,17,0,3.6,70,46.3,1014.5
2004041318,12.3,0,2.8,38.2,68.2,1014.8
2004041400,10.4,0,1.5,328.8,73.8,1016.1
2004041406,13.5,0,1.2,185,63.2,1016.3
2004041412,18.9,0,3.2,101.7,42.5,1014.2
2004041418,13.3,0,1.8,80.6,68.2,1014.8
2004041500,9.7,0,0.6,323.3,83.2,1015.2
2004041506,14.5,0,1,202.6,57.3,1014.1
2004041512,19.6,0,3.8,110.2,45.3,1011.7
2004041518,15.2,0,1.1,353.7,63.5,1010.2
2004041600,11.5,0,1,320.8,61,1010.4
2004041606,16.6,0,1.9,241.3,38.8,1010.4
2004041612,27.6,0,3.4,250,16,1007.9
2004041618,20.5,0,1.6,322.8,37.2,1008
2004041700,16.7,0,1.5,270,39,1009.7
2004041706,19.3,0,1.4,231.7,33.7,1011.8
2004041712,24.9,0,4.3,125,21.2,1011.4
2004041718,17.3,0,1.7,35.5,51.7,1012.2
2004041800,12.6,0,0.6,299.9,49.2,1014
2004041806,17.5,0,1,212.5,35.5,1014.2
2004041812,22.1,0.4,3.3,170,31.8,1012.7
2004041818,15.3,16.6,2.6,178,83.5,1011.8
2004041900,15.1,27,3.3,141.8,90.8,1007
2004041906,18.6,1,2.3,199.1,82.7,1001.8
2004041912,21,0,4.5,228.4,63.3,1000
2004041918,16.3,0,3,249.1,69,1001.7
2004042000,15.1,0,2.2,278.5,73.5,1005.2
2004042006,19.7,0,3.4,325.3,45.7,1008.3
2004042012,26.9,0,3.7,331.7,23,1009.5
2004042018,18.5,0,1.1,337.9,62,1010.8
2004042100,14,0,0.8,291.3,78.2,1011.4
2004042106,18.5,0,0.8,254.6,51.5,1011
2004042112,25.9,0,3,94.1,41.7,1007.7
2004042118,23,0,3.5,190.1,50.2,1006.2
2004042200,17.9,0,2,199.7,60.7,1006.2
2004042206,23.4,0,3.8,243.2,29.5,1004.4
2004042212,24,0,5.1,135,41.3,1002.6
2004042218,13.8,1,2.2,11.6,80.5,1005.3
2004042300,13.3,0,1.4,333.4,80,1005.8
2004042306,14.2,0,2.7,23.1,49,1009.2
2004042312,15.7,0,5.3,62.3,38.2,1011.8
2004042318,12.4,0,2.4,13.1,48.3,1014.3
2004042400,8.8,0,1.3,280.2,65.3,1016.2
2004042406,11.9,0,1.6,268.9,51.2,1017.5
2004042412,16.7,0,3.2,104.4,31.2,1017.2
2004042418,13.3,0,2.2,201.3,50,1017.7
2004042500,11.4,0,2.5,316.7,33.3,1018.8
2004042506,14.6,0,1.5,260,21.2,1019.1
2004042512,21.9,0,3.1,225,15,1016.7
2004042518,17.6,0,2.4,250,26.3,1016.3
2004042600,11.9,0,0.9,301.2,48.3,1016.9
2004042606,14.6,0,1.6,203.4,46.2,1015.6
2004042612,15.1,6,3.2,128.4,76.7,1009.9
2004042618,14.6,35,3.6,91.3,90.2,1000.9
2004042700,12.1,6,1.9,301.1,89.2,993.7
2004042706,11.7,10.5,1.5,334.2,88.5,995.5
2004042712,10.8,0.5,1.4,333.4,72.5,1001.7
2004042718,9.1,0,2,331.9,75.3,1008.6
2004042800,7.2,0,2,336.7,69.7,1012.1
2004042806,12.9,0,3.3,308.2,46.7,1015.2
2004042812,21.2,0,2.3,273.7,24.7,1015.8
2004042818,15.7,0,1.4,293.3,52.7,1015.8
2004042900,10.5,0,0.7,270,72.3,1016.2
2004042906,15.9,0,1.4,251.1,51,1016.3
2004042912,25.6,0,4.8,228.4,16.7,1012.8
2004042918,18.6,0,2.9,252.3,33.8,1012.5
2004043000,15,0,0.9,313.3,55.8,1014.2
2004043006,17.7,0,1,278.7,52.3,1015.9
2004043012,21.9,0,3.7,88,45,1015.7
2004043018,14.9,0,2.5,25,57.7,1018.2
2004050100,13.1,0,1.6,353.4,63.7,1020.7
2004050106,15.2,0,2.8,26.2,58.3,1023
2004050112,16.9,0,5.7,60,52.2,1022.4
2004050118,14.2,0,3.3,35,67.5,1022.3
2004050200,13.9,0,1.7,6.8,72.5,1022.7
2004050206,16.5,0,1.8,35,62.2,1021.5
2004050212,18,3.5,2.3,107.7,66,1018.2
2004050218,15.9,15,0.9,359.9,91.5,1016
2004050300,17.8,2,1,305,92,1013.1
2004050306,20.5,0,3.3,215,86.8,1009.9
2004050312,21,5,3.2,183.4,87.3,1005.5
2004050318,20.4,0,2.5,183.4,85.3,1001.2
2004050400,18.4,2,2.2,2.1,81.8,1001.2
2004050406,14.9,0,3.1,3.4,69.7,1005.6
2004050412,17.3,0,2.3,108.6,61,1007.8
2004050418,14.6,0,2.2,218.7,74.3,1008.2
2004050500,10.7,0,1.2,296.5,83,1009.4
2004050506,15.7,0,2.1,282.9,48,1010.2
2004050512,23.4,0,3.2,164.5,22.7,1009.3
2004050518,18.3,0,1.9,278,39,1009.9
2004050600,13,0,0.6,320.7,68.5,1011.3
2004050606,19.1,0,1.6,167.5,47.2,1012.2
2004050612,27.4,0,4.6,236.6,30.8,1011.7
2004050618,21.2,0,2.7,289.3,53.3,1013.3
2004050700,14.4,0,1.4,263.7,67.7,1017
2004050706,18.2,0,1,136.5,42.7,1018.8
2004050712,22.4,0,3.9,114.9,28.8,1017.7
2004050718,17.6,0,1.8,187,51.2,1016.5
2004050800,12.8,0,0.9,283.4,73.7,1016
2004050806,18.2,0,1,135.6,56.5,1015
2004050812,24.5,0,2.7,173.7,24.5,1012.8
2004050818,19.2,0.5,1.2,50.7,60,1011.2
2004050900,14.8,20,0.6,353.4,87.7,1009.2
2004050906,16.1,10.5,1.2,313.8,90.5,1007.5
2004050912,18.1,1,0.8,322.5,88.5,1005.9
2004050918,18,3,1.1,309.4,91.5,1004.2
2004051000,16,1.5,1.1,31.9,92.2,1003.2
2004051006,16.4,1,0.9,68.7,89.7,1004.1
2004051012,18.5,0,2,132.1,79.2,1004.7
2004051018,18.8,0,1,9.9,85.2,1005.2
2004051100,18.6,0,2.2,286.3,79.5,1007.4
2004051106,22.7,0,2.3,10.4,61,1010.2
2004051112,25.9,0,3.2,106.1,42.5,1010.5
2004051118,20.7,0,1.8,143.6,65.3,1011.1
2004051200,16.6,0,0.7,286.8,82.2,1010.4
2004051206,18.4,0,2.3,126.9,74.3,1008.9
2004051212,19.7,0.4,2,136.9,78.3,1006.5
2004051218,18.8,0.6,2.9,190,84.2,1004.6
2004051300,18.7,1.5,2.1,175,90.2,1001.1
2004051306,20.6,0,1.6,9.7,80,1000.8
2004051312,23.9,0,4.3,355.2,46,1002.5
2004051318,16.7,0,2.2,25.3,73.8,1008.2
2004051400,13.7,0,1.4,317,80.2,1012.6
2004051406,18.4,0,2,90,59.8,1015.9
2004051412,22.2,0,3.8,97.9,35.2,1016.9
2004051418,17.4,0,1.8,296.3,49.2,1017.8
2004051500,14.7,0,1.1,275.5,61.8,1016.5
2004051506,15.7,1,1.5,265.1,66.5,1014.3
2004051512,15.8,4.5,1.3,319.7,85.3,1012.1
2004051518,15,5.5,0.7,18.2,88.8,1010
2004051600,14.6,3,0.8,313.8,88.8,1008.5
2004051606,16.1,0,1.4,339.8,76.5,1008.7
2004051612,18.6,0,1.9,107.2,65.2,1008.1
2004051618,16.7,0,1.5,15,79.2,1006.7
2004051700,15.9,0,1.1,320.8,82.5,1005.5
2004051706,19.2,0,4.3,231.8,58.3,1005.4
2004051712,22.5,0,4.4,243.2,38.7,1005.3
2004051718,19,0,2.5,276.6,46.3,1008.3
2004051800,13.7,0,1.6,270.3,70.3,1011.5
2004051806,18.2,0,1.4,227.6,55.5,1011.8
2004051812,26.1,0,4.4,226.9,29.2,1007.8
2004051818,21.6,0,4.4,240,29.8,1006.7
2004051900,20.1,0,3.6,249.6,29.7,1006
2004051906,19.4,0,2.5,203.7,35.3,1005.2
2004051912,21,0,3.8,233.3,46.3,1004.9
2004051918,18.8,0,3.6,223.4,56.8,1003.8
2004052000,16.1,0,1.4,266.5,70.5,1003.1
2004052006,17.6,0,0.4,299,67.5,1002.8
2004052012,22.1,0,2.7,90,59.5,1000.5
2004052018,19.1,0,2.5,206.6,74,999.2
2004052100,16.3,0,0.6,301.9,79.8,998.9
2004052106,19.6,0,2.6,210.5,66.8,998.1
2004052112,23.6,0,4,251.6,47.3,996.9
2004052118,19.6,0,1.6,302,39.3,999.4
2004052200,13.5,0,1,275.4,63,1003.2
2004052206,17.9,0,1.2,230.2,41.8,1005.1
2004052212,24.6,0,2,240.3,20.8,1004.8
2004052218,18.8,0,1.3,19.3,52,1005.4
2004052300,14.1,0,0.6,280.3,63.2,1007.5
2004052306,18.7,0,1.5,272.1,41.7,1009.2
2004052312,23.1,0,2.2,81.1,29.3,1007.7
2004052318,19.2,0,0.3,335.9,48.8,1008
2004052400,15.8,0,1,282.6,61.2,1009.7
2004052406,19.8,0,1.5,0,48.7,1011.4
2004052412,23.6,0,3.7,117.1,34.7,1011
2004052418,18.8,0,1.9,142.5,56.5,1011.8
2004052500,14.2,0,0.8,285.2,77.5,1013
2004052506,20.8,0,1.2,297.3,47.2,1013.8
2004052512,27.3,0,3.6,131.3,27.5,1012.2
2004052518,22.6,0,1.6,182.7,46.7,1011.4
2004052600,18.1,0,0.4,332.1,61.2,1012.8
2004052606,19.6,0,0.9,280,53.8,1014.2
2004052612,22.9,0,2.5,238.5,42.2,1014.8
2004052618,19.8,0,1.6,259.8,60.5,1016
2004052700,16.9,0,0.7,315,74.5,1018.1
2004052706,20.4,0,1.3,90.9,59.5,1019.3
2004052712,24.2,0,3.2,135.3,52.8,1017.5
2004052718,23.2,0,3,209.9,61.8,1015.8
2004052800,21.3,0,2.6,220.1,68.2,1014.1
2004052806,22.6,0,3.9,201.6,65.8,1012.2
2004052812,22.6,0,4.9,204.9,76.5,1009.8
2004052818,22.7,1,3,203.2,83.8,1006.8
2004052900,22.2,12,2.2,203.2,89.5,1006.2
2004052906,25.6,0,1.5,296.4,73.3,1006.9
2004052912,29.1,0,2.9,93.4,54.7,1006.8
2004052918,24,0,1.6,62.5,73.7,1007.9
2004053000,21.8,0,0.9,293.4,84,1009.2
2004053006,21.7,3.5,1.1,248.4,81.8,1008.6
2004053012,21.2,1,1.2,29.8,80.7,1008.1
2004053018,20.6,0.5,0.8,354.2,88.5,1006.8
2004053100,20.4,0.5,2,327.4,84,1007.1
2004053106,18.6,4,1.5,14.9,83.3,1010.2
2004053112,19.6,0,2.2,14.7,44.7,1014
2004053118,16.9,0,1,284.7,66.8,1015.5
2004060100,12.9,0,0.7,296.6,82.3,1017.3
2004060106,20.1,0,1.7,36.6,51,1018.6
2004060112,26.4,0,2.8,122.9,26.3,1018.5
2004060118,21,0,1.4,130.6,43.7,1019.2
2004060200,15.9,0,1.4,286.7,66.3,1019.8
2004060206,21,0,1.4,183.4,42.5,1019.2
2004060212,25.7,0,2.6,101.6,17.2,1018.4
2004060218,20.4,0,1.8,17.7,27.7,1017.9
2004060300,14.1,0,1,301.8,49.5,1018.5
2004060306,20.1,0,1,206.4,38.5,1019
2004060312,28.4,0,3,76.5,14,1018
2004060318,22.9,0,1.4,320,29.3,1017.3
2004060400,15.8,0,1.1,273.9,74.2,1018.8
2004060406,21.8,0,1.2,221.3,45.8,1017.5
2004060412,29.7,0,2.6,130.1,19.2,1015
2004060418,22.7,0,1.8,90,22.3,1014.1
2004060500,15.8,0,0.9,283.4,51.3,1014.4
2004060506,21.7,0,1.3,220.5,41.5,1014.2
2004060512,28.4,0,3.8,112.4,28.3,1012.2
2004060518,22.5,0,2,5.1,43.7,1012.4
2004060600,18,0,1,293.2,67.8,1013
2004060606,22.3,0,1.7,329.7,51.2,1012.2
2004060612,26,0,3.6,66.6,37.8,1010.2
2004060618,21.7,0,2.5,23.1,49.2,1009.8
2004060700,19.6,0,1.1,1,56,1009
2004060706,19,2.5,1.4,323.3,62,1008.3
2004060712,16.2,11,2.4,340,81,1008.8
2004060718,16.1,1.5,1.8,328.2,82.7,1009.9
2004060800,16.2,0,0.9,22.9,81.8,1010.1
2004060806,18.8,0,1.5,14.7,71.2,1011.1
2004060812,21.9,0,2.9,87,57.5,1010.4
2004060818,17.9,2.5,0.9,330,82.8,1010.8
2004060900,17.5,0,1.1,299.6,86.3,1010.9
2004060906,21,0,1.6,286.7,68.3,1011.4
2004060912,25.3,0,3.3,135.3,49.3,1009.8
2004060918,21.4,0,1.5,17.8,69.5,1010.3
2004061000,18.5,0,1.4,281.5,78,1011.6
2004061006,22.9,0,1.5,306.9,58.3,1013.3
2004061012,25.7,0,4.5,51.8,48.2,1014.6
2004061018,20.3,0,2.4,353.1,63.2,1016.1
2004061100,17.6,0,2,336.6,77.3,1016.5
2004061106,21.9,0,2.1,341.2,56,1015.8
2004061112,25.7,0,3.8,76.8,46.2,1013.3
2004061118,22,0,2.4,190.2,56.2,1012.3
2004061200,17.9,0,0.7,278.7,75,1011.8
2004061206,22.6,0,3,354.1,57.5,1012.4
2004061212,24.4,0,5.2,24.9,37.3,1015.2
2004061218,19.8,0,2.3,1.3,42.3,1017.2
2004061300,14.6,0,0.8,290.8,58.8,1017.7
2004061306,20.9,0,1.1,219.7,41.2,1017.8
2004061312,26.3,0,3.7,130.1,24,1016.2
2004061318,21.1,0,1.5,90.6,45.2,1015.2
2004061400,15.8,0,0.6,280,65.5,1015.8
2004061406,22.2,0,1,231.6,41.5,1015.3
2004061412,28.6,0,3.2,106,32.3,1013.1
2004061418,23.5,0,1.1,23.5,47.2,1012.8
2004061500,19.4,0,0.3,335.9,58.7,1014.1
2004061506,24,0,1,250.5,46.7,1014.8
2004061512,30.5,0,3.3,130.1,27.3,1014.3
2004061518,23.3,0,2.1,47.6,53.2,1015
2004061600,18.2,0,0.5,313.3,74.3,1016.4
2004061606,21.9,0,1.6,27.1,62.2,1016.6
2004061612,24.4,0,3.3,68.7,49.8,1015.8
2004061618,21,0,1.8,36.6,71.2,1015.1
2004061700,19.2,0,0.8,357.8,77.2,1014.9
2004061706,21,0,1.5,9.7,72.7,1014.6
2004061712,21.1,8.5,2,47.6,75.8,1013.4
2004061718,18.2,12,1.3,47.8,89.7,1012.5
2004061800,18.8,0,0.8,357.6,90,1011.4
2004061806,21.6,0,0.4,338.7,84.5,1011
2004061812,24.7,0,2.7,152.2,76.2,1009.5
2004061818,22.4,8,1.3,228.9,83.7,1009.2
2004061900,19.5,6,1.1,311.7,88.2,1009.5
2004061906,19.4,4,1,313.2,88.8,1009.4
2004061912,20.6,42,2.1,46.8,90.5,1007.6
2004061918,20.4,36,1.9,65.2,91.8,1004.8
2004062000,20.7,9,1.5,22.4,93,1001.9
2004062006,24.5,1.5,2,123.4,86.2,1001.7
2004062012,28.2,0,3.5,119.1,68.7,1000.7
2004062018,23.9,0,3.2,35,79.3,1000.6
2004062100,21.1,8.5,3.7,10,81.3,999.8
2004062106,19.5,32.5,3.8,356.7,86.5,997.6
2004062112,22.9,1,2.5,310.4,70,997
2004062118,22.1,0,2.5,200.8,80.2,998.7
2004062200,19.7,0,0.8,314.2,89.3,1000.2
2004062206,24,0,1.1,256.8,68.7,1002.5
2004062212,28.2,0,2.8,125,53.5,1001.7
2004062218,25,0,3.5,218.2,69.2,1001.7
2004062300,23,0,1.4,226.7,79.5,1002.4
2004062306,26,0,2.2,182.1,63.5,1003.2
2004062312,31.1,0,4,192.6,46.2,1002.8
2004062318,26.9,0,2.3,253.3,62.7,1003.7
2004062400,23,0,0.9,293.7,72.2,1004.6
2004062406,24,0,1.1,287.4,69.3,1005.1
2004062412,23.1,2.5,3,166.1,81.8,1004.4
2004062418,20.5,3,2.1,72.5,82.7,1003.4
2004062500,19.8,8.5,2.1,353.5,89,1000.3
2004062506,20.6,0,2.2,0,85.5,1001
2004062512,21.5,0.5,1.5,11.2,82,1002.8
2004062518,21.5,0,1,35.5,81.5,1004.2
2004062600,20.6,0,1.4,35,84.8,1004.8
2004062606,21.3,0.5,1.2,50.7,85,1005.7
2004062612,23.4,0,2.8,73.3,72.3,1006.7
2004062618,22.2,0,1.5,130.9,75.8,1007.5
2004062700,20.2,0,0.6,339.2,85.5,1008
2004062706,22.9,0,1.7,202.4,76.2,1008.4
2004062712,26,0,2.9,116.6,62.2,1007.5
2004062718,23.1,0,1.6,60.5,74.3,1007.5
2004062800,21.5,0.3,1.4,230.4,86.2,1007.8
2004062806,23.4,0,1.2,7.7,76,1007.7
2004062812,27.1,0,3.2,125,61,1006.2
2004062818,24.2,0,1.3,3.3,75.5,1004.3
2004062900,21.8,0,0.7,291.6,84.2,1004.2
2004062906,24.3,0,1.2,264.1,70.7,1003.5
2004062912,27.7,0,3,90,61.2,1002
2004062918,24.5,0,1.2,20.6,74.8,1002.1
2004063000,23,0,1.2,345.6,76.2,1004
2004063006,25.3,0,2.5,27.2,63.3,1005.5
2004063012,26.4,0,3.7,40.1,62.8,1007
2004063018,23.1,0,2.9,35,71.5,1008.6
2004070100,21.4,0,1.3,3.4,79,1009.6
2004070106,22.6,0,2.2,29.3,75.2,1008.6
2004070112,25.2,0,2.7,56.9,64.3,1007.5
2004070118,22.8,0,2.2,83.5,74.5,1005.9
2004070200,21.7,0,1.7,135.9,79,1005
2004070206,22.6,0,1.4,291.5,76.5,1004
2004070212,24.4,3.5,2.1,150.1,80.3,1003.3
2004070218,24.7,0.5,1.7,283.8,84.5,1002.4
2004070300,23.3,0,0.9,333,88.7,1002.9
2004070306,26.1,0,1.2,145,77.5,1003.8
2004070312,29.8,0,2.6,203.6,64.5,1002.6
2004070318,24.1,2,1.9,26.6,82.5,1003
2004070400,22.2,0.5,1.1,314.4,86.7,1004
2004070406,23.8,0.5,3.9,72.3,85.3,1000.5
2004070412,24.3,22.5,6.8,133.4,88.8,995.3
2004070418,23.1,1.5,6.1,180,86.7,993.2
2004070500,21.7,0.5,5.8,194.7,83.7,992.5
2004070506,25.4,0,6.4,243.4,60,996.2
2004070512,30.3,0,4.5,239.8,43.7,1000.4
2004070518,26.3,0,3,214.1,64,1003.7
2004070600,24.5,0,1.2,285,68.3,1005.5
2004070606,26.1,0,2.2,135,61.5,1007
2004070612,30.6,0,4.2,209.9,47,1006.5
2004070618,27,0,2.1,259.5,60.5,1006.9
2004070700,24.3,0,0.9,302.4,68.7,1007.3
2004070706,23.2,3.5,2.2,144.9,84.8,1007
2004070712,25.5,1,4.1,173.4,83,1004.9
2004070718,25.4,2.5,4,193.4,84.7,1004
2004070800,23.9,0,2,191.5,82.8,1004.4
2004070806,25,0.5,1.9,151.8,74.3,1004.8
2004070812,28,0,2.9,142.1,60.2,1004.5
2004070818,23.2,0,2,82.8,76,1005.9
2004070900,21.4,0,0.9,308.7,83.7,1008.3
2004070906,24,0,1.2,125.4,74,1008.8
2004070912,26.8,0,3,109.7,64.8,1008.2
2004070918,23.4,0,1.6,32.9,75.3,1007
2004071000,22,0,1.1,302.9,79.8,1007.2
2004071006,24.9,0,1.3,290,72.5,1007.6
2004071012,25.8,1,2.3,151.6,68.8,1006.5
2004071018,23.4,0,1.4,189.6,78.8,1006.6
2004071100,21,0,1,244,87.8,1006.9
2004071106,23.1,0,1,270,81.8,1007.8
2004071112,24.3,0,2.5,148.9,75.3,1007.3
2004071118,22.9,1,0.9,343.7,85.3,1007.2
2004071200,22.1,7,1,39.2,89.3,1006.2
2004071206,25.6,0,4,203.2,80,1004.1
2004071212,28.6,0,5.9,209.9,66.8,1003
2004071218,27.1,0,4.3,218.2,71.7,1004
2004071300,25.5,0,2.7,233.5,77.5,1005.5
2004071306,27.6,0,3.4,196.4,69.3,1005.8
2004071312,26.5,0,3.5,110.2,70.3,1007.2
2004071318,24.2,0,2.2,85.7,77.3,1007.7
2004071400,21.6,0,0.9,327.4,87.7,1010.4
2004071406,22.9,30.5,1.1,90,87.3,1011.7
2004071412,24.6,2.5,1.5,239.1,83.8,1012
2004071418,22.4,2,0.9,268.5,86.2,1012.2
2004071500,22,0,0.8,32.2,88.8,1013.2
2004071506,27.1,0,2,224.3,71,1013.9
2004071512,28.4,0.3,4,195,71,1013.2
2004071518,26.1,0.2,1.7,200,79.3,1012.5
2004071600,25.8,0,2.1,195.8,76.7,1011.8
2004071606,28,0,3.6,220.4,66.7,1011.8
2004071612,30.2,0,4.3,209.9,58.3,1010.1
2004071618,27.8,0,3.3,220.1,64.8,1009.3
2004071700,26.7,0,3.1,225.1,66.3,1008.5
2004071706,27.6,0,3.9,217.1,64.2,1007.3
2004071712,27.6,13.5,3.8,298.8,65,1007.4
2004071718,24.3,5,0.9,239.3,87.8,1007.5
2004071800,25.6,0,2.8,245,80.3,1006.3
2004071806,27.6,0,2.8,237.7,68.2,1006.9
2004071812,31.5,0,5.1,231.8,51.8,1006.4
2004071818,28.2,0,4.7,218.2,64.8,1006.5
2004071900,26.8,0,3.9,236.6,70.3,1007.7
2004071906,29,0,5.6,246.7,58.7,1008.2
2004071912,32.3,0,5.5,228.4,51,1008.1
2004071918,28.8,0,4.8,204.9,63.7,1009.2
2004072000,27.4,0,3.5,225.1,71,1010.9
2004072006,29.4,0,4.7,212.9,63.3,1011.2
2004072012,33,0,5.3,236.6,47.2,1010.8
2004072018,30,0,2.8,256.8,60.8,1011.2
2004072100,27,0,1.2,296.6,72.7,1012.2
2004072106,29.4,0,2.1,313.6,64.7,1013.7
2004072112,33.7,0,3.7,310.1,47.8,1013.3
2004072118,30.8,0,1.7,334.2,59.3,1012.3
2004072200,27.5,0,1.3,342.6,73.2,1012
2004072206,30.2,0,2.4,334.9,63.5,1012.2
2004072212,33.7,0,2.7,215,47.3,1010.9
2004072218,30.1,0,2.3,203.1,58.2,1010.1
2004072300,26.9,0,0.7,322,73.3,1009.2
2004072306,30.2,0,2.7,298.5,61,1008.6
2004072312,35,0,3.1,87.9,41.2,1007.2
2004072318,30.2,0,1.5,1.6,62.2,1005.4
2004072400,26.9,0,0.6,307.7,78.8,1005.6
2004072406,30.4,0,1.7,259.1,64.5,1005.8
2004072412,33.8,0,3.3,112.8,49.8,1004.4
2004072418,29.9,0,2.3,264.2,62.7,1004.6
2004072500,25.8,0,1.4,291.6,72.5,1005.6
2004072506,28.6,0,1.7,233.3,57.8,1005.9
2004072512,31.8,0,3.2,90.3,48.3,1005.6
2004072518,26.3,0,1.6,334.8,69.5,1007.2
2004072600,23.7,0,1,339.7,82.8,1008.7
2004072606,26.1,0,1.4,268,73.3,1010.5
2004072612,29.6,0,4,119.9,62,1009.8
2004072618,26.8,0,2.1,90,76.3,1010.3
2004072700,25.1,0,0.9,343.3,83.7,1011
2004072706,28.1,0,1.5,246.3,67.7,1011.5
2004072712,32.6,0,3.4,222.3,48.7,1010.5
2004072718,28.6,0,2.3,264.1,66.7,1010.7
2004072800,25.7,0,1,292.8,74.5,1011.3
2004072806,29,0,1.4,303.5,65,1011.8
2004072812,33.5,0,3.4,149.9,47.3,1010.8
2004072818,28.7,0,1.7,30,64,1010.3
2004072900,26,0,1.2,296.6,79.3,1011
2004072906,29.5,0,1.4,297.4,62,1011.8
2004072912,32.9,0,3.4,91.3,48.3,1010.6
2004072918,28,0,2,75.2,66.3,1010.5
2004073000,24.5,0,0.9,310,80,1010
2004073006,27.9,0,1.3,189.5,67.3,1010.2
2004073012,32.7,0,3,143.3,49,1008.3
2004073018,28,0,1.4,55,57.3,1008.1
2004073100,23.9,0,0.8,328,74.5,1008.3
2004073106,28.6,0,2.2,0.5,55,1007.4
2004073112,32.3,0,5.3,45.1,37.8,1006
2004073118,28,0,4.2,16.7,62.2,1004.7
2004080100,26.2,1,4.6,10,74.3,1003.2
2004080106,24.6,2.5,3.7,346.4,84.7,1002
2004080112,26.8,0,3.3,349.8,72.8,1001.2
2004080118,25.7,0,1,349.8,78,1002.3
2004080200,24.1,0,0.9,307.9,84.7,1003.8
2004080206,27.6,0,0.9,321.6,67.5,1005.3
2004080212,29.1,0,3.4,103.1,61.7,1006
2004080218,25.4,0,2.5,46.7,74.3,1007.4
2004080300,24.3,0,1.5,6.4,80,1007.8
2004080306,25.4,0.2,1,325,79.8,1007.9
2004080312,29,13.3,2.7,145,69.8,1006.6
2004080318,26.7,0,2.2,202.6,78.5,1006.3
2004080400,24.9,0,0.7,296,84,1007.2
2004080406,28,0,1.2,268.7,70.7,1007.1
2004080412,30.7,0,4.3,128.2,57.7,1006.6
2004080418,27.9,0,1.9,113.1,66,1006.3
2004080500,25.8,0,0.7,313.1,76,1007.4
2004080506,27.5,0,1.7,43.9,72.3,1008.5
2004080512,28.8,2,3.2,106.1,69.3,1009.8
2004080518,27.4,0,1.5,75.2,78.3,1010.8
2004080600,25.8,0,0.5,305.5,86.5,1012.1
2004080606,27.4,0,1.2,194.1,77.5,1012.8
2004080612,31.9,0,3.1,140.3,55.5,1012
2004080618,28.8,0,1.9,82.2,72.2,1010.8
2004080700,25.6,0,1.2,293.2,81.8,1010.9
2004080706,29,0,1.4,303.1,65.5,1010.3
2004080712,33.8,0,3.5,113.3,41.3,1008.6
2004080718,29.4,0,1.5,0,63.8,1007
2004080800,26.9,0,0.6,354.2,73.5,1007.3
2004080806,29.8,0,1.1,280.1,61.2,1007.8
2004080812,32.6,0,3.4,97.7,52.3,1005.8
2004080818,29.6,0,2.1,341.7,62.7,1005.7
2004080900,27,0,1.6,308.2,71.8,1006.4
2004080906,28.4,0,1.8,327.9,68,1007.5
2004080912,32,0,2.1,205,54.3,1007.2
2004080918,29.2,0,1.5,44.5,64.7,1007.1
2004081000,26,0,0.8,337.9,79.3,1008.2
2004081006,28.2,0,1.3,18.6,69.7,1008.6
2004081012,30.9,0,4.4,58.5,51.8,1008.3
2004081018,27.1,0,2.2,22.6,68.3,1009.3
2004081100,24.9,0,0.9,299.9,82.2,1009.8
2004081106,27.8,0,2.4,1.3,70.7,1010.4
2004081112,31.4,0,4.1,80,44.8,1010.1
2004081118,26.8,0,2.4,40.9,67.8,1010.2
2004081200,22.7,0,1.3,298.4,80.7,1010.6
2004081206,26.4,0,1.3,41.6,62.5,1010.4
2004081212,31.2,0,3.4,103.4,42.3,1008.9
2004081218,27,0,1.5,276.3,61.3,1008.8
2004081300,23.9,0,0.5,317.6,76.3,1009
2004081306,28.4,0,1.5,252.4,58.8,1009.2
2004081312,34.4,0,3.4,145.1,40.3,1007.9
2004081318,30.2,0,1.8,341.7,62.5,1007.9
2004081400,26.5,0,1.5,11.5,76.5,1009.6
2004081406,26.2,3,1.7,340.5,82.3,1010.3
2004081412,28.4,0,2.3,74,69.5,1009
2004081418,24.3,20,2.5,10.3,85.8,1009
2004081500,23,0.5,1.3,317.8,86.5,1009.5
2004081506,22.6,3.5,1.2,336.4,81.2,1010.7
2004081512,27.4,0,2.5,50.7,57.5,1009.5
2004081518,24.8,0,1.8,47.6,73,1009.8
2004081600,23.2,0,0.7,302,82.2,1010
2004081606,25.5,0,1,3.3,73.8,1010
2004081612,27,0,2.8,76.8,70.3,1009.4
2004081618,26.2,0,2.5,90,74,1009.2
2004081700,24.4,0.5,0.6,308.4,85.7,1009
2004081706,28.5,0,2.5,200,70.3,1008.7
2004081712,30.2,1.5,3.8,180,67.7,1007.8
2004081718,26.2,1.5,2.4,200,86,1008.3
2004081800,25,5,0.7,317.4,89.5,1008.2
2004081806,25.8,10,1.2,353,89.7,1006.7
2004081812,28.8,0.5,4,103.4,77.7,1004.7
2004081818,26.9,5,3.8,83.5,84.5,1003
2004081900,25.4,9,4.9,63.4,86.5,998.8
2004081906,25.2,79,9.4,355,85.5,980.2
2004081912,27,0,3.5,298.7,65.2,995.9
2004081918,24.7,0,2.1,55,73.8,1005
2004082000,21.8,0,2.6,42.3,75.2,1009.3
2004082006,22,0.1,1.9,12.4,76.2,1011.6
2004082012,22.5,0,3,40.1,72,1011.8
2004082018,21,0,1.5,346.5,77,1012.4
2004082100,19.7,0,1,296.4,85.2,1013
2004082106,22.7,0,1.3,0.5,69,1013.8
2004082112,25.5,0,2.9,58.5,55,1013.7
2004082118,22,0,1.9,6,71,1014
2004082200,19,2.8,1.7,304.2,82.2,1014.8
2004082206,18.6,24,1.5,280,90.2,1015.2
2004082212,21.2,17,1.9,25.6,89,1014.6
2004082218,21.2,16.5,2.9,43.8,88.8,1013.3
2004082300,19.8,23,1.9,299.1,90.7,1012
2004082306,19.6,22,1.8,270.4,90.7,1011.4
2004082312,21.6,0,2,5.1,79.2,1010.8
2004082318,20.5,0,1.5,346.4,81.2,1011.9
2004082400,19.6,0,0.7,329.8,85.7,1012
2004082406,21.1,0,0.5,16.2,78.3,1012.2
2004082412,24.2,0,1.2,55,69,1010.5
2004082418,21.8,0,0.5,8.5,78.5,1010.6
2004082500,19.2,0,0.5,336.5,89,1010.2
2004082506,21.9,0,0.6,6.4,79.5,1010.8
2004082512,25.5,0,3,76.5,61.7,1010
2004082518,22.6,0,1.8,40.7,77.3,1010.2
2004082600,20.7,0,0.9,327.8,81.5,1009.6
2004082606,22.7,0,0.9,29.7,68.2,1009.2
2004082612,26,0,2.3,47.4,58.7,1008.3
2004082618,23,0,1.1,18.9,67.8,1008.2
2004082700,21.8,0,1.5,357.9,58.8,1008.4
2004082706,24.1,0,2.6,1.4,54.3,1009
2004082712,26.5,0,4,21.6,49.8,1009.1
2004082718,22.2,0,2.9,10,68.2,1009.9
2004082800,21.4,0,2.5,3.3,73.2,1010.2
2004082806,22.9,0,3.6,16.7,65.3,1009.8
2004082812,25.9,0,4.5,29.9,53,1008.7
2004082818,22.4,0,2.5,6.6,68.7,1008.8
2004082900,21.6,0,2.1,353.4,76.5,1008.3
2004082906,23.1,0,2.8,346.8,74,1008
2004082912,26.7,0,3.5,3.4,65.5,1005.7
2004082918,23.4,0,2.6,0,75.5,1004.8
2004083000,22.8,0,2,346.4,78.5,1002.3
2004083006,23,1,4.4,0,81.3,1000
2004083012,23.4,0.5,6.5,0,81.2,993.7
2004083018,24.5,0,3.2,317.2,77.3,992.9
2004083100,22.7,0,1,287.3,81.3,997.6
2004083106,25.4,0,2.3,310.4,48.7,1003.2
2004083112,30.1,0,2.8,250,33.2,1004.3
2004083118,25.5,0,1.8,270.6,58.5,1005
2004090100,22.3,0,0.5,311.9,73.2,1005.9
2004090106,25,0,1,209.1,59,1007.2
2004090112,30.1,0,3.4,243.4,34,1006
2004090118,25.7,0,2.2,284.7,60.8,1006.8
2004090200,21,0,1.7,276.6,73.5,1009.2
2004090206,24,0,0.9,252.4,49.5,1011.1
2004090212,30.8,0,3.4,277.9,22.3,1009.7
2004090218,24.7,0,1.5,284.7,42.7,1010.8
2004090300,19.3,0,0.9,264.3,63.8,1013.2
2004090306,22.6,0,1.5,273,55,1014.8
2004090312,27.8,0,2.4,46.9,37.8,1014.1
2004090318,22.5,0,1,344,63.2,1014.5
2004090400,19.2,0,0.7,305,75.7,1015
2004090406,22.7,0,1,347,61.2,1015.2
2004090412,27.5,0,4,62.1,43.8,1013.7
2004090418,23.4,0,1.5,13.9,73.2,1013.8
2004090500,21.9,0,1,338,78.2,1013.2
2004090506,23.3,0,2,7.4,73.3,1013.2
2004090512,26.2,0,3.8,48.4,64,1012.2
2004090518,23.5,1.5,2,29.9,76.7,1011.5
2004090600,21.5,0.5,1.6,356.9,85.3,1010.2
2004090606,20,0.5,2.5,352.4,82.5,1011
2004090612,20.9,2.5,2.3,23.2,85.2,1009
2004090618,21.4,2.5,2.8,26.6,88.5,1006.1
2004090700,23.2,12.5,4.2,43.8,89,1000.8
2004090706,23.6,58,6.6,45.1,87,992.4
2004090712,23.2,41,5.2,311.3,81.7,984.2
2004090718,22,0,2.5,304.2,70.7,994.5
2004090800,18.6,0,1.2,298.7,83.5,1002
2004090806,21.8,0,1,285,69.3,1006.5
2004090812,25.5,0,2.7,69,54.2,1008.5
2004090818,22.4,0,1.5,23.4,73.2,1011.5
2004090900,20.4,0,1,304.7,84,1012.8
2004090906,21.3,0,0.9,266.7,81.3,1014.1
2004090912,24,0,1,38.7,68,1014.7
2004090918,22,0,0.7,237.5,81.2,1016.2
2004091000,20.4,0,0.8,273.6,86.2,1017.8
2004091006,20.6,0.5,1.2,45,84.3,1019.6
2004091012,20.5,5,2.2,11.5,85,1020.6
2004091018,19.5,2,2,43.4,82.7,1021.2
2004091100,19.2,4.5,3.5,43.4,86,1021.1
2004091106,19.3,5,3,353.4,86.8,1020.7
2004091112,19.5,16.5,2.7,353.2,87.7,1019.7
2004091118,19.2,3.5,2,308,87.5,1019.2
2004091200,18.6,5,1.5,280,90.7,1018.7
2004091206,19.6,0.5,1.6,273.4,89.5,1018.1
2004091212,23.4,0,1.1,243.7,83.5,1017.3
2004091218,23.3,0,1.4,212,87.7,1017
2004091300,23,0,1.7,243.1,90.7,1016
2004091306,26.2,0,3,236.4,74.7,1016
2004091312,29.3,0,3.9,235.3,58.5,1014.7
2004091318,25.9,0,1.7,254.5,73.7,1014.7
2004091400,23.4,0,0.6,6.6,80.8,1016.7
2004091406,24.5,0,2,27.5,63.8,1017.8
2004091412,25,0,3.3,40.1,62.8,1018
2004091418,22.2,0,1.7,10.2,78.3,1018.3
2004091500,21.7,0,1.5,13.4,81.7,1019.1
2004091506,22.4,0,2.2,29.9,78.3,1019.4
2004091512,24.1,0,1.9,40.1,71.8,1018.6
2004091518,22.8,0.1,1.5,14.7,78.2,1018.8
2004091600,21.7,0,0.9,318.4,84.2,1018.5
2004091606,22.1,16,1.2,210.7,90,1017.6
2004091612,27.8,0,3.7,204.9,67.5,1016.7
2004091618,25.6,0,1.6,250.7,73.7,1017.3
2004091700,22.6,0,0.2,350,86.7,1018.3
2004091706,25.2,0,0.9,233.9,74.8,1018.8
2004091712,27.5,0.5,2.3,100,70.5,1017.3
2004091718,25,0.5,1.5,259.7,79.3,1016.8
2004091800,22.6,0.5,0.8,278.7,86.8,1015.9
2004091806,22.8,11,2.1,191.1,87.5,1014.5
2004091812,24.7,2,3.2,215,80.7,1010.6
2004091818,23.5,0,0.7,203.9,83.2,1010.8
2004091900,21.3,0,1.1,339.1,88.3,1012.8
2004091906,22,0,2.1,353.4,61.2,1015.7
2004091912,26.5,0,2.4,87.2,36.8,1015.2
2004091918,20.8,0,1.3,326.8,71,1015.8
2004092000,17.1,0,0.9,276.6,84.7,1016.2
2004092006,19.7,0,0.6,272.4,70.2,1016.2
2004092012,23.2,1.5,2.3,171.6,60.7,1013.3
2004092018,19.2,41.5,1.4,30.2,88.5,1010.8
2004092100,16.8,17.5,3,330,86.2,1009.3
2004092106,18.3,0,1.7,22.4,76.2,1013.1
2004092112,22,0,1.9,59.9,61.2,1013.5
2004092118,19.8,0,0.5,329.3,75.8,1014.4
2004092200,17.7,0,1.1,320.2,82,1015.4
2004092206,20.1,0,2,343.1,68,1016.7
2004092212,22.5,0,4.4,62.3,59.8,1016
2004092218,19.4,0,1.9,317.9,74.8,1016.7
2004092300,17.8,0,0.5,309.8,81.7,1016.4
2004092306,20.2,0,2.1,358.2,71.8,1017
2004092312,22.6,0,3.4,53.3,59.2,1016.5
2004092318,19.9,0,1.9,337.6,74.5,1017.2
2004092400,19.4,0,2.5,340,78,1017.3
2004092406,20.6,0,2.4,346.8,71.5,1019.2
2004092412,23.9,0,3.7,33.8,54.8,1020
2004092418,19.8,0,2,11.5,73.3,1021.7
2004092500,18.5,0,2.4,340,77.2,1022.1
2004092506,20.9,0,3.3,16.5,65.5,1022.8
2004092512,22.6,0,4.3,45.1,55,1022.6
2004092518,20.3,0,2.7,356.6,68.2,1022.4
2004092600,19.6,0,2.4,356.7,72.3,1021.1
2004092606,21.4,0,2.5,6.6,69,1020.8
2004092612,23.7,0,4.1,53.3,59,1018.6
2004092618,20.7,0.5,2.1,350,73.8,1018.5
2004092700,19.1,3.5,1.8,321.8,87.5,1016.9
2004092706,18.8,4,1.5,299.3,87.8,1017
2004092712,23.8,0,1.9,25.5,60.8,1014.8
2004092718,19.8,0,1.2,325,79,1014.3
2004092800,17.3,0,0.6,315.4,87.7,1014.8
2004092806,19.8,0,1.5,320.2,79.8,1015.3
2004092812,22.1,0,3.8,43.4,67,1015.2
2004092818,19.9,1.5,2.4,13.4,78.7,1015.8
2004092900,18.6,5,2.5,357.7,82,1014.7
2004092906,19.1,6.5,3.8,3.4,82,1012.8
2004092912,20.9,0,4.2,6.6,64.5,1012.2
2004092918,18.5,0,2.2,343.4,68,1014.3
2004093000,15.4,0,1.1,351.9,79,1016.9
2004093006,18.9,0,1.9,21.6,69,1019.7
2004093012,23.9,0,3.8,56.4,53.2,1020
2004093018,18.5,0,2,312.8,76.8,1020.8
2004100100,15.9,0,0.6,294.6,87.3,1018.8
2004100106,19.1,0,1.5,283.5,74.7,1016.7
2004100112,25.8,0,3.7,243.2,44.2,1012.4
2004100118,22.1,0,2.3,313.2,62.3,1012.6
2004100200,16.6,0,4.2,343.4,43,1014.5
2004100206,14.9,0,3.1,353.4,41,1017.8
2004100212,18.8,0,3.5,340,36.2,1018
2004100218,14.4,0,1.9,338.7,45,1019.5
2004100300,12.1,0,1.6,350,49,1020.5
2004100306,14.3,0,2.9,340,52,1021.2
2004100312,17.7,0,3.6,13.4,61.3,1020.4
2004100318,16.4,0,2.8,353.4,68.2,1021.3
2004100400,15.1,0,1.5,333.4,76.7,1021.5
2004100406,16.8,0,2.5,353.7,69.8,1022.3
2004100412,19.7,0,3.9,31.8,54.3,1020.4
2004100418,17.1,0,2.7,343.3,66.2,1020.5
2004100500,15.8,0,2.5,315.7,68.2,1019
2004100506,18.4,0,3.8,0.9,55.8,1018.7
2004100512,21.5,0,4.5,40.1,39.5,1017.2
2004100518,16.9,0,2.7,336.6,65.7,1017.5
2004100600,13.6,0,0.7,242,79.5,1017.3
2004100606,16.6,0,1.2,340.1,63.3,1018.7
2004100612,22.3,0,2.3,37.7,44.5,1017.4
2004100618,16.7,0,1.5,340.9,71,1017.3
2004100700,14.6,0,0.6,315,76.3,1017.7
2004100706,16.4,0,1.1,270,69,1017.5
2004100712,21.2,0,1.5,35,56.3,1016.1
2004100718,18.4,0,1,325.2,75.2,1016.1
2004100800,16.8,0,1.3,343.2,77.5,1014.8
2004100806,17.5,0,0.8,299.1,75.3,1014.4
2004100812,21.9,0,2.7,10,66,1012.6
2004100818,19.7,1,3.1,10,73.7,1011.6
2004100900,17.8,1,3.5,353.5,81.7,1010.8
2004100906,19.6,0,4.2,350,73.3,1010.3
2004100912,20.8,0,4.9,10,61.5,1010.3
2004100918,19.2,0,3.2,350,65.7,1011.4
2004101000,18.3,0,3.6,346.6,70.5,1012.1
2004101006,19.2,0.4,3.6,350,67,1013.5
2004101012,22.3,0,4,21.6,46.2,1013.9
2004101018,16.9,0,1.5,305.5,68.8,1015.8
2004101100,13,0,0.7,296.5,82.7,1016.5
2004101106,15.9,0,0.6,15.7,67.2,1017
2004101112,22.7,0,2.4,145,42.2,1014.3
2004101118,18.1,0,1.5,264.3,69.3,1014.8
2004101200,15.8,0,0.6,342.1,77.5,1013.7
2004101206,17.2,0,0.8,237.7,66.7,1013.8
2004101212,23.1,0,2.9,300.9,35.3,1012.5
2004101218,16.4,0,3,326.6,28.7,1015.9
2004101300,12.4,0,2.4,356,33.2,1018.5
2004101306,13.6,0,2.4,0.9,32.7,1020.5
2004101312,19.1,0,2.5,339.5,19.2,1019.4
2004101318,12.8,0,1,301.5,47.5,1019
2004101400,10.9,0,1.8,302,57.5,1019
2004101406,12.5,0,4.1,315.1,36,1020
2004101412,16.6,0,3.2,353.5,29.8,1021.7
2004101418,12.3,0,2.3,332.1,39.5,1023.9
2004101500,8.7,0,1.2,285.3,53.5,1024.5
2004101506,11.7,0,1.5,284.5,50.2,1024.2
2004101512,20,0,2.3,117.4,31.2,1021.2
2004101518,13.8,0,1.3,267.7,61.3,1020.8
2004101600,11.7,0,1.7,286.6,74.2,1020.6
2004101606,15.7,0,1.7,322.3,64.2,1022.2
2004101612,21.1,0,5,46.8,48.5,1022
2004101618,18.2,0,4.2,21.6,62.5,1024.1
2004101700,15.7,0,3.3,3.3,61.7,1025.8
2004101706,16.5,0,3.9,23.2,55.8,1026.9
2004101712,18,0,5.4,40.1,51.8,1026.7
2004101718,16.6,0,2.8,13.4,62.2,1025.7
2004101800,16.9,0,1.5,359.3,68.2,1024.4
2004101806,18.4,0,1.8,353,67.8,1023.2
2004101812,20.8,0,2.7,35,61.5,1020.9
2004101818,18,0,1.2,331.2,74.7,1020.2
2004101900,16.4,0,0.9,318.6,83.3,1018.2
2004101906,17.7,0,1.6,349.8,74.5,1016.9
2004101912,19.3,0,3.2,16.2,67.3,1014.5
2004101918,18.6,0,3.2,20,70.5,1013.7
2004102000,18.1,0.5,3.7,16.7,82,1011
2004102006,17,3.5,5.2,6.8,83.3,1008.5
2004102012,18.2,0,6.2,6.6,64.7,1005
2004102018,15.6,0,2.8,350,56.2,1011
2004102100,11.6,0,1,341.5,69.3,1014.5
2004102106,13.6,0,1,234.9,64,1016.1
2004102112,20.8,0,2.5,185.1,44,1014.9
2004102118,15.9,0,0.9,246.9,75.8,1016.1
2004102200,14.6,0,1.4,296.6,73,1017.2
2004102206,16,0,3.7,321.8,42.7,1020.5
2004102212,19.2,0,3.4,296.6,22.5,1021.5
2004102218,13.5,0,1.9,337.2,33.2,1023.8
2004102300,10.1,0,1.8,11.6,45.7,1025.8
2004102306,13,0,1.8,305,48.8,1027.6
2004102312,17.6,0,4.2,53.3,39.7,1027.8
2004102318,13.2,0,1.9,350.3,55.2,1029.1
2004102400,9.4,0,0.4,307.7,74,1028.9
2004102406,13.3,0,0.7,317.9,66.7,1028.3
2004102412,20.6,0,2,138.6,45.2,1025.9
2004102418,15.2,0,1.4,306.9,75.2,1026.4
2004102500,11.5,0,0.9,300.7,85.7,1026.7
2004102506,14,0,1.1,239.3,67.5,1026.9
2004102512,20.2,0,3.8,76.4,40.2,1023.8
2004102518,16.4,0,1,285.1,62.2,1024.1
2004102600,14.6,0,0.9,287.7,74.7,1021.8
2004102606,15.2,0,1.6,336.5,69,1020
2004102612,18,0,3.6,358,48.2,1017.9
2004102618,13.7,0.1,2.8,356.6,68.8,1020.2
2004102700,12.1,0.2,3.2,343.3,74.3,1022.7
2004102706,13.9,0,3.1,11.9,54.2,1024.8
2004102712,15.7,0,4.1,70,39.3,1025.4
2004102718,11.3,0,1.3,320.1,59.3,1026.2
2004102800,8.3,0,0.5,335.9,77.3,1026.9
2004102806,11.9,0,0.6,242.3,68.7,1027.4
2004102812,19,0,2.5,121.8,44.7,1025.8
2004102818,13.5,0,1,305.8,69.7,1026.3
2004102900,10,0,0.7,285.2,84.3,1027.1
2004102906,13.4,0,0.7,228.3,72.5,1027.3
2004102912,20.1,0,2.2,107.6,46.2,1025.6
2004102918,14.3,0,0.8,338.8,72.8,1025
2004103000,11.4,0,0.5,298.9,84.3,1024.7
2004103006,14.1,0,0.9,236.8,73,1024.4
2004103012,20.4,0,3.3,76.8,47.2,1022.9
2004103018,14.6,0,1.1,313.1,73.2,1022.4
2004103100,11.3,0,0.7,311.3,85.5,1021.7
2004103106,14,0,0.8,17.5,76.7,1020.3
2004103112,18.1,0,3.3,46.8,54.3,1018
2004103118,14.9,0,1.9,330,67.3,1016.8
2004110100,12.1,0,0.6,302.7,81.5,1015.3
2004110106,14.4,0,1.1,254,68.8,1015.1
2004110112,19.6,0,2.9,44.7,50.3,1012.9
2004110118,16.2,0.1,1.1,315.1,73.8,1012.8
2004110200,14.6,0.1,0.6,342.7,82.2,1011.3
2004110206,15.7,0,1.9,316.8,63,1011.4
2004110212,18.1,0,2.8,298.4,43.8,1012.1
2004110218,13.6,0,1.2,305,56.7,1013.8
2004110300,10.7,0,1,302,62.8,1015.2
2004110306,12.4,0,2.1,305.3,60.5,1016.4
2004110312,16.4,0,4.2,299.9,38.8,1017.1
2004110318,12.4,0,1.8,343.4,55.7,1020.2
2004110400,8.9,0,0.9,270,72,1021.2
2004110406,11.8,0,2,273.3,60.7,1022.7
2004110412,17.9,0,2.4,139.5,38,1021.2
2004110418,12.1,0,1.3,282.4,67,1022.3
2004110500,8.6,0,0.2,333.4,81.7,1022.6
2004110506,11.1,0,0.7,295,71.3,1022.2
2004110512,19.7,0,3.1,218.2,36,1018.2
2004110518,14.9,0,1.1,273.4,61.2,1018
2004110600,11.6,0,0.5,347.4,77.2,1017.2
2004110606,15.5,0,1.6,70,70,1017.2
2004110612,19.2,0,3,14.7,45,1017.4
2004110618,13.8,0,2.1,339.7,51,1020
2004110700,9.5,0,0.9,296.6,73.2,1021.8
2004110706,12.6,0,0.9,166.1,66.7,1023.2
2004110712,18.4,0,2.7,86.6,52.8,1022.5
2004110718,13.6,0,0.6,294.1,76,1023.2
2004110800,10.8,0,0.1,348.7,86.7,1023.5
2004110806,13.2,0,0.4,295,74.3,1024.2
2004110812,20.4,0,2.5,95.1,49.5,1022.7
2004110818,15.2,0,0.8,321.4,73.7,1023.8
2004110900,11.2,0,0.4,332.3,78.8,1025.1
2004110906,13.2,0,0.4,180,68.7,1026.3
2004110912,21,0,2.4,83.5,49.5,1026.1
2004110918,15.7,0,1.3,298.8,79,1026.6
2004111000,12.6,0,0.7,293.9,87.3,1025.7
2004111006,14.9,0,0.6,281,80.7,1023.2
2004111012,20.5,0,3.3,163,73.7,1019.1
2004111018,18.9,18,4.1,178.7,87.5,1015.2
2004111100,18.1,43,1.2,267.8,91.8,1013.3
2004111106,18.8,0,1.1,260.3,88.8,1012.1
2004111112,22.2,0,2,228.7,54.2,1012
2004111118,17.6,0,2.2,356.7,68.5,1014.8
2004111200,14.6,0,2.7,6.6,54.5,1016.4
2004111206,13.3,0,4.2,318.4,39.3,1019
2004111212,13.9,0,4.2,333.2,28,1020.6
2004111218,7.9,0,2,346.5,32.5,1026.1
2004111300,4.7,0,1,299.9,50,1027.7
2004111306,7.2,0,0.9,278.2,50.5,1027.7
2004111312,14.5,0,1.9,35,48.7,1023.6
2004111318,10.6,0,1.2,5.1,62.3,1022.7
2004111400,8,1.5,0.6,316.9,80.3,1022.5
2004111406,8.4,1,0.8,5.5,76.2,1021.3
2004111412,14.1,0,1.8,1.4,42,1018.3
2004111418,10.5,0,0.3,323,55.7,1017
2004111500,10,0,1.8,346.6,49.5,1015.8
2004111506,12.2,0,2.9,328.5,48.2,1015.5
2004111512,13.1,0,4.2,320,19.5,1015.6
2004111518,7.5,0,3.3,318.4,24.7,1019.2
2004111600,4.2,0,2.3,305,45,1023
2004111606,5.9,0,0.9,250.6,51.5,1023.3
2004111612,13.4,0,4,313.4,29.2,1022.5
2004111618,8.3,0,1.1,289.3,54.7,1024.1
2004111700,4.5,0,0.2,335.2,75,1024.6
2004111706,7.2,0,0.6,303.8,65.3,1025.8
2004111712,15.7,0,2.3,349.4,34.8,1024.2
2004111718,12.3,0,0.5,329.4,58.5,1025.2
2004111800,10.1,0,0.6,298.9,68.2,1024.8
2004111806,10.6,0,1,256.6,65,1024.6
2004111812,16.8,0,2.3,86.9,36.3,1021.7
2004111818,11.1,0,0.7,5.2,66.5,1021.9
2004111900,7.1,0,0.8,264.9,79,1021.4
2004111906,9.5,0,0.9,253.7,67.7,1021.3
2004111912,17.2,0,2.2,37.1,30.7,1018.4
2004111918,10.9,0,0.9,306.6,56.3,1019.4
2004112000,7.1,0,0.8,241.2,72.5,1019.6
2004112006,9.8,0,1.4,268.4,52.8,1020.2
2004112012,16.2,0,2.5,240,25,1018.4
2004112018,11.4,0,2,317.1,47.2,1018.9
2004112100,8,0,3.5,325,47.7,1021.4
2004112106,8.2,0,2,359,45.3,1024.4
2004112112,13.9,0,2.4,10,33.8,1024.1
2004112118,8.6,0,1,285.5,55.5,1025.8
2004112200,4.7,0,1.5,283.4,66.8,1027.1
2004112206,6.6,0,1.8,254.9,60,1028.1
2004112212,16.1,0,1.9,267.8,20.7,1026.2
2004112218,8.9,0,1,293.9,44,1026.8
2004112300,4.6,0,1.1,277.8,63,1027.3
2004112306,6.9,0,1.6,250,60.3,1028.2
2004112312,16.9,0,1.4,124.7,27.2,1026.8
2004112318,10,0,0.9,285.2,48,1028.6
2004112400,6.1,0,0.6,271.3,62.2,1029.2
2004112406,8.6,0,0.5,224.4,56.7,1030.9
2004112412,17.2,0,2.7,83.2,42,1030.6
2004112418,12,0,0.9,341.3,69.8,1031.9
2004112500,8.6,0,0.5,285.2,86.3,1032.4
2004112506,10.1,0,0.4,1.6,81.5,1033.2
2004112512,16.6,0,2.7,66.7,57,1030.8
2004112518,11.8,0,1,297.8,78.7,1029.2
2004112600,10.1,0,0.9,323.3,85,1024.7
2004112606,14.5,0,3.4,263,78.8,1016.5
2004112612,12.6,1,5.9,276.6,42.3,1013.8
2004112618,7.5,0,3.2,270,38,1019.8
2004112700,8,0,3.4,299.1,46.7,1022.5
2004112706,9.7,0,2.6,288.1,44.5,1021.8
2004112712,13.4,0,3.8,323.3,32.5,1020
2004112718,9.1,0,3.7,333.4,48.2,1020
2004112800,7.2,0,3.5,347.6,55.7,1021.1
2004112806,8,0,2,4.5,53.7,1021.8
2004112812,13.8,0,2.3,106.9,36.8,1020.2
2004112818,7.8,0,0.8,283,63.3,1020.9
2004112900,4.8,0,0.8,270.2,73,1021.4
2004112906,7.1,0,1.2,311.3,60.3,1021.5
2004112912,13.4,0,2.6,319.1,23.5,1019.3
2004112918,8.6,0,1.7,315.6,32,1021.3
2004113000,5,0,1.7,290.8,40.5,1023.9
2004113006,5.8,0,1.7,267.1,44.7,1026.2
2004113012,12.8,0,2.1,342.6,27.8,1025.8
2004113018,8.4,0,2.6,342.8,45.2,1027.3
2004120100,5.4,0,1.9,0,58.8,1028.6
2004120106,6.8,0,1.7,355,54.7,1030.6
2004120112,13.2,0,2.7,18.2,27.5,1029.8
2004120118,8.4,0,1,14.9,49,1032.9
2004120200,6.8,0,0.5,72.2,59,1034.6
2004120206,8.9,0,1,142.3,63.2,1035.8
2004120212,14.5,0,4.3,70,48.2,1035.8
2004120218,11.7,0,1.8,17.6,61.2,1035.8
2004120300,9.2,0,0.4,318.7,74,1032.9
2004120306,10.5,0,0.3,342,70,1030.8
2004120312,18.4,0,2.1,220.4,40.3,1025.8
2004120318,12.9,0,1,276.1,63.5,1023.3
2004120400,10.8,0,0.4,314.9,77.8,1019.8
2004120406,11.8,0,0.3,322,82.2,1015.2
2004120412,13.7,7.5,0.5,294.6,90.8,1007.3
2004120418,13.1,14.5,1.5,314.5,88.7,999.3
2004120500,11.4,1,5.4,305,58.2,998.1
2004120506,8.3,0,5.8,310.1,44.8,1005.9
2004120512,9,0,6.6,294.9,39,1011
2004120518,5.2,0,3.8,340,47,1018.8
2004120600,2.1,0,0.7,315,57.7,1024.4
2004120606,3.2,0,1.3,281.7,51.5,1027.8
2004120612,11.9,0,2.4,190.1,23.8,1025.7
2004120618,8.8,0,2.1,257.8,31,1025.4
2004120700,9,0,1.5,167.4,49.7,1024.1
2004120706,9.5,0,2.1,322.3,48,1024.7
2004120712,11.7,0,3.3,321.8,27.3,1023.6
2004120718,6.9,0,2.7,3.2,34.7,1025.8
2004120800,2.8,0,0.6,290.4,50.7,1027.1
2004120806,4.2,0,0.8,265.8,51.3,1028.1
2004120812,12.3,0,2.5,84.5,30.2,1027.1
2004120818,6.6,0,0.9,306.8,56,1028.3
2004120900,3.3,0,0.5,263.6,70.3,1028.7
2004120906,5.5,0,0.6,271.8,65.2,1029.1
2004120912,14.3,0,1.9,79.8,50,1026.6
2004120918,8.8,0,0.6,299.2,79.5,1025.7
2004121000,5.2,0,0.4,343.6,84.5,1024.8
2004121006,8,0,1,9.4,69.7,1024.3
2004121012,16.4,0,2.9,300.6,32.2,1022.2
2004121018,11.2,0,3.2,346.6,38.8,1025.2
2004121100,5.8,0,2,327.3,31.3,1028.2
2004121106,6.4,0,1.2,254.8,34.7,1030.3
2004121112,12.4,0,3.5,63.4,41.8,1029.7
2004121118,8.1,0,0.9,328.2,61,1029.7
2004121200,4.6,0,0.6,318.7,75,1028.9
2004121206,5.7,0,0.5,280.7,74.3,1026
2004121212,12.2,0,1.7,22.4,54.5,1023.6
2004121218,10.1,0,3.4,336.1,46,1023.8
2004121300,7.5,0,2.7,350,47.2,1024.6
2004121306,6.6,0,2,18.3,42.5,1026.6
2004121312,11.9,0,2.6,25.5,16.8,1025.5
2004121318,5.7,0,1.2,266.6,35.8,1026.8
2004121400,1.6,0,1.3,273.3,46,1026.9
2004121406,3.4,0,0.7,254.8,45.2,1026.7
2004121412,14.6,0,0.9,199.2,27.8,1023.8
2004121418,8,0,0.4,304.7,53.8,1024
2004121500,4.6,0,0.5,253.4,71,1023.1
2004121506,6.2,0,0.6,270.7,71,1022.5
2004121512,15.6,0,1.1,147.3,50.7,1019.5
2004121518,13.6,0,1.2,286.9,69.7,1017.4
2004121600,12.3,0,1.8,3.4,73.2,1015.8
2004121606,10.7,0,3.6,338.6,59.3,1020
2004121612,13.2,0,3.2,342.8,29,1023.2
2004121618,8,0,1.6,325,56.3,1026.1
2004121700,5.4,0,0.9,280,72,1026.7
2004121706,6.7,0,0.7,197.8,70.5,1025.3
2004121712,15.4,0,3,215,39.2,1021.3
2004121718,10.6,0,0.8,256.6,58,1020.4
2004121800,8.2,0,0.7,257.8,67.2,1019.7
2004121806,9.3,0,1.6,350.6,43.7,1019.7
2004121812,11.7,0,3.8,340,31.5,1020.1
2004121818,6.7,0,1.1,301.7,48.2,1021.8
2004121900,3.7,0,0.6,275.5,62.8,1021.5
2004121906,6.4,0,0.6,220.2,60.8,1020.8
2004121912,12,0,1.1,21.4,52.8,1017.8
2004121918,8.8,0,0.4,322,69.7,1016.7
2004122000,8.4,0,0.6,346.5,74.8,1014.9
2004122006,9.6,0,3.7,343,60.5,1014.7
2004122012,8.3,0,4.4,328.5,17.2,1017.5
2004122018,2,0,1.9,322.7,24.8,1021.3
2004122100,-0.6,0,1.5,307.3,33,1023.2
2004122106,0.6,0,1.6,299.9,29.3,1024.3
2004122112,8.3,0,2.1,41.3,19,1021.3
2004122118,3.6,0,1,285.6,25.3,1021.4
2004122200,2.2,0,0.9,295,31.7,1020.7
2004122206,3,0,1.3,325,26.3,1020.3
2004122212,7.9,0,2.8,3.4,20.3,1018.2
2004122218,3.9,0,2.2,330.7,23,1018.7
2004122300,0.7,0,0.8,329.9,31.8,1019.2
2004122306,1.8,0,1.2,319.4,21.8,1020.3
2004122312,7.8,0,2.9,18.2,35.5,1020.2
2004122318,4.6,0,2.8,340,60.7,1022.3
2004122400,3.9,0,2.6,325.3,71.8,1023.8
2004122406,4.8,0.1,1.5,331.9,79.2,1024.1
2004122412,6.6,1.9,2.8,344,79.7,1022.3
2004122418,5,0.5,1.8,322.3,80.2,1021.8
2004122500,3.2,0.1,1.3,332.1,77.3,1020.9
2004122506,2.8,0,3.3,343.4,61.5,1020.2
2004122512,7,0,4.1,321.8,28.8,1018.8
2004122518,3,0,2,346.4,44,1020
2004122600,1,0,3,0.9,52.5,1020.5
2004122606,1.1,0,3,335.6,47.5,1022.2
2004122612,5.2,0,3.6,313.4,24.7,1021.5
2004122618,2.8,0,3,320,28.8,1021.2
2004122700,0.7,0,4.2,338.7,26.8,1021.4
2004122706,1.2,0,3.4,335.6,30.3,1022.8
2004122712,5.9,0,2.5,356.6,17.5,1022.4
2004122718,1.6,0,2.7,350,22.7,1024.1
2004122800,-0.2,0,3.5,355.5,21.8,1024.8
2004122806,-0.3,0,3.3,353.9,25,1025.1
2004122812,4.8,0,2.8,339.6,13.8,1022.7
2004122818,1.3,0,1.8,356.6,20.2,1023
2004122900,-0.4,0,2.8,353.5,25,1022.4
2004122906,-0.7,0,4.7,318.4,32.7,1022
2004122912,2.7,0,4.1,305,16.7,1022.2
2004122918,-0.3,0,2.6,325,26,1024.1
2004123000,-2.6,0,2.8,353.9,32.8,1026.2
2004123006,-1.5,0,1.8,357.2,34.7,1026.3
2004123012,3.5,0,2.8,357.5,19.7,1025.5
2004123018,0.8,0,1.3,352.8,28.5,1024.4
2004123100,-0.2,0,1.6,324.2,48.3,1021.6
2004123106,-0.5,0,4.4,323.3,59.7,1019
2004123112,3.1,0,5.4,296.6,22.7,1016.2
2004123118,-0.4,0,4,315.1,31.2,1018.4
2005010100,-2.3,0,4.2,321.8,39.7,1019.7
2005010106,-2.2,0,5,321.8,34.3,1021.1
2005010112,1.9,0,5.4,315.1,17.2,1020.7
2005010118,0.1,0,4.5,297.5,23.5,1021.8
2005010200,-0.2,0,3.8,331.9,43.8,1022
2005010206,1.4,0,1.4,286.6,48.2,1022.5
2005010212,8,0,2.7,273.9,26.8,1020.2
2005010218,3.6,0,2,273.3,42,1020.8
2005010300,2.1,0,2,275.1,54.8,1020.2
2005010306,6.5,0,4.5,246.6,50.3,1018.5
2005010312,10.9,0,5.6,240,33.8,1015.2
2005010318,9.1,0,3.8,253.2,31.5,1014.1
2005010400,5.4,0,3.6,293.2,37.7,1015.2
2005010406,1,0,3.7,321.8,27.3,1020.5
2005010412,2.9,0,5.1,310.1,12,1022.3
2005010418,-0.6,0,3,342.5,19.2,1026.1
2005010500,-3.6,0,1.7,329.8,30.2,1027.9
2005010506,-2,0,1.2,296.2,33.3,1030.1
2005010512,6,0,1.7,48.4,34.5,1027.4
2005010518,3.7,0,1.2,325.5,45.5,1026.1
2005010600,2.6,0,0.9,287.2,49.2,1023.2
2005010606,3.5,0.3,1.3,321.4,53.7,1022.2
2005010612,8.9,0,3,303.8,18.7,1020.1
2005010618,4.7,0,2.6,328.5,33.3,1021.3
2005010700,2.9,0,0.6,307.5,49,1021.3
2005010706,4.2,0,2.5,251.6,46.8,1021.5
2005010712,6.1,0,5.1,290,13.2,1022.2
2005010718,1.2,0,3.3,321.5,18.5,1025.5
2005010800,-1.9,0,1.6,3.4,28.7,1026.2
2005010806,-0.8,0,4.6,332.5,20.3,1026.6
2005010812,3.7,0,4.6,315.1,16.8,1024.4
2005010818,0.9,0,1.6,307.1,29,1023.5
2005010900,-1.9,0,3.8,323.9,35.7,1024.2
2005010906,-4.4,0,4.6,315.1,23.5,1026.1
2005010912,1.2,0,3.7,308.2,12,1024.6
2005010918,-1.9,0,4.2,316.8,15.2,1025
2005011000,-4.5,0,3.3,328.5,24.7,1024.9
2005011006,-4,0,3,353.5,30.8,1026.2
2005011012,2.4,0,4.6,303.8,23.7,1024
2005011018,-0.6,0,0.7,299.1,38.5,1023.4
2005011100,-0.9,0,0.5,33.8,52.2,1022.4
2005011106,0.8,0,1.9,328.1,39.3,1022
2005011112,4.6,0,4.8,295,16.3,1020.6
2005011118,0,0,3,343.3,28.3,1021.4
2005011200,-1.9,0,4,326.6,35.3,1022.1
2005011206,-1.7,0,4,326.6,34.3,1023.4
2005011212,2.1,0,4.3,321.8,24.7,1023.2
2005011218,-0.3,0,2.6,342.4,32,1023.4
2005011300,-2.3,0,2,314.5,43.8,1022.8
2005011306,-1,0,3.2,305.8,46.2,1023.7
2005011312,3.4,0,3.2,317.2,27.3,1021.9
2005011318,-0.1,0,2.4,359.5,37.5,1023.2
2005011400,-2.8,0,2.3,346.6,43.8,1023.9
2005011406,-1.2,0,1.4,297.6,44,1023.8
2005011412,6.8,0,2.1,16.7,32,1019.8
2005011418,3.5,0,1.5,335,48.5,1019.4
2005011500,1.7,0,1.6,15.9,48,1018.4
2005011506,1,0,2.6,336.6,39.7,1017.7
2005011512,5.1,0,4.8,305,20.8,1014.9
2005011518,1.9,0,2.9,320,31.2,1015.5
2005011600,-0.5,0,2.8,325,43,1013.8
2005011606,-1.5,2,4.8,320,77.5,1011.5
2005011612,1.2,8.5,3.2,343.1,79.8,1011.9
2005011618,1.5,0,2.7,346.4,65,1017
2005011700,-0.1,0,2.9,350,68.2,1020.3
2005011706,1.1,0,3,346.6,57.3,1021.9
2005011712,6.3,0,2.6,358.8,35,1021.2
2005011718,1,0,1,293.3,62.2,1021.8
2005011800,-2.4,0,1.1,253.4,73,1022.1
2005011806,0.8,0,1.3,265.8,60.7,1021.8
2005011812,7.7,0,2.3,60,32.8,1019.6
2005011818,2.9,0,1,296.3,55.7,1018.8
2005011900,1.6,0,1.2,284.7,63.5,1018.2
2005011906,1.4,0,3.3,316.8,42.2,1020.3
2005011912,3.9,0,4.4,310.1,20.5,1020.7
2005011918,0.8,0,1.7,307.1,36.2,1022.2
2005012000,-0.9,0,2.8,299.9,42.8,1023.8
2005012006,-0.5,0,3.3,323.3,40.7,1024.2
2005012012,2.4,0,5.2,323.3,22.5,1024.7
2005012018,-1.1,0,4.2,302.9,28.7,1027.1
2005012100,-3.9,0,3.6,343.4,42.2,1029.7
2005012106,-3.8,0,2.4,12.4,40.8,1031.2
2005012112,3.5,0,2.2,48.7,21,1030.3
2005012118,-0.1,0,0.9,289.9,32,1030.5
2005012200,-1.5,0,2,300.2,29.8,1029.6
2005012206,-0.9,0,1.4,265.3,31.7,1028.8
2005012212,6.9,0,1.6,80,28.7,1026.8
2005012218,4.6,0,1,325,47.7,1024.9
2005012300,2.8,0.3,0.7,353.3,67.3,1022.7
2005012306,3.4,1.2,2.1,343.4,83.7,1022.5
2005012312,7.9,0.5,2.7,353.2,66.2,1021.4
2005012318,4.7,0,0.8,317.6,77.8,1021.7
2005012400,3.4,0,0.6,89.3,83.3,1020
2005012406,5.3,0,0.9,20.9,76.2,1017.2
2005012412,8.4,0,3.2,340,37.7,1015.6
2005012418,5.4,0,3.5,316.8,41.3,1015.9
2005012500,1.5,0,1.1,313.3,59.5,1016.6
2005012506,2.4,0,0.9,250,60.5,1016
2005012512,6.4,0,2.1,359.7,58.3,1013.1
2005012518,3.2,4.5,3.5,336.7,85.5,1012.7
2005012600,3.2,16,3,340,86,1014.4
2005012606,4.2,3,1.8,343.3,80.8,1017.6
2005012612,8.2,0,2.2,19.3,54.5,1017.8
2005012618,4.8,0,1.2,315,65.3,1017.8
2005012700,3,0,0.9,350,77.2,1017.3
2005012706,4.7,0,2.2,7.4,50.2,1016.8
2005012712,9.8,0,2.8,0,23.5,1015.2
2005012718,4.4,0,1.3,275.7,40.2,1015.6
2005012800,1.1,0,1.1,274.1,53.2,1015.8
2005012806,2.5,0,1.3,264.1,47,1015.9
2005012812,10.9,0,1.8,153.9,25.2,1013.6
2005012818,5.2,0,0.9,284.3,49.2,1013
2005012900,0.9,0,0.8,318.7,63.8,1012
2005012906,3.1,0,0.7,310.5,55.2,1009.7
2005012912,8.6,0,3.9,305,33.5,1006.8
2005012918,2.3,0,5.1,307.1,33.3,1011.2
2005013000,-1.2,0,3.5,336.1,38.2,1016.8
2005013006,-1.1,0,4.3,313.4,28.3,1017.9
2005013012,1.8,0,3.8,316.3,16.5,1015.7
2005013018,-0.4,0,4.5,323.3,20.5,1016.7
2005013100,-3.1,0,4.8,316.3,28,1015.9
2005013106,-2.7,0,4.6,305,20.5,1015.2
2005013112,2,0,5.2,276.6,15.2,1011.7
2005013118,0.1,0,3.7,266.6,37.8,1007
2005020100,-4.6,0.2,4.3,288.2,41,1007.2
2005020106,-6.5,0,5.8,299.6,29.3,1006.8
2005020112,-2.5,0,5.9,299.9,22.3,1007.5
2005020118,-4.9,0,5.9,294.9,31,1010.2
2005020200,-6.5,0,4.6,330,41.7,1014.3
2005020206,-4.5,0,4.7,332.5,38.8,1016.6
2005020212,2.2,0,5.6,315.1,24.3,1015
2005020218,-1.2,0,2.8,319.8,38.7,1017.3
2005020300,-2.7,0,4.1,336,48.7,1019.7
2005020306,-1.5,0,3.1,308.2,43.2,1022
2005020312,4.8,0,3,319.3,20,1021.6
2005020318,1,0,1.4,303.1,29.8,1022.1
2005020400,-0.9,0,0.7,252.8,41,1021.6
2005020406,1.8,0,1.5,353.9,29.8,1021.8
2005020412,8.6,0,3.3,313.4,17.5,1019.7
2005020418,4.4,0,1.9,332.1,24.3,1020.2
2005020500,1.6,0,3.8,336.1,31.3,1021.7
2005020506,2.5,0,3.8,318.4,36.5,1022.4
2005020512,8.4,0,2.8,335.7,18.5,1021.3
2005020518,3.7,0,1.8,341.1,31.2,1023.1
2005020600,0,0,0.8,332.6,60.3,1025.6
2005020606,2.4,0,1,336.6,61.7,1027.2
2005020612,8.6,0,3.2,79.6,46.2,1026.6
2005020618,5.2,0,1.3,5.9,62,1026.9
2005020700,4.1,0,0.8,270,67.2,1027.1
2005020706,5.5,0.4,1.1,323.2,78.2,1026.3
2005020712,7.2,0.1,1.9,349.8,75.3,1024.2
2005020718,7.1,0,1,312.4,70.5,1023.5
2005020800,6.1,0,0.6,304.7,73.8,1022.6
2005020806,6.2,0.1,0.6,313.3,76.3,1022.5
2005020812,9.6,0.1,2.6,356.6,59,1023.2
2005020818,5.4,0,1.3,310.5,65.8,1024.8
2005020900,1.6,0,0.8,267.6,78.5,1025.7
2005020906,2.8,0,1,310.7,72,1024.1
2005020912,8.2,0,2.3,20,52.5,1021.3
2005020918,4,0,4.4,326.6,59.2,1021.3
2005021000,1.2,0.1,4.2,325,49.8,1022.2
2005021006,-0.1,0,5.8,321.8,29.8,1024.2
2005021012,3.5,0,5.6,305,15.5,1024.8
2005021018,0.8,0,3,320,15.5,1027.7
2005021100,-3.3,0,3.3,346.5,26.2,1029.9
2005021106,-3.1,0,4.5,328.5,23.5,1031.3
2005021112,2.4,0,4.4,305,13.2,1029.9
2005021118,0.1,0,2.5,343.1,20.5,1030.2
2005021200,-3.6,0,2.2,346.1,26.3,1030.4
2005021206,-3.1,0,2,339.1,26.8,1031.4
2005021212,3,0,1.7,340.6,14.7,1029.2
2005021218,-0.1,0,1,310.8,21.7,1028.2
2005021300,-1.9,0,1.5,279.5,29.7,1027.4
2005021306,0.1,0,3.5,318.4,15.7,1028.7
2005021312,6.9,0,3.6,318.4,10.8,1027.9
2005021318,3.6,0,2.7,323.3,19,1030.2
2005021400,0.2,0,1.7,320.9,38.5,1031.4
2005021406,0.7,0,1,256.6,41,1030.7
2005021412,8.9,0,1.4,181,31.8,1027.5
2005021418,7,0,1.8,297.3,33.3,1026.9
2005021500,5.2,0.3,0.4,316.2,72.8,1025.9
2005021506,5.3,3.3,0.6,359.1,87,1024.5
2005021512,7.2,2,3.9,31.8,82,1022.6
2005021518,7.6,5.5,4.3,60,84.8,1019.2
2005021600,7.4,8,3.8,14.7,82.5,1014
2005021606,6.4,0.5,3.2,0,80.3,1013.3
2005021612,7.5,0,2.7,356.7,73.5,1014.2
2005021618,6.6,0,2.4,330,78.5,1016.6
2005021700,6.1,0,2.6,328.8,79.5,1020.2
2005021706,6.6,0,3,356.8,76.2,1022.3
2005021712,7.5,0.2,4.3,29.9,70.7,1023.8
2005021718,6.2,0.3,4.1,48.4,70.3,1025.9
2005021800,5.8,0,4.8,48.4,56.5,1026.1
2005021806,5.9,0,5.2,50,58.5,1025.1
2005021812,4,5.5,3.7,4.5,81.5,1022.7
2005021818,4.6,5,3.6,340,84.2,1021
2005021900,4.8,2,2.7,320.3,84.8,1018.7
2005021906,4.8,0,1.1,327.2,81.7,1017.6
2005021912,7.9,0,4.1,310.1,52.3,1014.5
2005021918,0.6,0,4.5,310.1,25.3,1017.5
2005022000,-3.7,0,4.1,299.9,31.2,1021.4
2005022006,-4.7,0,5.3,318.4,23.5,1023.3
2005022012,0.3,0,5,298.5,16.7,1022.3
2005022018,-1.3,0,2.4,325,31.3,1022.2
2005022100,-4.4,0,3,326.6,43,1024.4
2005022106,-3.6,0,3.2,310.1,37.7,1026.3
2005022112,2.3,0,3,285,15.5,1025.3
2005022118,-0.9,0,1.9,336.6,24.5,1024.8
2005022200,-4.4,0,1.2,285.2,40.3,1025.9
2005022206,-1.5,0,1,271.1,40.8,1025.2
2005022212,7.5,0,5.5,220,35,1018.9
2005022218,7.3,0,4.2,231.8,62.2,1012.7
2005022300,6.8,0,4.4,253.3,39.7,1012.2
2005022306,5.5,0,2.6,292.6,22.5,1015.6
2005022312,10.3,0,2.9,54.8,19.2,1016.1
2005022318,5.5,0,1.4,12.9,31.7,1017.3
2005022400,2.3,0,1.5,297.4,33.8,1016.7
2005022406,2,0,1.9,292.8,50.7,1014.8
2005022412,3.4,1,2.3,314.8,82.3,1012.8
2005022418,1.9,0,1.1,310,83,1013.3
2005022500,0.1,0,1.4,341.6,78.5,1013.9
2005022506,0.7,0,3.7,331.9,28.5,1016.8
2005022512,4,0,5,320,16,1017.7
2005022518,0.4,0,4.3,308.2,19.7,1020.4
2005022600,-3.2,0,5.2,326.6,30.2,1022.5
2005022606,-2.9,0,4.6,318.4,26.7,1024.2
2005022612,3.3,0,4.3,290,14.7,1023.9
2005022618,0.2,0,2.8,315.1,18.5,1025.7
2005022700,-2.7,0,3.1,343.4,29.7,1026.9
2005022706,-0.8,0,4.3,321.8,27,1027.4
2005022712,6.7,0,2.4,209.3,16.5,1023.4
2005022718,3.7,0,2.4,340,21,1023.4
2005022800,1.4,0,3.4,313.4,29.3,1023.8
2005022806,2.6,0,2.8,325.8,39.7,1024.1
2005022812,9.3,0,2.2,320,21.2,1021.5
2005022818,5.3,0,2.5,310.1,25.7,1022.2
2005030100,1.4,0,3.1,330,25.3,1023.8
2005030106,2.2,0,3.2,323.5,25.3,1025.8
2005030112,9.2,0,3.2,313.4,12.2,1024.6
2005030118,5.2,0,2.3,333,19.7,1025.4
2005030200,1.2,0,0.6,311.8,37.2,1027
2005030206,3.2,0,1.1,244.9,39,1027.2
2005030212,9.1,0,3.3,356.2,39.7,1024.7
2005030218,5.1,0,2.3,356.7,57,1026.2
2005030300,2.6,0,2.7,326.7,61.5,1026.6
2005030306,2.2,0,2.2,350,43.8,1025.8
2005030312,7.4,0,2.8,333.2,19.2,1022.8
2005030318,3.4,0,3.4,328.8,27.5,1023.1
2005030400,-0.3,0,4.2,323.3,33.5,1024
2005030406,0.8,0,4,325.9,30.2,1022.4
2005030412,6.8,0,4.9,333.7,25.3,1020.8
2005030418,2.2,0,2.2,354.1,67.2,1022.7
2005030500,0.5,0,1.7,335.7,76.5,1022.8
2005030506,1.6,0,2.6,327.2,64.3,1022.1
2005030512,4.7,0,3.6,19.3,54.3,1020.4
2005030518,1,2,2.7,351.2,83.2,1020.6
2005030600,0.7,16.8,1.5,336.6,92,1021.5
2005030606,1.4,1.1,2.9,346.5,71.7,1025.1
2005030612,7.5,0,2.1,55.4,42.7,1025.2
2005030618,4,0,1.3,255.3,56,1024.4
2005030700,0,0,0.8,309.6,74.8,1023.8
2005030706,2.5,0,0.4,290.4,53.3,1023.7
2005030712,13.5,0,3.5,202,26.7,1021
2005030718,9.1,0,3.3,217.1,53.3,1020.8
2005030800,6.7,0,1.8,228.7,64.7,1021.8
2005030806,6.6,0,0.5,234.9,67,1022.8
2005030812,16.3,0,4.8,215,39.2,1018.9
2005030818,12.6,0,3.1,212.1,57.8,1018.4
2005030900,7.1,0,1,235.7,68.2,1021.8
2005030906,7.9,0,1.2,240,61.8,1023
2005030912,13.1,0,3.1,119.9,57,1020.6
2005030918,13.2,0,3.3,209.9,70.2,1017.3
2005031000,11.2,0,1.5,217,82.5,1016.3
2005031006,13.9,0,1.4,261.7,74.7,1014.6
2005031012,18.9,0,4.7,198.5,51.7,1011.2
2005031018,14.3,0,2.6,171.4,72.5,1010.4
2005031100,8.5,0,3.1,28.5,87.3,1011.5
2005031106,7.2,0,1.5,356.9,88,1010.1
2005031112,7,2,1.9,357.2,83.2,1009.4
2005031118,4.6,0,3.5,316.3,47.5,1009.8
2005031200,-1.1,0,4.7,299.9,42.8,1014.4
2005031206,-1.4,0,4.3,315.1,29.5,1017.3
2005031212,3.8,0,4.9,318.4,21,1016.8
2005031218,0.6,0,3.2,326.6,28.3,1017.2
2005031300,-2.8,0,4.9,305,41.3,1019.2
2005031306,-1.3,0,4.4,294.9,34,1018.8
2005031312,5.4,0,4.6,296.2,16.8,1016.1
2005031318,2,0,4.1,305,25.5,1016.3
2005031400,-0.2,0,2.4,294.9,37.8,1018.7
2005031406,2.3,0,3.7,294.9,37.7,1020
2005031412,9.2,0,3.4,29.7,24.2,1019.5
2005031418,5.6,0,1.8,245.5,46,1020.5
2005031500,2.5,0,0.6,304.7,59.2,1021.2
2005031506,5.3,0,1.4,241.3,53.3,1020.9
2005031512,10.2,0,4.5,246.6,44.7,1020.4
2005031518,7.6,0,1.4,296.5,69.8,1020.8
2005031600,3.9,0,0.7,274.4,86.8,1022.8
2005031606,7.2,0,1.6,37.5,71,1024.2
2005031612,13.7,0,3.1,139.2,46.5,1022.7
2005031618,11.4,0,2.3,180.3,63,1020.1
2005031700,8.1,8.5,0.7,2.3,93,1014.8
2005031706,7.4,29,2.1,337.2,92,1009.8
2005031712,11.4,2.5,2.9,299.1,63.5,1010.9
2005031718,9,0,0.5,312.1,67.2,1011.2
2005031800,6.6,0.5,4,299.9,62,1012.1
2005031806,6.3,0,4.4,310.1,45.3,1017.5
2005031812,11.2,0,4.6,286.7,24.3,1019.3
2005031818,8.1,0,3.1,316.8,22.5,1021
2005031900,3.7,0,3.2,352,35.5,1024.3
2005031906,5.6,0,1.3,315,37.7,1027.1
2005031912,11.9,0,3.4,116.6,37.2,1025.7
2005031918,8.3,0,1.8,220.4,48,1023.5
2005032000,5.6,0,0.7,320,60.5,1022
2005032006,7.9,0,1.1,10,46.7,1020.8
2005032012,14.2,0,4.2,301.8,17.3,1017.8
2005032018,11,0,3,321.8,29.3,1019.2
2005032100,6.1,0,0.8,300.7,53.7,1023.2
2005032106,8.1,0,1.6,214.1,54,1024.5
2005032112,14.4,0,4.1,148.5,30.7,1019.9
2005032118,12,0,2.7,191.5,44.5,1016
2005032200,7.5,4,1.8,349.6,89,1012.6
2005032206,7.4,17,2.1,346.8,92.3,1007.9
2005032212,10.6,4,2.8,350,75.5,1006.7
2005032218,8.4,0,1.2,337,85,1009.9
2005032300,6.3,0,0.9,289.3,92.7,1011.7
2005032306,8.8,0,1.5,322.8,79,1012.5
2005032312,10.9,0,2.8,48.4,65.7,1011.9
2005032318,8.3,2,1.8,317.9,83.8,1012.8
2005032400,4.7,1,1.1,282.4,92.3,1011.5
2005032406,5.3,0.5,4.4,267.1,60.3,1008.5
2005032412,6.3,0,6.5,294.9,46.7,1009.2
2005032418,3.3,0,4.9,308.2,46,1014.1
2005032500,0.9,0,3.6,291.6,45.2,1017.4
2005032506,2.7,0,2.9,307.1,36.2,1019.2
2005032512,11.1,0,3.8,253.4,20.3,1016.4
2005032518,9.1,0,1.9,270.7,28.5,1014.9
2005032600,3.8,0,0.6,353.6,54.7,1018.9
2005032606,6.5,0,1.2,235,53.7,1021.5
2005032612,17.1,0,3.2,193.4,27.3,1020.1
2005032618,13.6,0,3.6,215,36.2,1020.3
2005032700,8.3,0,0.9,285.1,62.3,1020.3
2005032706,9.1,0,0.7,79.3,62,1019.8
2005032712,11.8,4,2.8,186.6,85.5,1017.1
2005032718,11.1,7,1.3,161.2,96.2,1014.5
2005032800,10.7,1,0.4,308.1,95.8,1011.2
2005032806,12.8,0,2.2,302.2,74.7,1008.7
2005032812,19.6,0,4.2,301.8,22.7,1005.7
2005032818,14.5,0,5,315.7,30.7,1005.8
2005032900,7,0,3,332.1,43.5,1011.3
2005032906,7.8,0,2.4,314.5,39.2,1013.2
2005032912,13.8,0,3.4,296.6,17.8,1010.1
2005032918,8.9,0,2.8,350.2,25.3,1010.6
2005033000,4.6,0,2.5,328.5,37.8,1013.6
2005033006,6.9,0,2.1,307.5,35.8,1014.2
2005033012,16.5,0,3.3,347.9,18.5,1011.2
2005033018,12.5,0,2.1,244.2,31.3,1010.5
2005033100,8.8,0,1.6,342.8,27.5,1013
2005033106,10.1,0,1.4,264.9,38.3,1016.2
2005033112,17.1,0,3.5,48.8,22.3,1015.8
2005033118,11.8,0,1.7,120.4,53.7,1017.1
2005040100,7,0,0.9,276.6,74,1018.7
2005040106,10.5,0,1,230.1,54.5,1019.9
2005040112,17.3,0,3.3,119.9,25.2,1018.8
2005040118,12.9,0,2,181.2,59,1018.4
2005040200,8.4,0,0.9,270,78,1017.9
2005040206,10.6,0,0.7,227.9,68.5,1016.8
2005040212,19.3,0,4,212.3,26.8,1013
2005040218,14.5,0,1.6,291.2,49.3,1011.7
2005040300,9.2,0,1.9,26,66.7,1013.2
2005040306,8.8,1,2.2,346.4,75.7,1013.5
2005040312,7.7,3.5,4.5,356.7,70.7,1015.4
2005040318,6.2,0,2.4,326.3,55.7,1017.8
2005040400,2.1,0,1,300,76.8,1019.5
2005040406,7.1,0,1,201.4,63.5,1020.1
2005040412,17.8,0,3.9,176.1,29.2,1018
2005040418,13.6,0,2.4,226.6,36.5,1016.1
2005040500,9.4,0,0.9,311.9,53.3,1017.5
2005040506,13.1,0,1,241.2,40.3,1017.4
2005040512,25.4,0,3.8,250,10.8,1014.8
2005040518,17.2,0,2.5,250,36.2,1015.1
2005040600,14.2,0,3.5,218.4,36,1016.2
2005040606,15.5,0,4.8,226.8,61.3,1015
2005040612,18.2,0,5.6,225.1,64.3,1012.8
2005040618,16.9,0.5,5.3,223.4,71.2,1009.5
2005040700,15.7,0,3.7,224.7,74.2,1007.5
2005040706,17.9,0,1.9,80,68.5,1007.8
2005040712,26.2,0,4.9,220.7,42,1006.8
2005040718,18.2,0,2.4,75.8,74.7,1008.2
2005040800,16.9,0,1.9,349.8,69.2,1012.2
2005040806,16,0,2.1,25.8,45.5,1015.8
2005040812,16.2,0,4.8,73.3,53.7,1017.9
2005040818,12.1,0,2.5,28.5,71.5,1019.9
2005040900,9.7,0,0.9,287.3,81.3,1021.2
2005040906,13,0,2,165.9,65.5,1020.8
2005040912,13.5,1,2,53,67.5,1018.1
2005040918,12.4,0,1,349.3,84.3,1013.9
2005041000,17.7,2,4.4,176.5,87.8,1008.7
2005041006,18.5,22,3.3,190.2,93,1005
2005041012,11.3,6,3.2,38.4,87.5,1009.2
2005041018,10.1,0,1.8,346.5,72.5,1015.5
2005041100,8.6,0,2.5,350,73.8,1017.5
2005041106,10,0,4.1,28.5,67,1018.5
2005041112,12.9,0,4.6,35,48.5,1017.7
2005041118,9.8,0,3.5,23.2,62.8,1017.2
2005041200,7.8,0,2.3,326.6,71.3,1016.4
2005041206,9.5,0,1.7,326.1,66.7,1015.4
2005041212,14.1,0,2.7,135.1,51.5,1013
2005041218,11,0,1.8,110,70.7,1012.7
2005041300,7.7,0,0.6,285.6,86,1012.1
2005041306,11.8,0,2.3,350,62,1012.4
2005041312,16.7,0,3.7,98.4,43,1012.6
2005041318,12.1,0,1.7,70,74.3,1015.2
2005041400,7.5,0,1.3,280.1,80,1017.5
2005041406,12,0,1.2,230.2,45.2,1017.9
2005041412,20.7,0,4.6,220.9,17.3,1015.3
2005041418,15.7,0,2.9,222.4,29.2,1015
2005041500,10.5,0,0.8,286.4,54.2,1018
2005041506,13.1,0,3.2,346.1,40.3,1020.6
2005041512,16.9,0,3.5,110.8,31.2,1019.8
2005041518,12.1,0,1.8,160.1,61.3,1019.4
2005041600,9.2,0,1.6,319.8,40.5,1020.7
2005041606,12.8,0,1.2,60.4,20.2,1021
2005041612,20.8,0,3.4,107.1,16.3,1019
2005041618,16.4,0,2.2,224.4,25,1019
2005041700,10.1,0,0.5,300.3,46.7,1020.8
2005041706,14.7,0,0.8,204.6,37.2,1022.2
2005041712,22.3,0,3.3,110.2,27.8,1020.9
2005041718,17.6,0,1.3,73.5,50.3,1020.1
2005041800,14.8,0,0.3,340.5,38.3,1021.5
2005041806,15.7,0.1,1.5,0.8,47,1023.5
2005041812,20.5,0,4.1,113.2,46.2,1023
2005041818,15.8,0,1.4,41.6,70.2,1023.9
2005041900,12.1,0,0.2,345.5,87.2,1025.2
2005041906,13.8,0,1.2,75,80.5,1025.8
2005041912,20.7,0,3.2,156.6,43.8,1021.7
2005041918,16.9,4.5,2.6,199.7,66,1017.3
2005042000,14.3,7.5,2.8,211.2,91.5,1010.3
2005042006,16.4,0,3.4,301.8,44,1007.3
2005042012,20.2,0,4.8,266.6,16.5,1007.8
2005042018,15.5,0,2.9,283.4,17.7,1008.8
2005042100,12.5,0,1.8,286.3,30.3,1009.1
2005042106,14.3,0,2.4,245.6,36.7,1007.8
2005042112,18.9,0,4.4,266.7,24.5,1004.7
2005042118,14.7,0,4.2,273.3,18.8,1006.8
2005042200,11.6,0,4.8,273.3,21,1010.5
2005042206,13.9,0,3.9,246.6,22.5,1013.2
2005042212,20.6,0,5.2,266.6,14,1012
2005042218,16.5,0,2.7,322.3,19.5,1013.4
2005042300,11.7,0,2.5,349.6,29.7,1016.8
2005042306,14.2,0,2.2,345.1,30.8,1018.3
2005042312,16.7,0,4.8,70,32.2,1018.4
2005042318,12,0,1.9,1.9,61.7,1020.5
2005042400,8.2,0,0.9,276.6,78.8,1021.5
2005042406,12.6,0,1.4,186,63,1020.8
2005042412,18.5,0,3.7,143.3,36.2,1018
2005042418,14.3,0,2.7,188.1,55.3,1015.9
2005042500,12.2,0,0.8,306.9,58.8,1014.9
2005042506,15.4,0,1,289.6,45.8,1013.8
2005042512,20,0,4.2,107.3,39.3,1011.2
2005042518,17.5,0,2,269.5,54.5,1009.6
2005042600,15.1,0,2.2,331.3,48.8,1011
2005042606,17.4,0,3,317.4,29,1012.5
2005042612,22.4,0,4.2,160,17.8,1011.2
2005042618,16.6,0,2.6,217.8,43.2,1010.5
2005042700,11.8,0,0.5,315,66,1010.3
2005042706,18.5,0,1.9,150.8,36.5,1009.2
2005042712,25.3,0,6,211.8,16,1006.1
2005042718,19.4,0,3.3,203.2,45.3,1005.5
2005042800,17.3,0,4.1,220.1,70.2,1005.1
2005042806,20.5,0,4.2,191.7,61,1004.5
2005042812,27.2,0,4.6,199.7,38.7,1002
2005042818,20.2,0,2.2,112.1,69.8,1002.3
2005042900,17.4,0,0.3,12.1,79.5,1004.5
2005042906,20.7,0,0.9,43.8,70.3,1005.9
2005042912,25.1,0,3.6,108.2,49.8,1006
2005042918,20.5,0,1.4,96,61.2,1006.4
2005043000,18.2,0,0.4,20,75.8,1007.4
2005043006,23.1,0,1.5,84.9,69.7,1006.8
2005043012,25.3,0,4,215,65.5,1005.5
2005043018,21.7,0,3.7,225.1,70.2,1004.8
2005050100,19.5,3.5,1.7,140,85.7,1003
2005050106,19.7,1,1,45,89,1001.2
2005050112,24.1,0,2.5,121.7,70,998.9
2005050118,16.1,0,2.2,47.6,76.5,1003.2
2005050200,14.9,0,2.1,356.9,67.2,1008.2
2005050206,16.6,0,3.1,37.8,54.8,1012.1
2005050212,20.9,0,3.5,106.5,34.3,1011.2
2005050218,15.4,0,1.9,185.4,59.2,1011.2
2005050300,11.3,0,0.8,266.7,76,1012
2005050306,17.3,0,0.5,239.7,55.7,1012.8
2005050312,23.6,0,2.6,119.9,23.3,1011.6
2005050318,18.1,0,1.3,35.7,34.5,1010.6
2005050400,13.9,0,0.9,264.2,56.7,1010.8
2005050406,20.1,0,1.6,236,42.3,1012.1
2005050412,27,0,2.2,139.1,24.3,1010.2
2005050418,21.1,0,1.2,359.8,45,1009
2005050500,15.5,0,0.2,335.9,53.3,1009.6
2005050506,20.1,0,1.6,150.5,58.7,1008.4
2005050512,22.5,0,2.8,151.3,65.7,1005.7
2005050518,17,12,1.9,82.6,89,1004
2005050600,15.7,6.5,2.8,55.3,92.7,1001.2
2005050606,15.9,1,1.4,346.3,88.2,998.2
2005050612,17.1,0,1.5,21.5,85,997.2
2005050618,13.9,4.5,2.8,48.4,88.2,999
2005050700,11.1,0.1,1.4,13.4,86.7,1004.1
2005050706,11,0,2.5,29.9,79.8,1009
2005050712,12.6,0,3.2,66.6,70.3,1011.3
2005050718,11.7,0,1.7,27,77.2,1010.9
2005050800,10.8,0,0.5,335.9,86.2,1009.5
2005050806,12.9,0,1,256.5,79.3,1008.2
2005050812,19.5,0,2.9,220.4,52.5,1004.5
2005050818,16.9,0,1.7,278.6,67.5,1002.5
2005050900,14.4,0,2.3,299.1,70,1003.5
2005050906,15.7,0,4.5,290,34.3,1005.2
2005050912,21.3,0,3,42.3,28,1004
2005050918,17.5,0,2.9,329.7,36.3,1004.9
2005051000,11.9,0,2.1,326.9,52.7,1008.8
2005051006,15.3,0,1.5,3.9,45.8,1011.5
2005051012,19.6,0,4.1,122.6,35.5,1011.3
2005051018,15.5,0,2.7,215,53.5,1012.2
2005051100,11.4,0,1.1,273.3,72.8,1012.8
2005051106,15.1,0,1.2,238.5,62.7,1011.9
2005051112,20.9,0,3.4,125,39.8,1009.3
2005051118,17.7,0,2,222,48,1007.2
2005051200,12.7,3,1.5,355.2,79.8,1006.8
2005051206,14.7,0,0.9,325,76.2,1007.2
2005051212,20.4,0,3.6,34.6,53.3,1007.7
2005051218,14.6,0,3,37.7,76.3,1010.5
2005051300,12.9,0,1.8,350.2,76.7,1013.5
2005051306,14.7,0,2.8,358.4,64.3,1015.1
2005051312,16.1,0,4.2,63.4,63.3,1015.4
2005051318,13.6,0,2.3,35,76.8,1015.7
2005051400,12.4,0,1.1,335.6,79.8,1016.2
2005051406,15.2,0,1,215.9,68.7,1015.8
2005051412,20.9,0,3.4,125,51.8,1013
2005051418,16.8,0,1.5,64.4,80.7,1012.2
2005051500,15.4,0,1.6,284.6,73.8,1013.4
2005051506,19.7,0,2.2,52.5,51.2,1016
2005051512,20,0,5.7,63.4,52.2,1016.9
2005051518,14.8,0,2.1,16.3,58.3,1019.4
2005051600,11.1,0,0.6,292.6,71,1019.8
2005051606,15.6,0,1.3,163.6,61.2,1019.7
2005051612,20.2,0,3.5,133.4,44.7,1018.4
2005051618,16.2,0,2.2,117.4,65,1018
2005051700,12.3,0,1,289,86,1017.4
2005051706,17.6,0,1,250.1,60.3,1016.3
2005051712,23.5,0,3.6,140.1,47.7,1012.3
2005051718,22.5,0,5.1,196.7,51.8,1008.9
2005051800,17.4,19,4.2,173.2,88.2,1005.8
2005051806,20.3,2,3.9,195.8,85.8,1000.4
2005051812,24.7,0,4.8,253.4,54.5,999.2
2005051818,19.9,0,2.8,318.4,54.2,1005
2005051900,15.8,0,1.7,5.5,67.2,1011.2
2005051906,19.6,0,1.7,96.8,51.7,1013.5
2005051912,25.8,0,3.4,146.6,29.5,1011.7
2005051918,21.7,0,1.8,292,45.3,1010.9
2005052000,18,0,3,331.3,48.3,1012.2
2005052006,20.1,0,2.9,325.8,43.2,1013
2005052012,24.4,0,3.4,88.3,30,1011.8
2005052018,19.1,0,2.2,189.3,56,1011.9
2005052100,14.7,0,0.6,257.7,68.2,1012.9
2005052106,19.9,0,1.5,252.4,40.5,1012.1
2005052112,23.9,0,1.7,332.1,30,1009.9
2005052118,20.2,0,1.4,303.9,46.2,1007.4
2005052200,17,0,0.8,278.3,58.8,1007.2
2005052206,20.5,0,2,253.5,46,1005.5
2005052212,24,0,3.1,248.2,35.3,1003.4
2005052218,20.3,0,1.5,336,53.2,1003.8
2005052300,16.5,0,0.7,319.7,71,1005.2
2005052306,19.9,0,2.9,293.7,53.2,1006.1
2005052312,24.2,0,5.3,301.8,25.5,1006.2
2005052318,18.3,0,1.7,9.9,57,1008.2
2005052400,13.1,0,1.1,340.7,78.3,1012.2
2005052406,16.6,0,2,111.3,62.7,1013.9
2005052412,16.5,0,3.9,73.4,63.8,1015.2
2005052418,15.1,0,1.9,22.4,68.8,1016.2
2005052500,12.6,0,0.9,342.4,77.8,1016.9
2005052506,16.6,0,1.1,185.7,66.7,1016.8
2005052512,21.1,0,4,125,56.5,1015.3
2005052518,17.8,0,1.5,72.3,74.8,1014.2
2005052600,15.6,0,0.6,6,81,1014.2
2005052606,20.6,0,2.4,280.2,54.8,1014.2
2005052612,26.5,0,3.2,90,38,1012.5
2005052618,19.4,0,1.7,35.5,71.5,1011.7
2005052700,17.6,0,1.4,285,70,1013.1
2005052706,22,0,1.8,59.7,50.2,1014
2005052712,25.5,0,3.5,125,35.2,1013.7
2005052718,21,0,1.9,142.8,54.7,1014.5
2005052800,17.3,0,0.3,327.8,79.5,1015.8
2005052806,20.1,0,0.7,320.7,62.3,1017
2005052812,22.9,0,2.5,46.8,42.3,1017.5
2005052818,18.2,0,1.9,26.6,43.7,1018.9
2005052900,13.8,0,0.5,305,67.2,1020.4
2005052906,17.5,0,2.2,44.1,64.7,1021.2
2005052912,19.6,0,5.7,70,60.7,1019.7
2005052918,15.7,0,2.1,24.9,77,1018.6
2005053000,13.4,0,1.5,334.6,86.7,1018.1
2005053006,16.9,0,1.1,265.4,69.8,1016.3
2005053012,22.2,0,3.1,135.1,54.8,1012.9
2005053018,18.2,0,1.6,141,75.5,1010.8
2005053100,15.9,0,0.4,349.8,84.2,1009.1
2005053106,22,0,1.4,256.6,55.3,1008.3
2005053112,27.6,0,3.2,98.1,36.3,1006.3
2005053118,21.8,0,1.9,76.9,65.5,1005.5
2005060100,18.4,0,0.5,5,68.3,1005.7
2005060106,21.5,0,0.9,31.8,56,1006.4
2005060112,25.1,0,5.3,206.6,47.3,1005.2
2005060118,20.9,12.5,3.1,204.3,80.8,1005.2
2005060200,17.8,6.5,2.1,263.6,93,1004.5
2005060206,18.8,1,2.2,210,89.2,1003.7
2005060212,23.8,0,4.1,193.6,67.3,1000.6
2005060218,21.7,0,2.5,250,72.2,1000.9
2005060300,17.6,0,0.8,295.5,84.5,1002.7
2005060306,21.5,0,1.8,250,74.7,1003.3
2005060312,26,0,3,93.7,54.3,1001.1
2005060318,23.3,3,2,280,66.2,1001
2005060400,17.4,0,1.7,8.7,85.3,1003.8
2005060406,18.4,0,2.5,10.2,74.5,1006.7
2005060412,20.9,0,4.2,70,62.2,1007.6
2005060418,17,0,2.6,3.4,72,1009.7
2005060500,14.7,0,1.5,316.7,82.7,1011.5
2005060506,18.6,0,2.6,5.9,67,1012.8
2005060512,22.3,0,4.1,80,56,1012.7
2005060518,18.3,0,2.5,35.9,66.5,1012.9
2005060600,14.5,0,1,329.4,85.3,1014.2
2005060606,19.4,0,1.5,100,67.7,1014
2005060612,22.6,0,2.8,146.6,59.7,1013.8
2005060618,19,0,1.8,124.2,76.8,1014.2
2005060700,17.1,0,1.4,294.5,87.7,1014.2
2005060706,20.3,0,1.1,178.1,74,1014.6
2005060712,24.2,0,2.8,104.7,62,1013.5
2005060718,21,0,1.5,56.1,73.7,1012.9
2005060800,19.5,0,0.7,330.8,78,1013.9
2005060806,22.8,0,1,283.6,63.8,1014.2
2005060812,27.1,0,3.8,135.1,49.2,1012.4
2005060818,23.3,0,2.7,209.2,55.3,1011.9
2005060900,18.5,0,0.9,298.4,78.8,1012.2
2005060906,22.5,0,1.1,239,67.2,1011.1
2005060912,26.9,0,3.5,130.1,52.7,1008.6
2005060918,23.5,0,2.2,157.1,63.3,1007.2
2005061000,20.5,0,0.7,296.6,73.3,1005.6
2005061006,20.1,2.5,1,294.7,81.3,1004
2005061012,18,9.5,1.9,64.6,87.3,1001.8
2005061018,17.1,18.5,1.1,7.5,94.5,998.8
2005061100,17.5,1.5,1,313.3,94,995.3
2005061106,21.4,0,1.8,8.1,76.8,997.8
2005061112,25.3,0,2.8,123.2,60,999
2005061118,20.6,0,2.6,202.4,78.3,1000.8
2005061200,19.1,0,1.6,275,88.5,1001.7
2005061206,24.1,0,1.9,239.4,68.3,1002.1
2005061212,28.2,0,3.7,84.2,45.3,1001.8
2005061218,22.2,0,2.2,19,63.7,1003.8
2005061300,17.9,0,0.6,302,84,1006.3
2005061306,22,0,1.3,173.3,67,1007.7
2005061312,25.4,0,3.2,138.4,55.7,1007.7
2005061318,21.6,0,1.5,125,60.5,1008.2
2005061400,17.7,0,0.7,304.7,79.7,1008.8
2005061406,21.5,0,1.7,135,68.2,1009.3
2005061412,23.9,0,4.2,70,59.2,1008.2
2005061418,19.8,0,2.8,29.6,75,1007.3
2005061500,18.4,0,1.6,333.2,81.8,1006.8
2005061506,20.9,0,2.2,353.9,70.5,1007.3
2005061512,23.5,0,4.3,63.4,58.2,1006
2005061518,20,0,2.5,5.1,68.8,1007.3
2005061600,19,0,1.5,346.6,77.5,1007.8
2005061606,21.1,0,2.1,22.6,68.7,1009.1
2005061612,23.5,0,3.4,86.6,61.3,1008.6
2005061618,20.4,0,2.6,86.7,75.7,1009.3
2005061700,19,0,0.9,306.4,84,1009.5
2005061706,21.2,0,1.6,205.8,75.3,1009.5
2005061712,24.9,0,3.8,119.9,63,1007.7
2005061718,22.2,0,1.7,212.8,76.7,1006.4
2005061800,19.9,0,0.6,320.4,83.8,1006.2
2005061806,23.9,0,1.6,271.9,68.8,1006.4
2005061812,28.5,0,2.9,145.6,50.2,1004.5
2005061818,25,0.2,1.3,251.7,64.8,1004
2005061900,22.4,0,0.8,260,75.7,1003.5
2005061906,24.9,0,1.2,259.1,67.8,1003.3
2005061912,28.2,0,1.9,123.5,48.5,1002.7
2005061918,24.1,0,1,221.2,64.2,1002.5
2005062000,20.1,0,0.6,278.5,82.8,1003.4
2005062006,24.7,0,1,209.9,62.3,1004.1
2005062012,29.9,0,3.7,103.9,42,1003
2005062018,26.9,0,2.7,239.9,49.2,1002.8
2005062100,21.6,0,0.9,319.8,69.7,1003.9
2005062106,26,0,0.9,14.7,54.5,1004
2005062112,31,0,3.3,116.2,40.2,1002
2005062118,27.2,0,1.4,225,54.3,1001.6
2005062200,24.2,0,1.6,287.2,65.3,1002.2
2005062206,27.4,0,2.2,278.7,57.2,1003
2005062212,31.6,0,2.5,153.7,41.8,1002.4
2005062218,26.6,0,1.8,46.5,57.3,1002.5
2005062300,23.3,0,1.8,281.5,67.3,1004.1
2005062306,25.6,0,1,283.6,61.7,1005
2005062312,30.8,0,3.4,148.8,42,1003.7
2005062318,26.3,0,1.3,39.8,59.5,1003.8
2005062400,23.4,0,1,288.2,70.7,1005
2005062406,27.4,0,1.4,281.2,56.2,1005.6
2005062412,32,0,3.3,115.3,41,1004
2005062418,27,0,1.5,52.3,59.8,1003.8
2005062500,24.6,0,1.4,323.9,69.8,1005.4
2005062506,28.2,0,2.2,255.1,56.5,1006.1
2005062512,34.2,0,3.8,218.2,39.2,1004.6
2005062518,27.9,0,3.4,231.5,48.5,1005.4
2005062600,24,0,1.3,263.7,61.2,1007
2005062606,24.5,6,2.1,186,80.2,1006.9
2005062612,25.7,2.5,2.5,149.5,85,1005.2
2005062618,25.7,0,3.7,201.6,82.8,1003.8
2005062700,26.4,0,5.6,208.5,74.7,1002.4
2005062706,26.9,0,5.9,220.1,72.8,1001.4
2005062712,27.5,0,5.4,215,71.2,1001.3
2005062718,26.7,0,5.6,209.9,74.2,1002
2005062800,26.2,0,5.6,220.1,75.7,1003.3
2005062806,26.5,1,4.1,233.3,77.3,1004.2
2005062812,25.5,7,2.8,199.7,85.5,1005.7
2005062818,24.6,0,1.2,78.7,87,1006.2
2005062900,23.7,0.5,1.1,30.9,90,1007.2
2005062906,26.8,0,2.6,209.4,75,1008.2
2005062912,28.3,0,4.3,220.1,68.2,1007.4
2005062918,26.2,0,3.2,177.8,76.5,1007.1
2005063000,23.8,0,0.7,48.4,86,1008.6
2005063006,28.1,0,2,190.1,68.5,1009.7
2005063012,29.6,0.1,4.8,220.1,62.8,1008.9
2005063018,25.7,0.2,3.1,242.1,70.5,1008
2005070100,26.4,0,3.5,206.2,73.3,1006.2
2005070106,24.1,13.5,1.7,105.6,83.8,1006.2
2005070112,21.9,35.5,1.1,312.4,91.5,1006.8
2005070118,23.1,0.5,1.5,256.3,89.2,1004
2005070200,22.5,3,0.8,58.1,92,1003.2
2005070206,22.9,10,1.4,354.1,91.7,1002.5
2005070212,27.1,0,2.3,221.3,73.7,1001.5
2005070218,26,0,1.5,21.1,78.2,1001.9
2005070300,24.4,0,1.1,318.6,88.5,1001.9
2005070306,23.9,4,1.1,235,89.5,1002.7
2005070312,22.9,0.5,2.5,190.2,83.7,1001.2
2005070318,24.5,0,2,193.7,86,997
2005070400,23.4,1.5,1.4,119.8,89.5,996.2
2005070406,21.5,0.5,1.6,35,89.2,997.5
2005070412,23,0.5,1.5,194,82.8,998.6
2005070418,22.3,0,0.7,240,87.8,999.1
2005070500,21.4,0,1.4,283.8,91.7,999.2
2005070506,23,0.5,1.5,277.6,86,999.5
2005070512,25.9,0.5,2.5,239.8,69.8,999.7
2005070518,23.9,0,0.3,355.2,79.2,999.2
2005070600,21.9,0,0.9,275.7,87.2,999.5
2005070606,25.2,0,1,272.4,70.7,1000.6
2005070612,28.5,0,2.8,90,56,1000.5
2005070618,25.6,0,1.4,50.2,71.8,1001.8
2005070700,22.1,0,1.5,38,83.5,1004.8
2005070706,23.6,0,1.6,348.4,74,1007
2005070712,25.1,0,3.2,63.4,66.7,1008.4
2005070718,21.8,0,3.2,45.1,81.7,1009.5
2005070800,20.9,0,1.2,357.1,87.3,1010.3
2005070806,22.7,0,1.6,41.9,78,1010.3
2005070812,24.6,0,2.6,108.2,69.7,1009.4
2005070818,22.6,1,2,111.6,83.7,1007.9
2005070900,21.9,4,1,28.4,92.5,1005.2
2005070906,22.1,0,1.6,138.8,88.7,1003.1
2005070912,23.4,0.5,2,168.5,88.2,999.6
2005070918,25.1,0,1.4,266,80.7,998.2
2005071000,22.7,0,1,262.9,90,1002.4
2005071006,22.4,0,1.6,63.4,86.3,1005.9
2005071012,21.6,0.1,2.2,46.9,82.8,1007.8
2005071018,20.1,0,2.1,38.2,85.8,1008.2
2005071100,19.4,4.5,1.1,21.5,89,1008.5
2005071106,18.8,36,1,341.2,92.8,1007.2
2005071112,19.8,13,1.1,267.8,92.8,1003.8
2005071118,19.6,4,1.1,293.1,93,1002.9
2005071200,19.1,0.9,0.7,274.4,93.8,1005
2005071206,21,0.1,0.7,296.1,85.3,1008.2
2005071212,23.9,0,2.2,182,70.7,1009.3
2005071218,21.9,0,2,165.7,81.5,1009.5
2005071300,20.7,1,0.7,235,89.3,1009.6
2005071306,21.5,4.5,0.8,225,88.5,1009.7
2005071312,26.5,0,3.1,138.4,61.3,1009.6
2005071318,23.2,0,1.9,180.5,74.8,1011.2
2005071400,21.6,0,0.5,334.9,85.8,1012.7
2005071406,25.3,0,0.8,339.7,71.2,1014.2
2005071412,29.5,0,3,118.1,55.8,1013.3
2005071418,24.9,0,1.8,265.5,73.7,1013.7
2005071500,22.2,0,1.1,239.8,83.5,1014.7
2005071506,22.9,1.5,1.3,216.6,87.5,1015.3
2005071512,27.8,0,2.5,159.1,69.5,1015.1
2005071518,26.1,0,1.1,328,78.5,1014
2005071600,23.9,0,0.5,309.2,88.2,1015
2005071606,27.4,0,2,239.8,72,1015.8
2005071612,30.1,0.5,2.2,265.5,61.7,1014.5
2005071618,27.4,0,1.3,285,73.3,1013.6
2005071700,24.9,0,0.7,322,83.5,1014
2005071706,26.4,0,1,237.2,74.8,1013.9
2005071712,31,0,3.5,223.4,53.8,1013.2
2005071718,27.8,0,2.1,249.6,70,1012.3
2005071800,25.1,0,1.1,278.3,81,1012.7
2005071806,28.6,0,2.3,300.6,62,1012.8
2005071812,32.7,0,3,293.2,47.3,1011.8
2005071818,29.2,0,1.7,293.2,62.5,1011
2005071900,25.3,0,1.8,301.6,76.7,1011.1
2005071906,28,0,2.3,344.5,65.2,1010.9
2005071912,31.8,0,2.5,71.1,50.2,1009.7
2005071918,27.7,0,1.4,224.4,66.3,1009.5
2005072000,24.3,0,0.8,294.7,83,1009.2
2005072006,28.3,0,1.4,257.6,68.7,1008
2005072012,33.7,0,2.7,129.2,50.3,1005.8
2005072018,29.5,0,1.7,180,66.7,1005.3
2005072100,26.3,0,1.3,289,78.8,1005.8
2005072106,29.5,0,2,353.2,62,1006.5
2005072112,33.3,0,3.1,111.5,46.7,1006
2005072118,29.3,0,1.4,80,60,1006.5
2005072200,25.5,0,0.8,280,79.3,1008.2
2005072206,28.7,0,1.3,355.9,69.5,1008.8
2005072212,32,0,3.4,96.8,56.5,1008.2
2005072218,26.8,0,1.8,28.5,76.7,1008.5
2005072300,24.8,0,1.2,342.8,82.2,1009.7
2005072306,26.3,0,2,45.1,73.3,1010.2
2005072312,29.2,0,3.8,53.3,61,1009
2005072318,25.8,0,2.5,26.6,73.3,1008.8
2005072400,24.8,0,1.8,18.5,79.8,1009.2
2005072406,26.4,0,2.3,33.8,71.2,1009.3
2005072412,29.1,0,4.1,62.1,53.5,1008.8
2005072418,25.5,0,2.5,38.2,69,1007.9
2005072500,23.8,0,1.2,356.6,78,1007.8
2005072506,26,0,2.6,29.3,69.2,1007.5
2005072512,28,0,4.5,58.8,60.2,1006.1
2005072518,24.6,0,2.7,8.1,72.5,1005
2005072600,23.5,0,1.7,346.5,75.7,1004.2
2005072606,24.7,0,1.8,5.1,70.7,1003.9
2005072612,28,0,2,55,61.2,1002.8
2005072618,25.4,0.1,2.1,104.3,69.5,1003.2
2005072700,23,0.4,0.5,343.6,86.3,1004.5
2005072706,26.5,0,1,228.7,71.5,1005.7
2005072712,31.9,0,1.5,203.9,52.5,1004.1
2005072718,28.5,0,2.3,225.1,68.3,1004.1
2005072800,25.4,0,1.7,232,76.7,1004.1
2005072806,28.7,0,4.3,196.7,65.8,1002.8
2005072812,30.1,0,5.4,217.1,58.7,1001.7
2005072818,27.6,0,5.3,209.9,65.5,1001.1
2005072900,25.8,0,3.4,186,78.5,1001.1
2005072906,28,0,1.6,255.9,67.5,1002.5
2005072912,30.3,0,3.7,215,56.8,1003.7
2005072918,25,5.5,1.8,234.2,83.3,1004.6
2005073000,22.8,0,1,316.7,85,1005.4
2005073006,26,0,1.4,238.2,69,1007
2005073012,31.6,0,3,127.3,45.7,1006.2
2005073018,28.3,0,1.7,292.9,59.3,1005.7
2005073100,25.7,0,1.1,281.5,72.5,1006.7
2005073106,28.5,0,1.4,28.5,61.3,1006.7
2005073112,31.8,0,3.6,133.4,46,1006.4
2005073118,26.9,0,1.8,63.7,71.3,1006
2005080100,24.8,0,1.5,228.9,82,1005.5
2005080106,25.7,20.5,3,180,83.7,1003.3
2005080112,30.1,0,4,211.8,61.2,1002.8
2005080118,27.7,2,2.9,190.2,75,1002.7
2005080200,25.9,0,1.8,125.3,82.8,1003.9
2005080206,27.5,0,2.1,125,78.8,1003.7
2005080212,27.1,1.5,3.5,220.1,80.2,1004.3
2005080218,25.1,16.5,2,185.7,90,1003.8
2005080300,25.7,0.5,2,183.4,86.8,1003.9
2005080306,27.5,4.5,3.8,230,76,1004.4
2005080312,31,0,5.2,215,59.8,1005.2
2005080318,27.9,0,2.6,201.6,76.5,1006.7
2005080400,26.4,0,2,204.9,82.2,1007.6
2005080406,29.1,0,2.2,201.6,70.2,1008.7
2005080412,32.8,0,4.4,191.7,50.8,1009.4
2005080418,28.4,0,1.6,149.2,69.8,1009.8
2005080500,24.1,0,0.9,273.3,80.7,1011.2
2005080506,27.9,0,1.5,224.7,67.3,1011
2005080512,32.1,0,3.2,90,42.8,1010.3
2005080518,27.6,0,1.3,358.9,60.7,1010.6
2005080600,24.2,0,0.6,310.9,75,1011.2
2005080606,27.9,0,1.4,59.7,63.7,1010.6
2005080612,31.1,0,3.2,55,57,1009.5
2005080618,27.5,0,2.1,79.6,77.3,1009.5
2005080700,25.5,0,0.7,318.1,85.7,1009.7
2005080706,28.1,0,1.9,234.1,69.8,1010.3
2005080712,30.9,0.1,3.2,174.8,55.8,1009.7
2005080718,27.9,0,1.8,235.1,69.3,1010.2
2005080800,25.3,0,0.9,296.6,80.5,1011.3
2005080806,25.3,7.5,1.1,283.6,86.7,1012.3
2005080812,27.5,3,2.3,170,80.2,1011
2005080818,25.6,14.5,1.9,243.4,90.8,1010
2005080900,25.5,12,0.9,252.4,92.2,1009.7
2005080906,28.6,0,3.7,201.6,76,1009.4
2005080912,30.8,0,5.1,233.3,62.3,1008.2
2005080918,27.9,0,3.2,233.3,73.3,1008.2
2005081000,26.2,0,1.6,257.4,79.7,1008.7
2005081006,29.1,0,2.2,221.5,66.7,1009
2005081012,28.5,2,2.5,239.8,73.2,1008.5
2005081018,27.2,0,2,255.1,77.7,1008.1
2005081100,26.9,0,2.7,235.3,74.3,1008
2005081106,28,0,2.6,213.8,70.5,1008.5
2005081112,28.3,0.5,3.8,236.6,68.3,1008.8
2005081118,27.6,0,3.5,209.9,71.2,1008.6
2005081200,27.2,0,4.2,261.6,66.5,1009.5
2005081206,27.8,0,2.2,250,66,1011
2005081212,33.4,0,3.1,271.3,46.7,1009.9
2005081218,29.4,0,1.5,280.2,67.8,1010.5
2005081300,26.9,0,1.8,280,77.3,1011.7
2005081306,28.4,0,1.6,254.3,66.5,1012.2
2005081312,33.4,0,3.2,305,47,1011.2
2005081318,29.9,0,1.4,281.2,60.3,1010.2
2005081400,27.8,0,1.5,338.7,65.3,1010.2
2005081406,29.7,0,3.7,334.5,57.5,1010
2005081412,32.8,0,4,299.9,48.7,1008.5
2005081418,29.9,0,1.9,296.6,59.5,1007.3
2005081500,28,0,3.5,336,63.7,1006.8
2005081506,29,0,4.8,315.1,60.7,1007.3
2005081512,31.4,0,3.2,320.1,54,1006.2
2005081518,26.5,0,0.8,323,76.3,1006.5
2005081600,24.4,0,1,301.3,82.7,1007.2
2005081606,28.2,0,1.6,338.7,68.8,1006.7
2005081612,32.1,0,3.1,135.1,54.5,1006
2005081618,27.9,0,1.8,58.2,72.3,1006.5
2005081700,26,0,1.4,35,80.7,1007.6
2005081706,26.6,0,1.7,21.3,74.8,1008.2
2005081712,29.1,0,3.4,66.6,56,1008.2
2005081718,25.2,0,1.6,356.6,72.5,1008.7
2005081800,22.2,0,1.1,270,84.3,1009.5
2005081806,26.1,0,1,235.5,69.3,1009
2005081812,31.1,0,3.5,178,55.3,1007.3
2005081818,27.3,0,1.7,308.4,69.2,1007.6
2005081900,23.9,0,0.7,298.7,80.8,1008
2005081906,27.7,0,1.2,224,66.5,1007.5
2005081912,28.2,0.5,2.9,173.7,70.2,1006.3
2005081918,22.1,9,1.5,340.5,88.3,1007.5
2005082000,21,11,1.4,331.9,88.3,1007.3
2005082006,21.1,16.5,1.3,350,89.7,1005.8
2005082012,22.6,6,1.1,298.7,89.3,1005.3
2005082018,22.7,3,0.8,354.9,87.2,1005.6
2005082100,21.6,4.5,1.2,336.3,88.8,1005.8
2005082106,23.2,0,3.8,6.9,75.8,1006.8
2005082112,26.9,0,4.2,31.8,59.5,1006.8
2005082118,23.4,0,2.1,339.1,70.2,1008.3
2005082200,22.3,0,1.4,294.3,79.8,1009.3
2005082206,22.6,3.5,1.8,331.9,83.7,1010.6
2005082212,23,0.5,2.8,0,76.5,1011.7
2005082218,21.7,0,2.2,356.6,76.5,1012.7
2005082300,20.6,0,2.1,350,75.7,1013.7
2005082306,22.1,0,3.4,14.7,65.2,1014.3
2005082312,24.8,0,4.4,50,57.8,1013.8
2005082318,22.1,0,3.3,16.7,73.8,1013.6
2005082400,22,0,3.8,29.9,75.8,1013
2005082406,23.9,0,5,53.3,66.8,1011.9
2005082412,22.8,0.5,4.6,29.9,74.8,1010.4
2005082418,21,56,3.2,329.5,89.8,1008.3
2005082500,24.3,9.5,4.1,133.2,91.2,1005.1
2005082506,25,4.5,3.3,173.4,89.7,1004
2005082512,25.6,0.5,2.9,116.9,82.7,1003.8
2005082518,21.6,0,1.5,13.1,86.7,1005.5
2005082600,21.3,0,0.5,12.8,89.2,1006.2
2005082606,24,0,2.1,319.8,69,1008.8
2005082612,28.4,0,3.3,325.3,43.5,1009.1
2005082618,23.9,0,2,301.8,57.3,1010.2
2005082700,20.6,0,1.3,305,76.5,1011.3
2005082706,24,0,1.4,295,66,1012.5
2005082712,28.7,0,2.4,175.5,46.8,1011.3
2005082718,24.5,0,1.2,292.6,70.2,1010.7
2005082800,20.8,0,0.9,305.5,81.7,1010.9
2005082806,24.2,0,1.8,277.5,62.2,1011.2
2005082812,30.2,0,2.2,327.1,34.8,1010.1
2005082818,25.2,0,2,323.6,56.8,1010.5
2005082900,21.3,0,1.3,308.9,76.8,1011.8
2005082906,24.1,0,1.5,325.6,67.5,1011.8
2005082912,28.7,0,2.8,122.9,49.2,1010.1
2005082918,25.3,0,1.7,180,63.7,1009.7
2005083000,22.5,0,0.6,300.7,80.5,1008.9
2005083006,24.4,0,1.1,266.6,70.8,1008.8
2005083012,27.2,0,2,305,58.7,1008.5
2005083018,23.8,0,1.3,299.1,63,1009.2
2005083100,21.1,0,0.8,276.6,71,1010.5
2005083106,23.9,0,0.8,265.5,61.7,1011.6
2005083112,29,0,2,104.8,46.3,1011.5
2005083118,25.8,0,1.5,245.5,69.8,1012.1
2005090100,22.6,0,0.7,289,85,1012.9
2005090106,26.4,0,1.3,288.2,73.3,1013.7
2005090112,33.1,0,3.6,230,50.7,1012.7
2005090118,28.9,0,2.7,225.1,68.5,1013.8
2005090200,25.2,0,0.6,297.6,82.3,1014.3
2005090206,27.7,0,1.2,266,69.3,1014.7
2005090212,30.9,3,2.7,125,58.5,1012.6
2005090218,25.5,6.5,1.2,280.2,86.7,1012.9
2005090300,23.7,0,0.9,358,89.3,1013.3
2005090306,24.8,0,0.9,350.2,82.3,1013.8
2005090312,25,0,3.2,20,74.7,1013.7
2005090318,23.1,0,2.8,353.4,78.5,1014.3
2005090400,22.6,0,2.3,0,80.5,1014.3
2005090406,22.8,0,3.3,26.6,80,1014.5
2005090412,22.3,0,3.3,18.2,75.2,1015
2005090418,21.4,0,3.8,0,74.7,1015
2005090500,21.6,0,4,20,71.7,1014.2
2005090506,22.1,0,5.6,20,74.7,1013.2
2005090512,20.8,3,5.3,20,86.7,1012.1
2005090518,20.8,18.5,6.5,45.1,88.7,1010.7
2005090600,21.1,22.5,6.5,35,88.2,1007.8
2005090606,21.5,75,5.9,18.2,89.5,1003.4
2005090612,22.1,132,8.8,29.9,88.5,996.8
2005090618,21.4,98.5,8.4,350.2,86.7,991.9
2005090700,21.4,1,5.7,316.8,78.2,992.8
2005090706,24.1,0,2.2,337.4,63,1000.5
2005090712,26.3,0,3,62.6,58.3,1005
2005090718,22,0,2.3,40.4,76,1009.1
2005090800,20.6,0,0.9,329.9,81.5,1011.6
2005090806,22.1,0,1.2,354.2,76,1013
2005090812,26.8,0,2.8,80.4,52.8,1012.9
2005090818,21.7,0,2.2,44.4,78.8,1014.3
2005090900,20.8,0,0.8,313.7,83.7,1015
2005090906,22.4,0,1.2,319.3,78.3,1015.4
2005090912,24.6,0,2.3,38.2,71.2,1015
2005090918,21.5,2,1,302.8,86.3,1015.3
2005091000,20.8,1.7,0.8,72.2,91.5,1015.2
2005091006,22.8,0,0.7,305,84,1015.9
2005091012,27.1,0,2.2,88.4,67.3,1014.8
2005091018,23.8,0,1.3,61.9,81.8,1015.8
2005091100,23.2,0,0.6,355,86.2,1016.2
2005091106,24,0.5,0.7,305,87.2,1016.9
2005091112,28,0,2,113.7,70.5,1015.8
2005091118,25.3,0,1.2,66.6,82.8,1017
2005091200,23.1,0,1.1,282.6,91,1017.5
2005091206,25.5,0,1,242.6,78.5,1017.4
2005091212,30.5,0,3,101.5,60,1016
2005091218,27.5,0,1.2,307.2,74,1016.1
2005091300,24.9,0,0.4,322.4,82.3,1015.4
2005091306,27.2,0,1.3,357.9,69.8,1015.6
2005091312,27.8,0,4,131.3,73.2,1013.3
2005091318,25.7,5.5,3.9,191.5,81,1009.2
2005091400,23.7,0,3,160.1,77.8,1007.7
2005091406,19.9,1,1.6,331.3,85.7,1012.8
2005091412,21.8,0,2.2,29.9,72.7,1015.4
2005091418,20.2,0,2.5,356.6,73,1016.8
2005091500,19.2,0,2.4,332.3,74.8,1017.9
2005091506,20.2,0,2.1,348.3,71.7,1019.2
2005091512,22.6,0,4.2,51.8,60,1018.4
2005091518,19.6,0,1.5,331.4,71.7,1018.2
2005091600,16.5,0,0.9,287.7,85.5,1017.9
2005091606,20.5,0,1.1,235,72,1017.6
2005091612,25.2,0,2.5,106.7,54.7,1015.9
2005091618,21.8,0,1.4,218.7,75.3,1016.3
2005091700,19.9,0,0.8,268.1,81.5,1015.9
2005091706,24.8,0,2.6,229,72.5,1016
2005091712,29.7,0,5.1,215,53.2,1015.7
2005091718,25.6,0,2.2,238.5,71.2,1016.8
2005091800,24,0,1.6,253.4,77.8,1018
2005091806,26.6,0,2.7,212.9,69.3,1018.2
2005091812,27.9,0.5,2.8,226.3,66,1017.8
2005091818,24.4,1,0.6,346.4,88.2,1017.6
2005091900,22,0,0.9,286.4,89.5,1017.8
2005091906,23.8,0,1.5,288.9,71.7,1017.7
2005091912,28.4,0,2.2,121.6,46.2,1016.2
2005091918,23.9,0,1.6,38.4,73.2,1015.4
2005092000,21.7,0.5,1,354,76.8,1014.2
2005092006,20.5,1.5,1.1,340,84,1014.4
2005092012,24.1,0,3,38,63.2,1014
2005092018,20.9,0,1.7,335.6,70.2,1015.6
2005092100,21.1,0,2.2,353.4,70.8,1015.5
2005092106,20,3.5,1.3,346.6,84.2,1015.3
2005092112,19.8,4,1.6,358.6,89.7,1014.3
2005092118,19.3,3,1.2,339.8,89.7,1013.7
2005092200,18.5,0.5,0.9,300.7,92.3,1012.4
2005092206,19.1,5,0.8,350,90.2,1011.9
2005092212,19.7,0,1,332.7,85.5,1013.1
2005092218,19.3,0,1.2,307.8,87,1014.9
2005092300,18.8,0,1.4,283.9,87.2,1015.4
2005092306,19.5,0.5,1.8,307.8,83.7,1016.5
2005092312,20.7,0,2.6,356.6,84.2,1015.5
2005092318,19.6,0,2.3,353.4,86.2,1016.2
2005092400,19.8,0,2.4,356.6,80.5,1016.1
2005092406,21.9,0,3.5,32.2,65.5,1016.5
2005092412,23.5,0,4.9,43.4,52.8,1015.8
2005092418,19.7,0,2.4,343.1,66.2,1016.4
2005092500,17.8,0,1.8,312.5,73,1016.6
2005092506,20.1,0,3.5,0.9,64.8,1017.4
2005092512,22.5,0,4,24.9,51,1017.2
2005092518,18.4,0,2.7,326.6,66.8,1018.3
2005092600,18.1,0,2.9,330,71.8,1018.5
2005092606,20.2,0,2.8,343.1,66,1019.8
2005092612,23,0,4.5,41.5,51.3,1019.7
2005092618,18.9,0,2.8,346.4,67.8,1020.8
2005092700,17.1,0,1.5,9.1,76,1021.6
2005092706,19.1,0,1.4,35,73.3,1022.4
2005092712,21.8,0,3.2,21.6,59.2,1021.8
2005092718,19.5,0,2.6,346.6,73,1021.5
2005092800,18.4,0,2.3,349.8,78.7,1021
2005092806,20.3,0,2.8,35,67.2,1021.2
2005092812,23,0,4.5,53.3,52.5,1020.7
2005092818,19.5,0,2.1,16.7,69.3,1020.5
2005092900,17.5,0,0.6,315,78.7,1020.4
2005092906,19.9,0,2.5,70,69.2,1021
2005092912,22.8,0,4.5,60,52.2,1019.6
2005092918,19.4,0,1.4,318.4,70.7,1018.8
2005093000,18.1,0,0.6,307.2,81.8,1017.9
2005093006,19.9,0,0.4,312.1,78.5,1017.9
2005093012,24.2,0.5,1.9,142.9,74.2,1016.8
2005093018,23.2,1,3.3,230,82.3,1016.3
2005100100,24.6,0,4.9,230,72.3,1014.9
2005100106,24.9,0,4.4,230,75.3,1014.6
2005100112,26.7,0.2,3.5,198.5,73.3,1013.7
2005100118,25.1,0,2,211.8,78.8,1013.2
2005100200,23.3,0,1.2,18.4,83.2,1013.2
2005100206,23.8,0,3.1,328.9,64.5,1014.2
2005100212,24.4,0,1.9,349.8,58.8,1014.8
2005100218,21.6,0,0.9,343.6,65.2,1015.7
2005100300,19.3,0,2.2,340,65.8,1017
2005100306,20.8,0,2.7,80,68.8,1018.3
2005100312,22.9,0,3.8,83.4,65.7,1017.2
2005100318,21.2,0,1.4,9.5,73.3,1016.8
2005100400,19.5,0,1.1,316.8,80.5,1016
2005100406,15.8,4,2.2,325,76,1017.8
2005100412,16,1,1.5,328.3,67.3,1018
2005100418,15.4,0,1,267.6,70.8,1018.5
2005100500,13.1,0,0.8,286.7,79.3,1018.8
2005100506,15.5,0,0.6,224.7,69.5,1019.3
2005100512,19.3,0,1.8,356.6,63.2,1018.3
2005100518,16.2,0,1.1,261.8,79.8,1018.5
2005100600,13.3,0,0.5,316.8,89.2,1019.2
2005100606,17.2,0,1.1,323.3,72.5,1019.9
2005100612,22.8,0,3.9,73.3,49.5,1018.8
2005100618,17.4,0,1.1,308.7,72.8,1018.6
2005100700,15.4,0,0.6,297.9,83,1017
2005100706,17.7,0,0.7,55,77.2,1014.8
2005100712,21.3,0,1,341.6,71,1011.5
2005100718,17.6,0,1.9,8,83.3,1011.5
2005100800,17.6,0,4.1,326.6,67.5,1012.7
2005100806,18.8,0,2.1,329.8,59.7,1014.9
2005100812,22.8,0,3.5,342,43.5,1015.8
2005100818,17.5,0,2,331.3,66,1018.6
2005100900,15.2,0,1.4,305.8,80.5,1020.8
2005100906,18.2,0,2.3,352.1,66.2,1022.3
2005100912,20.9,0,4.4,56.6,45,1022.8
2005100918,17.6,0,1.4,331.3,58.7,1023.4
2005101000,13.7,0,0.8,273.9,79,1023.4
2005101006,17.2,0,2,353.6,65.3,1023.8
2005101012,20.9,0,5.4,55.3,43.7,1023.8
2005101018,17.8,0,2.9,356.6,52.7,1023.8
2005101100,17.5,0,2.6,353.4,54,1022.5
2005101106,19.3,0,3.3,32.2,49.7,1022.8
2005101112,21.2,0,5.1,53.3,46.8,1022
2005101118,18.9,0,2.5,35,58,1022
2005101200,17.2,0,2.8,356.6,59.3,1021.6
2005101206,19,0,3.4,3.4,56.3,1021.7
2005101212,21.9,0,4.2,40.1,50.2,1020.5
2005101218,18.1,0,2,350,65,1020.2
2005101300,16.5,0,1.1,290.3,74.2,1019.3
2005101306,19.6,0,1,273.9,66.5,1018.7
2005101312,23.7,0,2,66,57,1016
2005101318,20,0,1.1,295,81.8,1015.5
2005101400,18.7,1,0.8,353.2,86,1015
2005101406,18.5,0,0.8,359.2,81.3,1014.7
2005101412,21.5,0,2.2,328.8,51.8,1013.7
2005101418,17.6,0,2.5,343,52.7,1013.9
2005101500,13.1,0,1.1,332.6,44,1014.4
2005101506,14.1,0,1.9,8.1,36.2,1013.8
2005101512,20.9,0,3.1,340,23.7,1012
2005101518,14.8,0,1.4,315.4,49.3,1013.3
2005101600,12.1,0,1.5,300.2,67.2,1015.3
2005101606,15.4,0,1.8,326.5,50.8,1016.7
2005101612,21,0,2.3,166.5,36.2,1015.1
2005101618,15.1,0,1.2,285,68.5,1015.7
2005101700,10.6,0,1,289.5,79.2,1017.1
2005101706,14.3,0,1.5,254.6,57.8,1019.2
2005101712,22.2,0,3.3,54.5,33.7,1018.7
2005101718,15.4,0,1.4,260,57.8,1020.6
2005101800,11.5,0,0.9,272,74.5,1022
2005101806,15.8,0,1.5,270.7,59.7,1024
2005101812,21.8,0,3.5,59.8,50.7,1021.8
2005101818,17.8,0,1.4,353.5,71.7,1022.8
2005101900,16.2,2.5,1.5,328.1,85,1023.9
2005101906,15.6,3.5,2.5,345.9,84.3,1026.1
2005101912,18.6,0,2.5,13.7,60.8,1026.6
2005101918,14.2,0,0.9,297.9,75.3,1026.6
2005102000,11.1,0,0.6,289,89.5,1026.6
2005102006,15.1,0,1.2,251.6,73.7,1026.4
2005102012,19.5,0,3.1,65.6,52,1024
2005102018,14.2,0,1.2,294.4,75.8,1022.8
2005102100,11.5,0,1.1,302.4,87.2,1020.4
2005102106,13,0,0.9,286.2,81.5,1018.9
2005102112,16.2,0,1.9,354.9,59.8,1016
2005102118,14.6,0,1.5,313.4,70.5,1014.4
2005102200,10.8,0,4,353.4,71,1016.1
2005102206,10.4,0,3.5,349.8,53.7,1018.5
2005102212,13.4,0,4.1,325,31.2,1017.8
2005102218,9.3,0,2,313.8,46.2,1017.8
2005102300,6.6,0,1.4,325,58.7,1018.3
2005102306,9.9,0,1.5,247.1,48.7,1018.9
2005102312,17.9,0,2.3,119.7,25,1016.5
2005102318,11.3,0,1.1,271.3,45.2,1016.5
2005102400,8.5,0,0.9,265.7,67.7,1016.9
2005102406,12.8,0,2.6,274.1,54.3,1017.8
2005102412,19.2,0,3.3,299.9,34.3,1016.7
2005102418,13.4,0,1.2,285.6,63.5,1018.2
2005102500,11.9,0,1.6,301.1,66.8,1020.1
2005102506,13.6,0,1.5,259.7,63.8,1022.6
2005102512,19.6,0,1.8,63.2,40.5,1022.7
2005102518,14.8,0,0.9,311.3,69,1023.5
2005102600,13.8,0,1.1,281.6,83.3,1023.9
2005102606,15.7,0,1.5,325,81.3,1024.6
2005102612,18,0,2.3,10,65.7,1023.8
2005102618,15.3,0,1.1,290.5,79,1024.4
2005102700,11.8,0,0.4,318.7,89.8,1024.8
2005102706,14.3,0,0.5,42.4,77.5,1025.4
2005102712,21.2,0,2.5,130.9,48.8,1023.5
2005102718,15.6,0,0.7,244.8,78,1022.8
2005102800,12.3,0,0.3,310.4,88.5,1021.5
2005102806,13.6,0,0.5,341.6,84.7,1019.8
2005102812,19.6,0,1.7,245,59.2,1016.5
2005102818,16.4,0,2.4,326.7,62.2,1014.8
2005102900,12,0,4.7,305,49.2,1014.9
2005102906,12.5,0,3,284.7,40,1016.5
2005102912,17,0,3,313.4,31.8,1014.8
2005102918,11.6,0,1,292.8,55.5,1015.8
2005103000,9.6,0,1.3,336.3,64,1017.2
2005103006,11.9,0,2.6,270.4,49.7,1017.8
2005103012,15.9,0,3.8,299.9,32,1016.6
2005103018,11.8,0,2.6,336.6,48.7,1018.4
2005103100,8.5,0,0.8,343.4,61,1019.8
2005103106,10.6,0,1.7,346.4,56.2,1021.8
2005103112,16.6,0,2.3,1.7,40.7,1022.7
2005103118,11.1,0,1.1,270.4,68.7,1023
2005110100,7.5,0,1.2,278.7,69.3,1023.7
2005110106,10.6,0,1,241.5,58.8,1024.8
2005110112,19,0,2.4,195,29.3,1023
2005110118,12.4,0,0.8,266.3,52.3,1022.9
2005110200,8,0,0.7,275.1,75.7,1024.1
2005110206,11.1,0,0.3,309.6,65,1024.8
2005110212,19.4,0,2.2,150.5,32.5,1021.6
2005110218,13.2,0,0.8,291.3,52.7,1021.2
2005110300,11.7,0,0.4,284.4,67,1021.5
2005110306,14.5,0,0.8,175.4,60.7,1022.2
2005110312,21.4,0,2.5,148.9,33.3,1020.2
2005110318,14.8,0,0.6,271.8,66.7,1019.4
2005110400,11.2,0,0.4,275.5,78.8,1019.2
2005110406,14.8,0,0.7,251.8,69.5,1019.1
2005110412,22.5,0,2.8,94,42.8,1018
2005110418,16,0,1,270,73.8,1018.1
2005110500,12.9,0,0.6,281.6,86.5,1017.6
2005110506,15.2,0,0.5,249,75.3,1017.3
2005110512,21.5,0,2.2,160,63.5,1015.2
2005110518,19.3,0,1.6,153.2,79.2,1012.5
2005110600,17.5,7,1,239.8,91.7,1008.8
2005110606,18.9,1.5,0.7,280,87.2,1004
2005110612,22.8,0.5,2.9,290,57.5,1002.1
2005110618,17.6,0,2.4,311.5,53.2,1005.7
2005110700,13.2,0,4.1,317.4,47.3,1008.8
2005110706,12.4,0,4.4,323.3,41,1012.1
2005110712,17.9,0,2.8,314.5,24.5,1013.5
2005110718,11.9,0,1,246.1,54.8,1014.5
2005110800,13.2,0,3.2,259.1,44.7,1013.9
2005110806,13.4,0,4.9,305,21.7,1016.7
2005110812,17.1,0,2.3,273.4,16,1017.3
2005110818,10.1,0,1.3,281.7,38.3,1018
2005110900,6.5,0,0.4,320.4,57.3,1018.5
2005110906,9.2,0,1.1,260,54,1020.8
2005110912,15.9,0,2.2,170,30.2,1019
2005110918,11.2,0,0.9,270,58,1019
2005111000,7.2,0,0.7,269.5,73.2,1019.1
2005111006,9.9,0,0.6,263.6,62.5,1018.8
2005111012,20.6,0,2.3,216.5,30.2,1015.4
2005111018,15,0,1.2,289.3,58.2,1015.4
2005111100,12.2,0,0.6,243.1,75.7,1014.7
2005111106,12.8,1,1.2,321.6,87.3,1015.1
2005111112,13.3,10,1.6,340.6,89.2,1014
2005111118,11.4,4.5,1.4,319.8,84.8,1014.6
2005111200,9.1,0,1,325.5,86.5,1016.8
2005111206,10.4,0,1.1,266.3,64,1020.3
2005111212,17.4,0,2.2,49.8,21,1020.8
2005111218,10.1,0,0.5,294.5,60.8,1023.2
2005111300,6.3,0,0.6,278.5,75.2,1023.7
2005111306,8.6,0,0.6,235.4,66.8,1023.5
2005111312,18.8,0,0.9,133.6,29.2,1021.3
2005111318,13,0,0.9,259.7,54.7,1020.2
2005111400,11.3,0,0.7,281.7,60.5,1020.1
2005111406,12.7,0,2.8,3.4,55.5,1019.9
2005111412,13.5,0,3,26.6,50.3,1018.3
2005111418,9.4,0,1.2,280,68,1019.1
2005111500,5.8,0,1.8,342.4,35.2,1020.3
2005111506,6.2,0,2,335.5,31.8,1020.8
2005111512,11.9,0,3.4,323.1,17.2,1019.1
2005111518,6.9,0,2.3,343,27.5,1020.8
2005111600,3.1,0,0.9,278.6,39.8,1023.2
2005111606,5.4,0,1.6,310.3,41.2,1023.7
2005111612,12.2,0,2.9,356.6,26.7,1022
2005111618,6.7,0,1.3,279.6,35.7,1023
2005111700,4.8,0,1.1,286.9,34.7,1023.5
2005111706,6.2,0,1.7,349.7,31,1024.2
2005111712,11.7,0,3,350,15.8,1023.2
2005111718,7.1,0,3.2,336.6,23.3,1024.9
2005111800,5.2,0,3.2,329.8,32.3,1026.5
2005111806,5.6,0,3,350.2,32.2,1028.2
2005111812,10.5,0,3.4,353.5,17.3,1028.6
2005111818,5.6,0,1.4,348.1,29.2,1029.7
2005111900,3.1,0,0.7,274.5,39.5,1030.6
2005111906,4.8,0,1.4,310.2,38.7,1030.6
2005111912,11.3,0,2.8,18.2,22.5,1028.1
2005111918,6.4,0,1.5,310.4,27.8,1029
2005112000,1.9,0,0.8,293.2,42.7,1029.4
2005112006,4.2,0,1.4,303.9,36.7,1028.8
2005112012,12.6,0,3,14.7,15.3,1026.2
2005112018,6.2,0,1.2,300.6,30.7,1025.9
2005112100,3.4,0,1.3,287.8,36.2,1026.1
2005112106,5.6,0,0.6,163.3,45.5,1025.9
2005112112,13.7,0,2.8,274.7,32.3,1023.3
2005112118,8.6,0,1.8,291.3,53.5,1023.3
2005112200,6.2,0,1.8,346.1,54.7,1024.1
2005112206,7.5,0,2.6,328.3,38.3,1025.6
2005112212,12.1,0,3,316.8,20.2,1024.9
2005112218,7.1,0,1.8,294.4,33.8,1025.8
2005112300,2.4,0,1.2,267,54.3,1025.8
2005112306,4.8,0,0.6,250,51.8,1025.4
2005112312,13.9,0,2.4,230.7,28.3,1021.7
2005112318,9.7,0,1.6,260,45.8,1021
2005112400,5.8,0,0.7,304.3,67.8,1020.1
2005112406,8.1,0,1.4,264.9,64,1019.8
2005112412,15.3,0,2.8,294.7,25,1017.7
2005112418,8.8,0,0.8,291.6,48.5,1018.2
2005112500,5.2,0,0.6,277.8,66.8,1018.5
2005112506,7.2,0,0.8,265.4,62.8,1018.7
2005112512,15.5,0,3,253.3,23.8,1016.6
2005112518,9.4,0,1.2,283.3,50.5,1016.8
2005112600,4.9,0,0.9,260,71.8,1017.4
2005112606,6.8,0,0.7,291.2,68.3,1017.5
2005112612,15.4,0,3.5,239.8,24.7,1014.3
2005112618,9.6,0,0.9,278.5,54,1014.2
2005112700,5.9,0,0.9,288.4,75.5,1014.6
2005112706,8.9,0,1.5,263.9,67.5,1015.2
2005112712,16.5,0,2.9,274.4,32.5,1015.7
2005112718,10.1,0,0.7,307.5,59.3,1018.6
2005112800,6.8,0,1.2,232.9,69.8,1018.9
2005112806,7.6,0,0.7,299.3,67.2,1017.9
2005112812,16.3,0,3.8,221.5,25.5,1012.8
2005112818,13.8,0,4.5,259.5,50,1007.7
2005112900,8.9,0,4,297.7,36.5,1009.3
2005112906,6.8,0,5.4,310.1,32,1014.7
2005112912,9.3,0,5.2,299.9,18.5,1014.8
2005112918,5.1,0,0.7,281.2,34.5,1015.2
2005113000,2.1,0,0.7,277.8,61.3,1015.5
2005113006,4.5,0,1.8,277.1,59.8,1017.7
2005113012,12.2,0,2.3,9,20.5,1017.2
2005113018,5.6,0,0.9,285.6,49.3,1019.2
2005120100,2.4,0,0.6,270.4,64.5,1019.8
2005120106,4.3,0,0.9,215,65.3,1019.5
2005120112,14.2,0,3.7,227.6,35,1017.1
2005120118,9.5,0,1.2,286.7,60.2,1018.2
2005120200,6.8,0,1.3,329.7,70.8,1019.2
2005120206,7.7,0,2.8,346.6,48.7,1021.2
2005120212,10.3,0,3.8,299.9,18.8,1020.8
2005120218,5.1,0,3.3,329.8,19.3,1022.2
2005120300,2.2,0,5.3,322.3,23,1023.3
2005120306,2.2,0,3.4,34.6,22.3,1023.8
2005120312,6.6,0,3.6,313.4,18.3,1021.7
2005120318,4,0,1.3,308.4,27.7,1019.3
2005120400,3.5,0,0.8,275.8,42.2,1014.7
2005120406,3.1,0.5,4.6,308.2,63.5,1009.5
2005120412,3.5,0,5.4,294.3,20.5,1009.7
2005120418,-0.9,0,3.1,299.9,32.8,1011.8
2005120500,-2.4,0,3.3,315.7,43.8,1012.8
2005120506,-2.1,0,5.5,313.4,39.3,1015.2
2005120512,2.7,0,4.1,343.4,21.5,1016
2005120518,-1.2,0,3.5,326.6,37.3,1018.2
2005120600,-2,0,2,0.9,46.7,1020.4
2005120606,0.8,0,3.4,356.8,42.2,1022.2
2005120612,6.7,0,4.6,313.4,26,1021.3
2005120618,2.4,0,2.8,325,43.2,1022.7
2005120700,0.6,0,3.5,351.4,49,1023.2
2005120706,1.9,0,4.6,323.3,40.7,1023.5
2005120712,6.4,0,3.1,318.4,27.2,1022.5
2005120718,2.1,0,1.8,322.7,43.2,1023.5
2005120800,-0.1,0,1.4,270.4,54.2,1024.6
2005120806,1.6,0,4,290,45.2,1024.8
2005120812,5.1,0,4.3,315.1,31.2,1023.6
2005120818,1.1,0,2.3,316.3,32.7,1025.8
2005120900,-0.2,0,3.8,316.8,39.5,1027.2
2005120906,1.3,0,4.5,326.6,39.5,1028.2
2005120912,6.5,0,4.2,323.3,26,1026.6
2005120918,2.6,0,1.8,335.6,39.5,1026.8
2005121000,-0.4,0,1,270,59,1027.5
2005121006,0.8,0,0.7,263.7,60.2,1027.2
2005121012,7.1,0,3,290.4,41,1024.1
2005121018,3.2,0,1,278.2,43.2,1023.3
2005121100,0.1,0,4,343.4,30.2,1023.2
2005121106,-1.4,0,2.8,335.6,26,1024.3
2005121112,2.1,0,4.2,318.4,15.8,1022
2005121118,-0.5,0,4.7,291.6,25.8,1022.3
2005121200,-2.3,0,4.9,299.9,39,1022.1
2005121206,-1.5,0,4.1,305,37.2,1021
2005121212,2.4,0,4.1,289.7,24,1017.8
2005121218,-2.2,0,4.3,305,32.7,1018.3
2005121300,-3.9,0,3.8,301.8,40.8,1019.8
2005121306,-3.5,0,5,315.1,35,1020.2
2005121312,1.1,0,4.9,315.1,25.2,1018.7
2005121318,-2.2,0,4.3,294.9,34.5,1019.8
2005121400,-3.2,0,4.2,308.2,34.3,1020.9
2005121406,-2.3,0,5.1,305,29.5,1022.7
2005121412,2.3,0,4.8,299.9,19.3,1022.6
2005121418,-0.4,0,1.9,310.9,32.8,1023.2
2005121500,-3.6,0,1,316.8,51.8,1022.8
2005121506,-2.2,0,1.7,299.2,55,1021.9
2005121512,3,0,4.7,296.6,27.2,1019.8
2005121518,-0.5,0,1.4,288.2,35.8,1021.3
2005121600,-2.1,0,1.2,258.6,53.7,1022.4
2005121606,-0.6,0,1.6,273.3,52.5,1023.3
2005121612,5.2,0,4.2,263.5,32.2,1020.5
2005121618,1.7,0,2,306.1,56.5,1019.9
2005121700,-0.8,0.6,2,336.1,73.8,1020.4
2005121706,-2.1,0,4.3,318.4,27.7,1022.6
2005121712,0.6,0,4.5,293.2,23.3,1020.1
2005121718,-6.7,0,6.2,315.1,31.2,1023
2005121800,-9.5,0,3.9,334.9,23.5,1028.1
2005121806,-5.3,0,4.8,313.4,20.7,1028.9
2005121812,2.6,0,4.8,263.4,24.5,1025.6
2005121818,1,0,0.6,330.5,40.5,1025
2005121900,0,0,3,320,46.7,1025.1
2005121906,1,0,4.2,315.1,41.7,1026.6
2005121912,5.7,0,3.4,329.8,18.5,1026.1
2005121918,0.6,0,1.3,349.7,29.3,1028.1
2005122000,-3.4,0,1,259.8,44.5,1029.2
2005122006,-1.2,0,1.6,335.7,34.5,1029.2
2005122012,6.9,0,1.4,347,13.2,1026
2005122018,3.1,0,1.4,350,20.3,1024.3
2005122100,1.9,0,3.3,342.8,33.7,1021.2
2005122106,0.9,0,0.9,340.5,49,1016.8
2005122112,1.4,0,4.7,307.1,40.8,1010.3
2005122118,-3.2,0,4.7,283.4,27,1012.3
2005122200,-5.8,0,4.9,308.2,33.5,1012.4
2005122206,-4.5,0,6,315.1,30.5,1014.8
2005122212,1.2,0,4.8,308.2,23.3,1013.2
2005122218,-0.5,0,1.1,306.1,39.3,1015.2
2005122300,-1.3,0,0.7,263.6,56,1015.7
2005122306,1.7,0,0.5,282.1,60,1015.4
2005122312,6.7,0,3.9,287.3,50,1013.2
2005122318,2.5,0,5,294.9,41.3,1014.7
2005122400,-1.2,0,4,321.8,29,1018.3
2005122406,-2.4,0,2.2,1.3,29.3,1023.3
2005122412,3.9,0,1.9,288.4,15.7,1022.4
2005122418,0.7,0,1.8,320,22.2,1022.2
2005122500,-2.5,0,0.9,286.7,33.5,1020.8
2005122506,-0.5,0,0.6,277.7,33.5,1018.8
2005122512,9.5,0,4.4,256.8,31.7,1013.6
2005122518,4.5,0,2.8,338.3,36.3,1015
2005122600,-1,0,3.3,346.8,24.5,1019.6
2005122606,-1.8,0,4.8,310.1,31.3,1022.9
2005122612,2.3,0,4.7,323.3,15.5,1022.9
2005122618,-1.5,0,3.2,307.1,22.7,1025.3
2005122700,-3.9,0,1.7,342.8,29.2,1026.7
2005122706,-2.8,0,3.8,332.5,28.3,1028.6
2005122712,2.9,0,4.4,299.9,13.5,1027.2
2005122718,-0.6,0,2.9,336.1,18,1028.7
2005122800,-3.7,0,3.3,7.9,27.7,1030.5
2005122806,-2.2,0,2.2,18.2,28.5,1030.9
2005122812,4.3,0,2.5,62.5,13,1029.4
2005122818,-0.2,0,0.8,268,22.8,1029.8
2005122900,-3.1,0,1.3,273.4,32.2,1030.4
2005122906,-1.4,0,0.7,230.7,32.7,1030.8
2005122912,6.9,0,1.8,40.7,13.7,1028.4
2005122918,2.1,0,1.4,343.7,25.3,1029.2
2005123000,-0.8,0,0.7,275.2,38,1030
2005123006,0.9,0,0.8,323.1,41.2,1030
2005123012,8.5,0,4.9,299.9,39,1026.9
2005123018,4.8,0,2.5,325.3,54.2,1027.8
2005123100,3.2,0,1.8,330,59.5,1029.2
2005123106,5.1,0,4.2,40.1,56.3,1030.5
2005123112,5.1,0,3.2,26.6,48.8,1029.9
2005123118,2.9,0,1.6,310.9,57.3,1029.3
2006010100,0.3,0,0.6,349.8,71.5,1028
2006010106,1.4,0,0.4,342.1,70,1025.8
2006010112,10.5,0,2.1,252.8,33.7,1021.8
2006010118,5.9,0,2.7,339.1,49.5,1019.7
2006010200,4.1,0,4.2,346.5,53.2,1018.7
2006010206,4.7,0,4.3,333.2,46.3,1019.2
2006010212,8.1,0,4.6,302.9,28.8,1017.2
2006010218,4.7,0,2.1,313.3,27.2,1017.7
2006010300,2.8,0,3.6,323.8,26.2,1018.2
2006010306,1.8,0,2.9,316.9,16.2,1022
2006010312,5.8,0,3.7,310.1,10.3,1021.6
2006010318,2.3,0,1.8,316.8,13.8,1022.5
2006010400,1.3,0,3.2,325.1,14.5,1022.8
2006010406,1.1,0,3,313.8,19,1024.1
2006010412,2.2,0,3.7,315.1,10.3,1022.8
2006010418,0.3,0,3.1,319.8,13.8,1022.8
2006010500,-2.4,0,2.8,334.9,22.3,1023.4
2006010506,-3,0,2.2,337.1,30.7,1024
2006010512,2.7,0,3.2,346.8,27.3,1023
2006010518,-0.8,0,1.6,350,32.8,1024.2
2006010600,-3.1,0,2.8,346.8,30.3,1024.1
2006010606,-2.7,0,4.1,330,28.7,1021.3
2006010612,-0.7,0,5,310.1,23.8,1018.8
2006010618,-2.8,0,3.7,299.9,21.5,1019.8
2006010700,-5.1,0,3.5,336.6,24.2,1022.3
2006010706,-4.2,0,3.8,338.7,24.3,1023.7
2006010712,1.8,0,5.3,316.8,15.2,1022.6
2006010718,-1.4,0,2.9,0.2,24.5,1024.1
2006010800,-3.2,0,3.9,339.1,28.3,1025.8
2006010806,-2.1,0,3,353.2,36,1027.4
2006010812,5.2,0,2.2,49.7,21.5,1025.8
2006010818,0.4,0,0.8,276.4,47.8,1025.8
2006010900,-1.8,0,1.4,271.3,39.8,1025.1
2006010906,-0.6,0,1.4,312.4,41.5,1024.5
2006010912,6.7,0,2.6,321.8,23.3,1021.8
2006010918,1.6,0,1.2,294.7,43,1022.5
2006011000,-2.2,0,0.6,304.7,60.7,1023.1
2006011006,-0.8,0,0.9,261.7,60.5,1023.4
2006011012,8.1,0,2.3,264.3,23.8,1021.9
2006011018,3,0,1.4,315,36.5,1023.8
2006011100,-0.6,0,1.4,262.5,53.5,1026.6
2006011106,1.3,0,1.1,335,43.2,1028.6
2006011112,8.7,0,1.8,109.7,19.3,1027.8
2006011118,2.6,0,1.3,317.1,32,1029.9
2006011200,-1.4,0,0.5,350.6,46.8,1031.9
2006011206,0.3,0,0.5,324.5,45.5,1032.3
2006011212,9.5,0,3.2,80.2,45.2,1029.7
2006011218,7.8,0,2.3,65.6,59.8,1027.5
2006011300,6.3,0,1,256.4,70.7,1024.3
2006011306,6.4,0.5,0.5,341.6,87.8,1019.8
2006011312,9.4,11,0.6,354.3,94.3,1015.2
2006011318,9.8,2.5,0.6,125,94.5,1013.5
2006011400,8.6,0,2.2,3.4,90.8,1012.8
2006011406,7.1,0.1,2.6,346.6,80.7,1014.3
2006011412,8.2,0,3.3,6.6,61.3,1015.8
2006011418,5.9,0,3.2,346.6,60.3,1019.6
2006011500,4.8,0,2.1,333.4,65.2,1020.9
2006011506,4.8,0,1.2,341.6,67.7,1021.3
2006011512,9.6,0,1.2,190.3,52.3,1019.4
2006011518,5.7,0,1.1,288.9,72,1020.1
2006011600,2.1,0,1.1,262,83,1020.8
2006011606,2.8,0,1.2,244.9,75.3,1020.8
2006011612,7.4,0,0.7,295.5,58.8,1019.2
2006011618,5.9,1,2.4,336.6,81.2,1020.5
2006011700,3.3,0.5,2.2,13.4,79,1023.3
2006011706,3.9,0,1.9,321.3,63,1025.6
2006011712,9.1,0,1.9,344.4,42.3,1025.2
2006011718,5.6,0,1.8,335.3,68.3,1025.3
2006011800,4.7,0,1.2,300.7,73.3,1025.3
2006011806,5,0,1.7,342.4,68.3,1025.2
2006011812,8.7,0,3.6,356.6,43.8,1024
2006011818,5.1,0,3.3,353.4,83.2,1025.6
2006011900,4.1,0.6,2.5,333.4,83.8,1026.2
2006011906,4.3,0,2.8,353.2,79.2,1027.4
2006011912,4.6,0.4,3,6.8,74.3,1026.9
2006011918,4.8,0.5,3.3,49.1,58.2,1027.4
2006012000,4.8,0,3.5,63.4,52.8,1026.9
2006012006,4.6,0,2.7,20.2,55.8,1025.8
2006012012,5.8,0,2.7,3.4,55.5,1023.4
2006012018,3.7,0,1,339,62.3,1022
2006012100,0.5,0,0.6,338.1,76.7,1019.7
2006012106,1.8,0,0.9,281.3,70.5,1019
2006012112,7.7,0,3.1,15,45,1016.3
2006012118,2.9,0,1.4,317.6,68.2,1016.7
2006012200,1.5,0,2.7,326.9,57.5,1017.3
2006012206,2.8,0,4,316.3,24,1017.4
2006012212,6.3,0,5.4,286.7,14.2,1016.6
2006012218,1.3,0,3.5,329.8,20.2,1019.2
2006012300,-2.5,0,2.3,323.5,34.8,1022.9
2006012306,-2.4,0,1.3,349.8,38.5,1027.5
2006012312,6.5,0,2.3,131.9,17.7,1025.6
2006012318,2.7,0,2.5,295.8,19.7,1026.3
2006012400,-0.3,0,3.7,324.2,28.2,1028.1
2006012406,-0.9,0,2.2,0.4,41,1029
2006012412,5.3,0,3.3,46.8,18.3,1029.4
2006012418,0.9,0,1.5,321.6,26.3,1029.7
2006012500,-1.4,0,1,294.7,37.3,1029.7
2006012506,1.4,0,2.4,298.7,26.7,1028.9
2006012512,8.1,0,3.7,316.3,16,1027.4
2006012518,4.3,0,2.5,331.5,27.3,1027.4
2006012600,1,0,1.8,326.9,46.3,1027.5
2006012606,1.8,0,2,331,54,1026.4
2006012612,8.9,0,2.1,85.7,30.2,1022.8
2006012618,4.5,0,1.8,319.3,37.3,1021.3
2006012700,1.6,0,2.7,335,51.3,1021.2
2006012706,2.8,0,2.8,331.9,48.5,1020.3
2006012712,8.4,0,3.9,308.2,26,1019.2
2006012718,5.1,0,2.4,338,31.2,1020.1
2006012800,1.3,0,0.7,336.7,42.8,1024.3
2006012806,1.5,0,0.8,261.7,49.3,1025.7
2006012812,8.6,0,2.5,87.2,39.2,1025.6
2006012818,4.4,0,1.2,3.3,59.8,1025.2
2006012900,1.6,0,0.7,272,72.7,1026.1
2006012906,2.7,0,0.7,278.5,70.5,1026.7
2006012912,11.4,0,2.6,136.9,47.2,1025
2006012918,8.4,0,0.9,260,65.8,1024.8
2006013000,6.8,0,0.5,331.9,71,1025.3
2006013006,6.9,0,0.8,23.5,70.5,1026.4
2006013012,12.5,0,1.5,59.4,50.8,1026.2
2006013018,8.6,0,2.5,16.3,72.3,1027.1
2006013100,6.6,1.1,1.2,293.7,84.7,1026.4
2006013106,7,7,2.2,340,88,1025.6
2006013112,7.1,0.5,1.7,0,86.5,1025
2006013118,6.7,0.5,1.4,302.4,90.5,1023.1
2006020100,6.4,3,1.1,292.8,92.8,1019.6
2006020106,6.6,6.5,3,329.8,81.3,1017.4
2006020112,8.1,0,5.4,316.8,53.8,1018.6
2006020118,3.2,0,3.4,310.4,56.2,1022.6
2006020200,1.2,0,1.7,319.8,61,1025.7
2006020206,2.4,0,2.7,349.8,36.7,1026.3
2006020212,7.5,0,2.4,322.5,15,1025.6
2006020218,3.9,0,1.7,295.5,30.7,1024.2
2006020300,1.4,0,3.2,323.3,39.2,1026.1
2006020306,-2.2,0,4,329.8,20.8,1029.7
2006020312,-0.9,0,3.7,324.2,14.8,1031.4
2006020318,-4.6,0,2.4,340,25,1033.6
2006020400,-8.4,0,1.2,13.6,40.7,1035.8
2006020406,-6,0,3.6,291.5,29.5,1034.5
2006020412,0.9,0,4.8,315.1,14.7,1031.9
2006020418,-1.8,0,2.1,294.3,22.2,1032.3
2006020500,-4.9,0,3,346.1,30.2,1033.5
2006020506,-3.3,0,2.7,8.7,32.3,1034.1
2006020512,3.9,0,2.7,86.9,19,1031.7
2006020518,2,0,0.8,7,35.2,1029.8
2006020600,-0.4,0,1.4,296.5,72.8,1027.7
2006020606,-0.5,3.6,0.4,353.5,86.2,1024.9
2006020612,2.7,1.2,1,1.3,80.5,1020.4
2006020618,2.2,0,1.1,312.5,85.7,1018.7
2006020700,1.5,0,0.8,325,89.2,1015.5
2006020706,3.1,3,2.4,270,78.3,1009.8
2006020712,5.9,0,6.7,266.7,45.3,1010.3
2006020718,3,0,4.4,284.7,57,1014.6
2006020800,0.6,0,2.7,286.2,59.8,1019.5
2006020806,-1,0,3.9,299.9,37,1022.8
2006020812,0.2,0,6.6,294.9,29.3,1025.9
2006020818,-2.4,0,5.6,290,33.8,1028.4
2006020900,-4.8,0,5.1,305,37.3,1031.4
2006020906,-3.2,0,4.2,343.4,28.5,1032.8
2006020912,4.1,0,3.5,318.4,15.5,1029.8
2006020918,0.2,0,1.8,284.7,28.3,1026.3
2006021000,-2.5,0,1.3,280,48.3,1023.5
2006021006,-0.3,0,2.5,238.8,50.7,1021.3
2006021012,7.3,0,3.7,270,31.8,1017.5
2006021018,3.2,0,1.3,289.4,50.5,1017.1
2006021100,-1.1,0,0.6,312.1,74.5,1018.3
2006021106,0.7,0,0.5,308.8,68.7,1018.2
2006021112,8.5,0,3,295,39.2,1016.1
2006021118,4.5,0,1.7,313.4,45,1017.5
2006021200,1.5,0,2.6,313.4,29.5,1020.7
2006021206,0.4,0,5.1,299.9,24.5,1024.8
2006021212,6.9,0,3.3,302.8,12.7,1026.4
2006021218,2.3,0,1.3,288.2,23.3,1026.2
2006021300,-1.2,0,0.6,316.2,43,1025.1
2006021306,2.2,0,0.6,294.6,40,1023.2
2006021312,14.2,0,4.8,233.3,16.3,1019
2006021318,9.7,0,3.7,215,51.2,1017.1
2006021400,10.9,0,3.6,205.5,69.3,1014.6
2006021406,13.1,0.5,3.2,231.8,83.3,1011.4
2006021412,17.6,0,3.3,249,55.5,1010.1
2006021418,12.5,0,1.2,352.2,70.8,1012.2
2006021500,7.4,0,1.1,135,82.7,1015.8
2006021506,8,0,2,346.9,65.5,1018.6
2006021512,8.2,0,2.8,19.9,67.7,1018.2
2006021518,5.3,4.5,2.2,326.6,85.2,1018.3
2006021600,5.5,0.1,1.2,293.6,88,1018.2
2006021606,6.2,0.4,1.2,325.3,84.5,1018
2006021612,9.6,0,2.4,313.3,51.8,1018.4
2006021618,6.8,0,3.8,305,30.2,1019.7
2006021700,2.4,0,6.1,318,22.8,1022.8
2006021706,0.6,0,4.2,336.6,20.3,1026.3
2006021712,2.8,0,5.5,302.9,14.2,1027.2
2006021718,-0.8,0,2.5,307.1,20.5,1028.3
2006021800,-1.9,0,4,325,28.2,1029.1
2006021806,1.2,0,3.5,325.3,35.8,1029
2006021812,7.1,0,1.8,312.6,23.3,1026.2
2006021818,3.4,0,1.5,294.7,40,1025.2
2006021900,0.3,0,1,298.1,55.8,1026.1
2006021906,2.8,0,1.2,1.3,40.7,1026.1
2006021912,9.6,0,2.7,113.8,21.8,1025.3
2006021918,5.2,0,1.3,239.5,43.7,1024.9
2006022000,2.5,0,0.6,276.1,55.5,1023.8
2006022006,4.2,0,0.5,61.1,47,1024
2006022012,12.9,0,3.1,108.5,21.2,1021.3
2006022018,7.6,0,1.4,254.3,43.5,1021.6
2006022100,3.4,0,0.8,287.3,60.8,1022.5
2006022106,5,0,0.8,271.5,55.3,1022.7
2006022112,14.4,0,3.7,140,41.2,1020.7
2006022118,9.2,0,1.2,247.8,58.5,1020.3
2006022200,5.8,0,1.2,309.4,63.7,1017.8
2006022206,6.5,0,1.3,285.6,58.7,1019.2
2006022212,7.5,0.5,1.2,323.8,68.2,1018.8
2006022218,6.9,0,2.5,331.3,53.7,1021.1
2006022300,3.2,0,0.8,341,46.8,1024
2006022306,3.9,0,1.5,309.2,46.7,1026.9
2006022312,10.3,0,3.3,69.1,42.3,1026.2
2006022318,6.2,0,1,1.1,60,1026.3
2006022400,4.5,0,1.7,345.2,43.7,1027.5
2006022406,6.2,0,3,346.4,31.7,1029.5
2006022412,9.3,0,5.4,66.7,43.8,1030
2006022418,5.2,0,1.8,322.3,62.5,1031.2
2006022500,1.7,0,0.4,335.9,77.3,1030.6
2006022506,4.4,0,0.5,321.2,73,1028.7
2006022512,11.3,0,2,73.4,51.8,1024.8
2006022518,8.7,0.5,1.8,2.9,74.8,1022
2006022600,7.6,5,0.8,331.9,89.3,1018.2
2006022606,9.9,0,3,333.6,67.2,1015.7
2006022612,12.8,0,5.4,318.4,25.8,1016.5
2006022618,5.7,0,3.5,339.1,22,1022.4
2006022700,0.5,0,1.4,343.4,46,1028
2006022706,2.3,0,2.3,305.9,43.2,1030.6
2006022712,7.6,0,4.8,52.3,39.5,1031
2006022718,5,0,2.9,6.6,52,1031.4
2006022800,5.4,0,2.8,57.2,51.2,1031.2
2006022806,5.6,0,4.1,60,52.3,1029.6
2006022812,5.9,0,3.6,38.2,52.7,1026.7
2006022818,2.5,2.5,2.1,322.9,85.2,1024.2
2006030100,1.6,4.5,0.5,318.7,91,1020.7
2006030106,2.6,2.5,1.8,346.8,83.5,1017.6
2006030112,5.5,0,4.8,308.2,53.3,1014.2
2006030118,2.5,0,2.9,333.1,45.5,1014.2
2006030200,1.2,0,4.8,299.9,47.2,1014.2
2006030206,1.9,0,2.7,286.7,44.2,1015
2006030212,5.7,0,4.4,296.6,27.8,1014.5
2006030218,1.6,0,1.6,291.6,34,1016.2
2006030300,-1.1,0,1.6,283.6,50.2,1018.5
2006030306,1.2,0,3.2,305,39.8,1020.5
2006030312,7.1,0,3.1,280,22.7,1020.8
2006030318,3.1,0,1.4,315,41.8,1021.5
2006030400,-0.5,0,0.9,266,54,1023.5
2006030406,2.4,0,1,215,40.3,1024.7
2006030412,11.3,0,3.5,162.1,23,1022.9
2006030418,7.9,0,3.3,194.7,34.8,1022
2006030500,7.6,0,2.4,238.8,57.5,1022
2006030506,10.8,0,2.2,255.8,55.5,1020.9
2006030512,16.5,0,4.8,228.4,45.5,1019.4
2006030518,13.8,0,2.1,236.5,66.5,1017.4
2006030600,11.2,0,0.8,233,74.7,1018
2006030606,11,0,1.9,25,73,1018.4
2006030612,11.6,0,5,63.4,53.7,1019.6
2006030618,8.4,0,3,28.5,71,1021.7
2006030700,7.2,0,1.5,324.2,79.3,1021.7
2006030706,8.8,0,1.3,270.8,70.8,1020.6
2006030712,17,0,3.8,230.3,34.5,1016.9
2006030718,13.5,0,3.3,230,57.3,1015.8
2006030800,9.3,0,1.8,3.4,58.7,1020
2006030806,8.8,0,1.9,32.3,50.5,1023.6
2006030812,14.7,0,2.9,147.6,41,1022.5
2006030818,10.8,0,2,65,67,1023.7
2006030900,9.6,0,1.5,38.2,71.2,1024.4
2006030906,9.6,0,1.6,26.7,67,1025.1
2006030912,10.9,0,4.1,66.7,57.5,1022.9
2006030918,9.2,0,1.3,26.2,67.8,1021.3
2006031000,5.8,0,0.8,297.4,80.7,1019.7
2006031006,8.1,0,0.5,347.6,71.8,1018.7
2006031012,16.9,0,3.3,107.3,46,1015.3
2006031018,14,0,2.2,263.6,40.3,1013.5
2006031100,11.2,0,1.9,292.8,60.3,1013.5
2006031106,11.4,0,0.8,344.2,61.7,1013.5
2006031112,18.6,0,3.5,228.4,35.8,1010.1
2006031118,12.6,0,3.2,331.1,44.2,1011.8
2006031200,9.1,0,4.6,310.1,27.2,1013.3
2006031206,4.4,0,4.8,315.1,15.3,1015.5
2006031212,4.2,0,5,313.4,13,1014.8
2006031218,-0.8,0,5,318.4,18.2,1017.2
2006031300,-4.8,0,4.9,323.3,33.7,1020.8
2006031306,-2.1,0,5.4,320,25,1022
2006031312,4.7,0,4.8,263.6,20.7,1018.2
2006031318,2.4,0,2.8,281.2,38.2,1016.7
2006031400,0.3,0,1.8,273.4,49.3,1017.2
2006031406,1,0,4.4,305,38.2,1018.8
2006031412,7.2,0,5.1,299.6,16.7,1018.3
2006031418,5,0,1.6,284.7,27.3,1018.3
2006031500,2.3,0,1.3,296.6,39,1018.9
2006031506,5.9,0,1.9,264.2,32.3,1019.3
2006031512,15.3,0,3,149.9,21.5,1014.9
2006031518,11.2,0,3,231.8,29.3,1012.6
2006031600,9.3,0,1.9,252.9,49.2,1010.8
2006031606,4.8,6.5,1.9,325,85.3,1006.6
2006031612,5.1,9,2.4,308.2,80,1003.6
2006031618,6.8,0,3.8,313.4,63,1006.1
2006031700,4.8,0,1.6,9.3,70.5,1011.9
2006031706,7.9,0,1.2,235.4,63.3,1015.9
2006031712,16.8,0,3.3,103.4,36.8,1014.5
2006031718,11.3,0,1.4,227.6,61,1013.3
2006031800,9.4,0,0.4,311.3,66,1011.7
2006031806,9.5,1,1.2,327.9,74.3,1009.3
2006031812,10.1,0.5,1.6,284.7,77.3,1006.7
2006031818,11.6,0,4.9,299.9,54,1004.8
2006031900,7.6,0,3.6,354.1,45,1008.6
2006031906,6.6,0,3.3,356.6,47,1014.5
2006031912,10.7,0,2.9,116.6,39.7,1015.3
2006031918,6.8,0,1.9,40.8,61.8,1016.7
2006032000,2.5,0,1.4,290.8,45,1018.8
2006032006,5.4,0,1.3,315,35,1019.9
2006032012,14.8,0,2.4,195,16.3,1017.9
2006032018,11.2,0,1.2,270,26.2,1016.8
2006032100,7.9,0,1.1,295.5,31.8,1017.6
2006032106,9.9,0,1.2,271.6,33.2,1018
2006032112,15.5,0,3.8,111.6,28.5,1017.1
2006032118,11.4,0,2.7,72.3,59,1017.9
2006032200,8.2,0,0.7,332.1,75.5,1017
2006032206,9.4,0,1.1,35,67.7,1015
2006032212,15.3,0,3.2,93.3,33.7,1010.2
2006032218,11,0,1.9,190.1,69.3,1007.4
2006032300,8.4,0,0.4,331.9,76,1006.4
2006032306,9.6,0,5.6,299.9,45.3,1008.6
2006032312,14.2,0,3.9,305.6,27,1009
2006032318,9.1,0,2.3,13.2,66.8,1012.1
2006032400,5.4,0,1,247.4,56.7,1014.6
2006032406,6.9,0,1.3,312.4,35.8,1015.9
2006032412,12.7,0,2.9,100.1,46.2,1014.8
2006032418,9.5,0,1.8,212,59.7,1015.7
2006032500,4.3,0,0.3,334.8,70.8,1017.9
2006032506,8.6,0,0.8,150.8,49,1018.1
2006032512,19.2,0,4.8,230.3,11.7,1015.2
2006032518,14.1,0,3.8,233.3,23.7,1014.7
2006032600,13.2,0,3,238.8,28,1014.8
2006032606,12,0,3.4,47.6,40.3,1016
2006032612,12.8,0,4.2,80.2,43.7,1015.7
2006032618,8.6,0,1.6,17.4,61.8,1015.6
2006032700,5.4,0,0.9,300.7,76.3,1015.2
2006032706,8.5,0,0.8,0.8,68.7,1013.3
2006032712,18.2,0,3.7,231.8,24.8,1008.9
2006032718,13.8,0,1.9,261.7,45.7,1006.6
2006032800,8.6,0,1,306.6,58,1005.2
2006032806,7.3,0,4,328.3,43,1003.6
2006032812,8.8,0,5.6,301.8,27.7,1004.2
2006032818,4.4,0,5.1,310.1,30.8,1008.1
2006032900,2,0,3.9,305,39.8,1012
2006032906,4.7,0,3.3,293.7,30.3,1013.2
2006032912,11.9,0,3.9,283.9,15.3,1010.4
2006032918,8.8,0,3.4,231.8,35.8,1008.7
2006033000,7.5,0,3.2,267.6,40,1007.8
2006033006,7.2,0,4.8,319.1,34.8,1012
2006033012,11.7,0,5,305,15.5,1013.1
2006033018,6.2,0,3.1,6.3,49.5,1016.4
2006033100,2.4,0,1.4,306.6,65.2,1019.8
2006033106,5.9,0,1,241.5,48,1020.4
2006033112,14.7,0,3.6,140.1,31.2,1017.7
2006033118,11.4,0,2.6,223.3,50.3,1016.7
2006040100,8.3,0,1.1,338.7,65.5,1016.4
2006040106,10.1,0,0.8,279.5,66.7,1015.8
2006040112,14.9,0.5,4.6,211.8,68,1012.5
2006040118,12.4,7.5,2.8,185.3,90.5,1005.8
2006040200,14.6,0,3.2,203.7,84,1000
2006040206,16.2,0.5,3,209.5,71.3,997.2
2006040212,18.1,0,5.7,313.4,35.7,997.5
2006040218,10.7,0,2.5,356.7,53.5,1005.2
2006040300,6.9,0,0.9,303,64.2,1010.3
2006040306,11.1,0,1.4,230.7,48.2,1012.2
2006040312,23.2,0,3.7,318.7,13.8,1011.7
2006040318,15.1,0,1.2,63.4,68.8,1012.8
2006040400,12.5,0,0.7,356.8,78,1012.3
2006040406,13.5,0,1.3,280,62.5,1011.8
2006040412,11.3,13,2.5,167.5,86.2,1009.8
2006040418,10.3,4,2.1,11.2,89.8,1007.3
2006040500,9,0,2.8,356.7,83.7,1006.9
2006040506,9.5,0.5,2.7,346.6,75.2,1008.5
2006040512,12.4,0,5.4,62.3,57.8,1010.1
2006040518,9.4,0,2.2,23.1,63.2,1014.7
2006040600,8.4,0,0.6,311.9,69,1017
2006040606,9.2,0,1.2,23.7,71.7,1019.3
2006040612,10.8,0,2.8,90,60.8,1017.9
2006040618,9.7,0,1.5,52.9,66.2,1016.2
2006040700,6.7,0,0.5,335.9,82.2,1015.9
2006040706,10.3,0,0.9,310.7,66.8,1013.9
2006040712,19.5,0,4.9,228.4,30.3,1010.1
2006040718,15.7,0,3.8,239.8,51.2,1008.5
2006040800,14.2,0,5.4,273.4,34.5,1009.7
2006040806,14.6,0,5.8,283.4,16.7,1012.8
2006040812,20.5,0,4.4,296.6,10.8,1014.4
2006040818,13,0,2.8,55,52,1017.7
2006040900,10,0,1.1,23.9,66.2,1019.3
2006040906,11.9,0,2.4,53.5,62.7,1021.6
2006040912,15.6,0,3.6,130.1,47.7,1020.6
2006040918,12.9,0.2,2,173.3,69.2,1019
2006041000,12.2,8.3,2.8,100,89.5,1016.5
2006041006,12.9,12,4.2,125,91.3,1012
2006041012,13.5,3,3.2,62.9,91,1008.8
2006041018,13,8.5,2.5,0.4,89.8,1007.5
2006041100,13,9.5,2.1,353.2,90.2,1005.6
2006041106,12.5,22.5,4.6,356.7,87,1001
2006041112,12.8,28,3.3,328.1,87.8,999.1
2006041118,13.2,1,0.4,0,92.2,1001.8
2006041200,11.5,0,1,313.9,93.3,1004.3
2006041206,14.6,0,0.7,336.9,79.5,1007.2
2006041212,16.3,0,3.9,70,66.3,1008.1
2006041218,11.3,0,2.7,28.5,72.8,1012
2006041300,9.9,0,1.5,6.6,71.7,1013.2
2006041306,9.2,0,2.1,3.4,68.5,1015.2
2006041312,9.9,0,4.1,35,54.2,1016.5
2006041318,7.8,0,2.8,6.6,59,1019.7
2006041400,5.6,0,2.3,326.6,68.2,1022.3
2006041406,8.8,0,3.7,6.1,55,1023.9
2006041412,11.8,0,5.6,56.6,41.3,1023.5
2006041418,8.1,0,3.3,4.4,61.8,1023.2
2006041500,7.1,0,2.6,340,70.2,1021.2
2006041506,9.7,0,2.8,3.4,64,1019.4
2006041512,11.8,0,3.2,12.4,54.8,1016.3
2006041518,8.7,0,1.4,352.1,70.7,1014.2
2006041600,5.2,0,0.7,333.4,85.7,1013.5
2006041606,9.6,0,3.7,310.9,35.2,1012.2
2006041612,13.9,0,4.5,304.4,25.2,1013.6
2006041618,8.4,0,1.8,9.7,61.2,1016.8
2006041700,4.8,0,0.6,300.7,78.7,1018
2006041706,9.2,0,1.2,243,63.8,1018.1
2006041712,18.3,0,5.2,193.6,32.5,1014.5
2006041718,15.6,0,3.4,203.2,32.5,1014.5
2006041800,13.9,0,3.3,204.9,38,1017.1
2006041806,16,0,4.7,223.4,48.8,1018.1
2006041812,20.6,0,5.6,186.8,36,1016.5
2006041818,18,0,5.2,225.1,59.2,1015.5
2006041900,16.3,0,2.3,196.9,74.7,1015.4
2006041906,17.5,0,4.9,186.6,68,1011.8
2006041912,16.7,14,5.9,201.6,76.5,1005.6
2006041918,11.6,1,5.2,263.4,47.8,1004.1
2006042000,8.1,0,5.6,253.4,42.2,1006.5
2006042006,10,0,7.2,273.3,39.7,1003.5
2006042012,14.9,0,5.3,281.2,27.5,1000.7
2006042018,10.4,0,4.8,310.1,39.5,1004.2
2006042100,9.4,0,3.6,305,43.2,1007.5
2006042106,12.1,0,2.9,294.9,37.2,1008.4
2006042112,17.6,0,3.6,100,34.5,1007.3
2006042118,13.5,0,1.1,24.7,67.8,1006.7
2006042200,10.7,0,0.6,295.4,76,1006.9
2006042206,12.4,0,1.1,266.3,64.8,1006.3
2006042212,13.8,1,1.7,152.3,72.8,1005.8
2006042218,11.9,0,0.7,30.2,81.5,1005.5
2006042300,9,0,1.5,280,92.7,1006
2006042306,13.4,0,1.1,239.7,65.3,1006.1
2006042312,21.8,0,4.5,185.8,28.5,1003
2006042318,15,0,6,299.1,29,1004.1
2006042400,9.7,0,2.4,313.8,25.3,1010.1
2006042406,11.8,0,1.6,260.7,24.2,1012.5
2006042412,19.3,0,4.1,250,12.8,1009.8
2006042418,16.1,0,3.6,276.6,14.7,1008.2
2006042500,11.6,0,2.8,316.8,24,1011.3
2006042506,13.1,0,2.5,313.4,20.8,1013.9
2006042512,18.3,0,3.9,143.3,23.2,1013.2
2006042518,14.4,0,1.8,305,49.2,1013
2006042600,12.1,0,0.9,215,54.5,1012.9
2006042606,14.1,0,1.2,308.4,43.2,1013.1
2006042612,15.7,0,2,18.9,49.7,1012.6
2006042618,13.2,0,1.1,319.2,70.2,1012.1
2006042700,10.6,0,0.8,292.8,81.3,1011.9
2006042706,13.1,0,2.2,281.2,63,1012.4
2006042712,18.4,0,4,348.6,38.2,1012.1
2006042718,12.9,0,1.9,61.7,60.5,1013.9
2006042800,8.6,0,0.6,297.3,82.7,1014.5
2006042806,13.6,0,1.2,274.1,63.7,1014.4
2006042812,21.9,0,4.2,215,30,1010.5
2006042818,16.6,0,2.6,218.4,42,1008.4
2006042900,12.1,0,1.3,281.5,57.2,1008.1
2006042906,13.4,0.1,1.8,260.2,65.3,1006.5
2006042912,17.7,0,2.6,239.8,56,1004.4
2006042918,15.1,0,2,262.1,69.3,1004.1
2006043000,12.1,0,0.4,354,83.8,1004.9
2006043006,17.4,0,4.2,181.3,59.8,1002.9
2006043012,27,0,6.6,246.7,32.2,999
2006043018,21.9,0,2.9,159.6,48.7,1000.8
2006050100,15.5,0,2.2,55.9,80.2,1002.9
2006050106,19.5,0,0.8,307,63.5,1004.2
2006050112,23.7,0,3.8,108.2,49.5,1003.2
2006050118,17.7,0,2.3,42.9,44.5,1004.8
2006050200,14.8,0,3,10,61.5,1007.8
2006050206,14.8,0,4.8,21.6,48,1012.6
2006050212,15.6,0,6.3,50,46.5,1015.2
2006050218,11.8,0,3.9,29.9,63.8,1018.1
2006050300,10.4,0,2.4,16.7,63.5,1020.5
2006050306,13.1,0,2.5,50.7,53.5,1020.8
2006050312,17,0,3.5,109.7,37.5,1019.9
2006050318,12.3,0,2.4,153.9,67.8,1019
2006050400,9.4,0,0.8,304.7,81.8,1019.4
2006050406,15.2,0,1.1,207,57.7,1020.2
2006050412,25,0,4,165.1,25.7,1017.3
2006050418,20.4,0,4.4,209.9,52.7,1017.8
2006050500,19,0,2.8,211.8,65.5,1018.5
2006050506,20.8,0,4.8,209.9,61.3,1018.7
2006050512,23.4,0,5.4,215,49.2,1017.8
2006050518,20,0,2.5,231.9,62.2,1017.3
2006050600,18.9,0,2.9,213.5,69.5,1014.4
2006050606,16.6,5.5,3.8,173.1,85.2,1010.8
2006050612,16.3,47,2.8,148.8,92.7,1006.7
2006050618,16.8,9,1.8,63,92,1003.2
2006050700,14.5,0,1.3,0.7,87.7,1006.2
2006050706,16.6,0,2.2,346.4,78.7,1009.2
2006050712,19.6,0,3.8,23.2,63.2,1011.9
2006050718,16.1,0,3.8,15,73.7,1015
2006050800,14,0,3.2,353.1,83.8,1017.8
2006050806,14.9,0,3.8,24.9,77.2,1019.5
2006050812,18.1,0,3.5,10,63.5,1019.1
2006050818,14.3,0,2.5,15.6,78.8,1018.8
2006050900,12.7,0,2,350,83,1019.5
2006050906,13.7,0,2.4,356.7,79.5,1018.3
2006050912,15.2,0,2.7,12.8,73.2,1017.8
2006050918,13.6,0.1,1.2,356.9,83.5,1016.2
2006051000,12.9,8.4,0.4,350,91,1014.3
2006051006,13.8,32,0.9,295,93.7,1011.6
2006051012,18.2,3.5,0.9,47.2,85,1007.8
2006051018,19.3,0,1.5,335.6,77.7,1008.8
2006051100,14.6,0.1,2.9,25.7,82.2,1014.4
2006051106,15.1,0,3.4,8.7,57.8,1021.2
2006051112,17.4,0,5,56.6,31.5,1023
2006051118,13.2,0,1.8,17.6,55,1023.4
2006051200,9.4,0,0.8,283.6,70.7,1024.2
2006051206,15.2,0,2.2,39.8,37.8,1024
2006051212,16.2,0,3.4,45.1,34.3,1021.3
2006051218,13.6,0.5,2.1,349.8,49.7,1019.2
2006051300,9.8,3,1.2,311.3,85,1017.8
2006051306,14.4,0,1.3,320.4,61.8,1014.8
2006051312,18.8,0,3.2,101.9,51.2,1011.6
2006051318,17.4,0,2.2,322.2,51.7,1010.8
2006051400,14.3,0,2.6,296.6,53,1012.7
2006051406,17,0,2.2,276.1,45.3,1014.2
2006051412,22.8,0,3,67.9,32,1012.6
2006051418,18.6,0,1.3,309.2,50.5,1013.8
2006051500,12.6,0,0.9,322,70.7,1016.8
2006051506,16.5,0,0.8,270.6,51.5,1018.2
2006051512,23,0,2.4,221.3,27.3,1018
2006051518,18.9,0,1.9,230,45.8,1017.9
2006051600,16.2,0,0.7,5,65.8,1018.8
2006051606,19.8,0,1.1,285.8,48.5,1020.2
2006051612,23.7,0,3.1,152.1,35.2,1019.4
2006051618,17.8,0,2,53.8,71,1019
2006051700,16,0,1.2,28.4,81.2,1019.1
2006051706,17.7,0,0.6,310.5,67.7,1019.2
2006051712,21.4,0,2.2,128.7,49,1017.7
2006051718,17.9,0,1.3,43.7,63.3,1017
2006051800,15.9,0,0.5,37.8,78.5,1016.5
2006051806,18.4,0,0.6,28.9,70.8,1015.6
2006051812,20.7,0,2.3,112,59.5,1014.5
2006051818,17.2,1.5,1.2,59.2,82.8,1012.5
2006051900,15.8,18,2.3,350.2,89.8,1008.5
2006051906,15.1,49,3.2,346.6,90,1004.5
2006051912,16.2,13,2.9,343.3,84.5,1002.6
2006051918,15.8,3,1.6,325,87.5,1001.6
2006052000,15.4,0,0.9,342.4,86.8,1003.1
2006052006,19.3,0,1.6,36.3,65,1006.6
2006052012,24.9,0,2.8,127.7,39.3,1007.3
2006052018,18.9,0,1.4,19,66.2,1009.2
2006052100,17,0,0.6,341.6,77.5,1012.2
2006052106,20.1,0,1,218.8,67.8,1014.5
2006052112,23.7,0,3.2,127.1,52.5,1013.2
2006052118,18.5,0,1.3,36.6,82,1012.6
2006052200,17.1,0,1.3,46.9,85.5,1011.8
2006052206,23,0,5.5,225.1,58.7,1010.1
2006052212,24.7,0,6.1,209.9,53.8,1008
2006052218,20.4,0.1,4.6,201.6,76,1007.2
2006052300,19.8,0,2.7,229.3,76.3,1005.8
2006052306,21.2,0,2.2,310.1,64,1006.6
2006052312,24,0,3,104.9,52,1007.7
2006052318,19.7,0,1,32.4,70.5,1008.3
2006052400,17.2,0,1.5,307.7,65.7,1009.8
2006052406,19.3,0,1.9,64.9,60.2,1012.3
2006052412,19.7,0,4.7,70,58,1014.8
2006052418,15.1,0,2.5,354.2,70.3,1017.8
2006052500,13.9,0,1.3,325,76.2,1019.8
2006052506,16.3,0,1.6,41.3,66.3,1021.1
2006052512,19.8,0,3,80,44.8,1018.9
2006052518,15.4,0,2.2,13.9,72.8,1018.4
2006052600,14.6,0,1.2,325.4,77.5,1017.6
2006052606,15.2,2,1,250,83.7,1016.2
2006052612,18.7,0.5,1.8,102.3,76.7,1013.5
2006052618,17,0,2.7,50,81.8,1011.2
2006052700,16,3.5,2.4,70,90.5,1009
2006052706,16.3,1.5,2.5,70,88.5,1005.3
2006052712,16.9,4,2.8,109.3,91.8,1001.7
2006052718,16.9,0,1.4,227.6,90.7,998.8
2006052800,15.8,0,1.5,232.2,85.8,998.3
2006052806,19.2,0,2.3,278.7,67.5,998.8
2006052812,20.3,0,3.5,19.1,58.8,999.8
2006052818,14.8,1.5,1.5,330.1,86.3,1003.2
2006052900,13.4,0,0.6,335.9,92,1004.2
2006052906,17.6,0,1.1,300.3,76.3,1004.8
2006052912,21.9,0,3.2,76.4,59.7,1003.2
2006052918,18.2,0.4,1.5,312.8,80.7,1004.8
2006053000,16,0,1,291.3,87.5,1007.1
2006053006,20.6,0,0.7,333,67,1008.9
2006053012,24.9,0,3.7,101.5,47.3,1009.2
2006053018,20.9,0,1.2,21.1,66,1010.2
2006053100,18.2,0,1.8,275,69.2,1012.3
2006053106,22.5,0,1.4,253.2,50.5,1014.4
2006053112,29,0,3.1,106.7,27,1013.6
2006053118,22.7,0,0.9,11.7,48.8,1013.3
2006060100,19.6,0,0.9,292.8,62.5,1014.5
2006060106,22.5,0,1.4,92.9,54,1015
2006060112,25.8,0,2.4,86.6,38.8,1013.8
2006060118,19.6,0,1.7,201.6,66.8,1013.3
2006060200,15.9,0,1.5,31.8,82.7,1012.5
2006060206,16.9,0,2.6,8.7,73.8,1012.8
2006060212,18.4,0,3.2,10,71,1012.5
2006060218,17.1,0,3.7,20,72.5,1013.1
2006060300,15.9,0,3,6.6,71.8,1014.5
2006060306,17.5,0,3.3,16.7,64,1015.1
2006060312,21,0,3.7,76.6,52.7,1013.1
2006060318,16.4,0,2.3,27.7,75,1012.4
2006060400,14.4,0,1,1,83.7,1011.9
2006060406,17.1,0,1.1,45.1,72.5,1011.5
2006060412,20.5,0,1.5,148.5,61.5,1009.7
2006060418,18,0,1.3,57.9,74.5,1008.3
2006060500,14.9,0,0.3,348.7,88.2,1008.1
2006060506,21,0,1.1,280,65.3,1007.5
2006060512,25.8,0,2.7,143.3,51.2,1006.2
2006060518,20.5,0,1.6,58.4,67,1006.3
2006060600,17.4,0,1.8,20.2,84,1007.5
2006060606,19.3,0,1.3,21.1,76.5,1007.9
2006060612,23.7,0,3,141.8,56.3,1006.3
2006060618,19.5,0,2.2,97.9,72.3,1005.9
2006060700,17.9,0,1.4,26.6,81,1008.5
2006060706,18.5,0,2.5,35,73.3,1009.8
2006060712,21.4,0,2.5,103.4,62,1008.9
2006060718,18.6,0,2.1,133.4,75.3,1008
2006060800,17.6,0,1.7,211.8,82.8,1006.7
2006060806,17.6,1,1.5,297.7,84.7,1003.9
2006060812,17.8,9,1.1,150.6,87.2,1000.9
2006060818,17.5,2.5,0.9,358.9,88,998.1
2006060900,17.1,0.5,1,0.2,90,995.7
2006060906,20.4,0,1.5,347.4,70.5,995.9
2006060912,23.7,0,3.2,97,58.3,996.2
2006060918,20.3,0,1.2,17.3,73,998
2006061000,17.2,0,0.3,356.7,81.7,1000.1
2006061006,21.4,0,1.6,60.7,61.5,1001.2
2006061012,26.6,0,5.2,183.3,33.5,1000.9
2006061018,22.1,0.1,4.4,186.6,60.2,1001.8
2006061100,18.3,19.6,1.9,240,86.5,1003
2006061106,21.7,0,2.8,206.2,71.7,1003.8
2006061112,27.3,0,4.5,228.4,35,1003.8
2006061118,22.2,0,1.7,305.9,62.3,1006.5
2006061200,18.2,0,0.8,330.5,76.7,1010.5
2006061206,22.3,0,1.5,349.5,54,1013
2006061212,26.1,0,3.1,121.1,38.8,1013.2
2006061218,21.1,0,1.3,359.3,57.2,1014.3
2006061300,16.6,0,1,292.4,79.2,1015.7
2006061306,21.4,0,1.1,77.4,58.3,1016.2
2006061312,26.2,0,3,127.1,36.5,1015.7
2006061318,20.8,0,1.5,223.3,61.7,1014.8
2006061400,16.4,0,0.8,308.4,84.7,1015
2006061406,18.8,0,1.4,92.4,73.7,1013.2
2006061412,21.4,0.4,2.3,119.9,70.2,1008.3
2006061418,19.8,23.1,4.3,138.4,91.5,1002.5
2006061500,19.9,20,3.2,168.4,92.2,996
2006061506,23.8,0,2,323.1,68.2,995.8
2006061512,28.1,0,3.5,310.4,32.7,998.3
2006061518,22.6,0,1.7,322.9,45,1002
2006061600,17.5,0,1,281.6,70.5,1006
2006061606,21.2,0,1.1,266.6,59.2,1008.4
2006061612,27.7,0,2.5,106.1,35.2,1007.9
2006061618,22.3,0,1,6,53.3,1008.2
2006061700,17.1,0,0.9,289,79.5,1008.4
2006061706,20.7,0,0.9,233.7,58.5,1008.7
2006061712,26.7,0,3.7,110,39.7,1006.4
2006061718,21.8,0,1.9,71.5,71.3,1006.4
2006061800,19.4,0,0.6,353.5,78,1006.2
2006061806,23.9,0,1.7,313.9,55.5,1006.7
2006061812,28.6,0,2.7,83.9,40.7,1006.8
2006061818,24.6,0,0.8,331.7,53.7,1007.3
2006061900,20.9,0,0.9,340,63,1009.6
2006061906,25.6,0,1.4,291.1,45,1012
2006061912,28.9,0,3.3,138.6,33,1012.1
2006061918,24.5,0,1.4,271.7,50.7,1012.2
2006062000,21,0,0.5,11.7,66.2,1012.8
2006062006,24.7,0,1.2,257.2,53.8,1012.8
2006062012,30.1,0,3.7,109.5,36.5,1011
2006062018,26.3,0,2,271.3,43.7,1010.2
2006062100,23.4,0,1.1,313.3,55.8,1009.9
2006062106,25.2,0,1.7,308.7,57.2,1010.8
2006062112,29.3,0,1.9,29.6,46,1008.8
2006062118,23.4,0.5,1.9,356.1,65.2,1008.5
2006062200,20.8,1.5,0.6,350.2,87.8,1007.4
2006062206,21.9,5,0.9,316.2,89,1006.8
2006062212,24,1,1.4,267.2,81.2,1005.8
2006062218,22.8,0,1.1,59.2,80.8,1006
2006062300,20.3,0,0.8,16.7,88.8,1006
2006062306,22.4,0,1.4,348,81.7,1007.3
2006062312,24.8,0,3,51.8,65.7,1007.8
2006062318,19.4,0,2.9,51.8,78.3,1009.5
2006062400,17.7,0,1.5,13.4,83.8,1011.5
2006062406,19.4,0,2.2,50,72.5,1012.4
2006062412,23.7,0,2.8,86.9,58.3,1012.6
2006062418,19.6,0,2,20,76,1011.4
2006062500,18.9,0,0.8,6.8,82,1011.4
2006062506,19.5,2.5,1.4,37.7,83.8,1010.5
2006062512,20.3,3.5,1.4,38.2,87.7,1009.2
2006062518,19.5,0.5,1.2,2.9,88.7,1008.5
2006062600,18.7,7,0.4,324.9,93.8,1007.3
2006062606,21.2,0,0.9,269.5,83.8,1006.8
2006062612,27.1,0,2.7,122.6,61.5,1004.7
2006062618,25,0,2.5,252.9,72.7,1003.9
2006062700,21.1,0,0.2,332.3,88.3,1004.9
2006062706,24.6,0,1.3,295.4,69.2,1005.7
2006062712,29.4,0,3.5,225.9,50.2,1004.8
2006062718,26.3,0,2.4,257.6,68.2,1004.5
2006062800,21.8,0,0.6,2.1,86.2,1006.1
2006062806,25.5,0,1,293.5,69.8,1007.7
2006062812,29.5,0,3.2,115.9,51.5,1007.1
2006062818,24.4,0,1.6,41.3,74.2,1006.7
2006062900,22.6,0,1,295.3,82.2,1008.6
2006062906,26.1,0,1.8,280.3,70.5,1009.9
2006062912,30.2,0,3.8,155.3,53.3,1008.9
2006062918,25.7,0,3.5,201.6,73.5,1009
2006063000,23,2.5,2.9,198.2,89.3,1007.5
2006063006,26.3,0.5,3.6,215,76.2,1007.7
2006063012,27.6,0,4.5,223.4,68.3,1006.5
2006063018,25.2,0,2.9,191.7,71.7,1005.9
2006070100,22.9,0.1,1.1,99.8,80.7,1007.2
2006070106,22.3,7.9,0.9,66.3,89.7,1007.5
2006070112,24.3,3,3.5,198.8,86,1004.3
2006070118,23.8,0,2.5,230.8,80.3,1002
2006070200,20.5,0,1.2,335.8,90.3,1003.7
2006070206,22.1,0,1.8,96.3,81.5,1005.1
2006070212,24.8,0.3,2.4,116.3,71.7,1004.9
2006070218,19.5,9.2,2.1,46.3,90.5,1006.5
2006070300,18.7,0,1.4,35,89.5,1006.9
2006070306,20.1,0,0.8,349.8,81.8,1007.3
2006070312,21.9,0,1.8,88.9,76.8,1007
2006070318,20.6,0,2,154.2,82.5,1006.6
2006070400,19.8,0,1.2,164.4,86.7,1006
2006070406,20.3,0.5,1.5,145,87.5,1005.3
2006070412,20.8,13,2.4,86.6,92.7,1003.2
2006070418,21.1,32,3.2,62.1,93.7,997.8
2006070500,21,0,1.7,285.5,91,994.6
2006070506,21,0,3.2,343,81.2,997.3
2006070512,22,0,3.9,11.2,67.5,1000.1
2006070518,20.1,0,1.4,10.2,66.3,1001.3
2006070600,18.6,0,0.8,336.6,73.2,1002.2
2006070606,20.2,0,1.4,34,69.7,1002.5
2006070612,22,0,2.1,23.2,65.2,1003
2006070618,20.4,0,1.9,107.6,72.7,1003.3
2006070700,19.4,0,0.9,7.5,79.5,1004.2
2006070706,21.7,0,0.7,331.7,73.5,1004.5
2006070712,25.9,0,2.8,120.2,62.2,1004.6
2006070718,23.4,0,2,130.1,79,1005.5
2006070800,21.8,0,0.9,334.3,88.2,1007.5
2006070806,23.1,0,1.3,47.9,79.5,1008.4
2006070812,23.8,0,1.4,30.2,74.5,1008.5
2006070818,22,11,1,50.7,92.5,1009.6
2006070900,21.7,20,0.5,336.3,94.8,1009.2
2006070906,21.9,96,1.2,119.8,95.7,1009.3
2006070912,23.2,27.5,1.5,316.8,91.5,1010.4
2006070918,24,0,0.7,3.3,84.8,1009.3
2006071000,22.1,0,2.7,60,89.2,1009.7
2006071006,22.4,30,4.4,73.4,91.3,1007.4
2006071012,23.6,68.5,8.5,131.3,91.8,1001.1
2006071018,24,0,5.3,198.2,78,999.6
2006071100,24,0,3.6,221.5,75.2,1003.2
2006071106,26.7,0,3.1,231.8,66.2,1005.6
2006071112,28.2,0,3.6,215,66.7,1007.8
2006071118,25.6,0.5,2.3,204.8,82.2,1008.7
2006071200,24.8,10.5,0.8,251.8,92.3,1008.5
2006071206,25.3,5.5,1.1,184.3,92.7,1008.6
2006071212,29.1,0.5,3.9,206.6,74.2,1007.3
2006071218,27.8,0,3.6,208.5,76,1006.4
2006071300,26.7,0,2.5,203.7,79.8,1006.8
2006071306,28.5,0,2.4,236.1,72.2,1008
2006071312,31.8,0,4.1,233.3,58.2,1008.2
2006071318,29,0,3.3,212.9,69.5,1008.5
2006071400,27.3,0,1.2,304.1,72.8,1009.2
2006071406,29.9,0,3.1,250,65,1010.8
2006071412,33.1,0,4.1,238.5,52.7,1010.3
2006071418,25.9,0,2.2,45,73,1012
2006071500,23.2,0,1.2,125,81,1012.4
2006071506,28.1,0,3.5,248,70.7,1010.9
2006071512,30.9,0,5.6,218.2,62.8,1009.3
2006071518,26.2,0,2.7,153.4,77.2,1010.2
2006071600,25,0,1.3,300.8,85,1009.3
2006071606,23.2,0.5,2.3,57.7,82.8,1010.2
2006071612,21.8,1,1.8,133.4,83.8,1010
2006071618,21.5,3.5,0.9,57.9,92,1007.4
2006071700,21.7,0.1,1.3,44.7,91.2,1006.2
2006071706,20.2,16.9,1.3,358,91,1007.9
2006071712,20.1,28.5,0.6,13.5,93.2,1008.6
2006071718,19.8,5.5,0.3,0,92.8,1008.2
2006071800,20.1,0.5,0.2,7.7,94.2,1005.7
2006071806,20.9,3,0.9,56.4,94.3,1003.5
2006071812,20.7,10.5,1.3,11.6,92.3,1002
2006071818,20,18,0.6,308.4,93.5,1002.8
2006071900,19.4,19.5,0.9,332.2,94.2,1003.3
2006071906,19.6,1,2.2,45.1,91.3,1005.2
2006071912,20.6,0.5,2.3,63.4,82.8,1006.2
2006071918,19.4,1.5,0.9,6.8,88.2,1006.5
2006072000,18.4,18.5,0.5,339.1,93.7,1006.2
2006072006,19.8,0.5,0.9,16.7,87.3,1005.2
2006072012,20.3,0.5,1.6,37.1,85.5,1004.4
2006072018,19.1,4.5,1,301.1,92.8,1002.5
2006072100,18.8,0.5,0.6,316.2,94.3,1001.7
2006072106,20,0,0.3,341.6,90.8,1002.1
2006072112,22.3,0,1.4,105,82.7,1002.5
2006072118,21.6,0,0.8,25,88.3,1002.5
2006072200,19.7,0,0.6,344.3,95.2,1003.3
2006072206,23.1,0,0.5,9.4,82.8,1002
2006072212,29.7,0,1.8,125,58.7,1000.4
2006072218,25.7,0,0.9,358.5,76.7,1001.2
2006072300,22.1,0,0.8,338.9,85.7,1002.7
2006072306,22,0,1,281.6,79.5,1003.4
2006072312,24,0.1,0.8,6.5,72.2,1004.4
2006072318,21.2,0.4,0.9,45,88.2,1006.1
2006072400,20.1,0,0.6,5.4,90.5,1006.3
2006072406,21.2,0,0.4,23.2,85.2,1006.8
2006072412,22.9,0,0.7,32.8,79,1007.7
2006072418,21.9,0,1.2,174.4,83.7,1009.2
2006072500,20.9,0,0.7,278.7,88.8,1010.5
2006072506,23.9,0,0.9,287.8,73.5,1011.8
2006072512,27,0,3.4,113.2,51.8,1012.9
2006072518,22.6,1.5,1.4,65.9,80.3,1014
2006072600,21.1,18,0.9,20.9,92.7,1015.7
2006072606,21.1,11,0.9,7,91.8,1016.5
2006072612,21.2,39.5,1.2,302,92.3,1016.2
2006072618,21.6,0.5,0.4,4,92.8,1015.8
2006072700,20.4,0,0.2,7.7,95.2,1015.5
2006072706,22.1,0,0.4,355.2,90.5,1014.9
2006072712,28.6,0.2,3.3,150.3,70.5,1012.2
2006072718,27.4,0,4.2,230,71,1010.2
2006072800,25.5,0,2.7,206.6,76.8,1009.3
2006072806,28.6,0,2.6,253,62.3,1010.1
2006072812,32.4,0,3.2,209.6,50,1009.5
2006072818,28.4,0,3.5,225.1,67.8,1009
2006072900,26.4,0,2.3,235.3,75.2,1010.1
2006072906,29,0,2,220.1,63.2,1011.7
2006072912,31.5,0,2.5,85.5,55.3,1011.7
2006072918,27.2,1,1.1,329.8,83.3,1011.6
2006073000,24.9,0,1.3,326.1,88.7,1012.9
2006073006,28,0,1.2,296.9,74.8,1013.5
2006073012,32.7,0,2.5,100.1,54,1012
2006073018,28,0,1.3,43.2,70.2,1011.5
2006073100,26,0,0.3,335.9,84.3,1011.3
2006073106,29.8,0,0.7,302.7,67.5,1011.3
2006073112,34.7,0,3.1,170,41.7,1009.1
2006073118,30.3,0,2,276.8,64.5,1008.8
2006080100,26.4,0,1.1,277.6,82,1009.8
2006080106,29.2,0,2.3,248.7,65,1010.5
2006080112,33.6,0,4.3,228.4,45.8,1009.8
2006080118,29.1,0,2.3,272.4,68.3,1010.2
2006080200,25.3,0,0.8,311.9,82.2,1011.8
2006080206,29,0,1.4,246.8,63.8,1013.5
2006080212,33.8,0,3,233.9,47.7,1013.3
2006080218,28.6,0,1.4,29.7,70.3,1013.3
2006080300,25.7,0,0.9,296.6,83.7,1014.4
2006080306,29.5,0,0.7,336.3,66.2,1016.3
2006080312,33.3,0,3,127.1,47.8,1015.5
2006080318,28.5,0,1.5,185.4,63.8,1014.9
2006080400,24.5,0,0.5,327.8,81.7,1015.5
2006080406,28.1,0,0.7,338.7,67,1015.9
2006080412,32.9,0,3.4,127.1,50.8,1014
2006080418,28.6,0,1.2,1.5,61.5,1013.2
2006080500,24.4,0,0.8,292.8,81.8,1013.8
2006080506,28.3,0,1,255.8,63.2,1013.5
2006080512,33.1,0,3.7,114.9,46.2,1012
2006080518,28.5,0,2.4,136.7,69.3,1011.1
2006080600,25,0,1.1,270.4,85.8,1011.2
2006080606,28.1,0,1.2,259.8,68.8,1011.3
2006080612,33.5,0,3.6,127.1,44.8,1009.3
2006080618,29.5,0,1.3,290,63.7,1008.4
2006080700,26.3,0,0.6,325,78.5,1008.9
2006080706,29.4,0,1.2,318.8,65.3,1009.2
2006080712,33.3,0,3,130.1,51.7,1007.5
2006080718,28.7,0,1.1,47.1,71.3,1007.6
2006080800,25.4,0,0.5,318.7,84.7,1008.5
2006080806,29,0,0.5,357.9,67.7,1008.7
2006080812,34,0,2.5,111.6,41.2,1007.5
2006080818,28.4,0,1.7,20.8,61.7,1008
2006080900,24.5,0,0.8,300.7,77.8,1009
2006080906,28.7,0,1.1,35,62.3,1009.4
2006080912,33.1,0,3.2,83.5,45.2,1008.5
2006080918,28.4,0,2.2,72,72.5,1008.6
2006081000,24.9,0,0.7,296.5,87.3,1009.2
2006081006,28.9,0,1.2,314.9,64.8,1009.3
2006081012,33.6,0,3.4,113.2,50.8,1008.6
2006081018,29.2,0,1.3,339.6,71.8,1007.8
2006081100,27.1,0,0.8,285.2,78,1008.7
2006081106,29.6,0,1.6,260.2,68,1008.8
2006081112,34.3,0,3,276.6,45.7,1007.7
2006081118,30.5,0,1.8,320.1,59.5,1007.5
2006081200,26.7,0,1,305.5,68.5,1007.6
2006081206,30.2,0,2.1,276.8,61.2,1007.5
2006081212,34,0,2.7,97,46.7,1005.8
2006081218,27.9,4.5,1.4,285,74.3,1005.2
2006081300,26.1,0,1.7,294.9,78.8,1006
2006081306,29.5,0,0.7,335.9,66.8,1006
2006081312,32.2,0,2.3,138.4,54.7,1004.6
2006081318,28.4,0,0.6,13.3,66.3,1004.5
2006081400,25.2,0,0.2,338.1,79.5,1004.8
2006081406,28.5,0,0.6,324.8,68.7,1004.7
2006081412,32.2,0,2.9,119.9,56.7,1003.2
2006081418,29.4,0,1.2,80.3,68.8,1002.7
2006081500,26.4,0,0.3,358,81,1003
2006081506,29,0,0.7,299.3,71.8,1003.1
2006081512,32.5,0,2.9,140,60.5,1002.2
2006081518,27.9,0,2.2,32.8,76.7,1002.5
2006081600,25.9,0,0.9,341,80.5,1002.8
2006081606,28.1,0,1.7,16.7,70.7,1003.2
2006081612,31,0,4.9,63.4,56.7,1002
2006081618,27,0,2.7,6.4,72.8,1001.4
2006081700,25.2,0,1.8,332.5,81.2,1001.2
2006081706,27.2,0,2.5,350,69.7,1000.8
2006081712,30.5,0,5.2,24.9,51.7,999.8
2006081718,27.1,0,5,16.7,69.2,1001.2
2006081800,24.5,1.5,3.9,6.6,83,1001.1
2006081806,24,2,4.8,3.3,84,1001.1
2006081812,23.6,3,4.8,3.3,84.2,999.8
2006081818,22.1,10.5,6,346.6,86,999.7
2006081900,21.4,13,6.6,350,87.2,998.9
2006081906,20,10.5,6.3,0,85,999.3
2006081912,21.3,11.5,6.5,340,85.2,998.8
2006081918,21.2,19,1.7,263.4,92.5,1000.5
2006082000,21,0.6,0,0,93,1003.1
2006082006,24.1,0,0.3,7.7,82,1005.1
2006082012,29.1,0,2.6,125,65.2,1005.8
2006082018,25.9,0,1.7,87.4,77,1007.7
2006082100,24.1,0,0.6,6.6,88,1009
2006082106,26.2,0,0.6,59.4,79.5,1009.4
2006082112,30.2,0,3.1,127.2,65.7,1008.3
2006082118,27.2,0,1.6,63.6,80.2,1009.2
2006082200,25.2,0,1.2,23.2,87.5,1010.2
2006082206,26,0,1.5,26.2,83.7,1010.8
2006082212,25.6,1.5,3.5,56.6,82,1010.8
2006082218,23.7,0,1.2,1.3,85.5,1011.9
2006082300,22.8,1,0.4,11.3,91.2,1012
2006082306,24.9,0,1,1.3,76.2,1012.2
2006082312,29.7,0,2,117,59.8,1010.8
2006082318,25.7,0,1.7,87.9,79.2,1011
2006082400,23.9,0,0.2,353.6,88,1011.5
2006082406,27,0,0.3,340.3,76,1012.2
2006082412,27.5,0.5,2.5,215,76,1012
2006082418,23.6,10.5,1.6,311.1,91,1013.9
2006082500,23.2,0,0.4,335.9,91,1014.5
2006082506,25.6,0,0.5,7.7,81.5,1015.2
2006082512,28.1,0,2.5,59.8,69.8,1013.8
2006082518,25.4,0.1,1.4,44.4,83.2,1014.3
2006082600,23.9,0,0.3,7.7,88,1014.1
2006082606,26,0,0.8,22.6,78.5,1014.1
2006082612,29.1,0,3,108.2,63.8,1012.5
2006082618,26.6,0,2.1,145.1,76.7,1012.1
2006082700,24.6,6,0.2,350,87.7,1010.9
2006082706,25,33,2.5,249.7,89.8,1009
2006082712,26.1,1.5,3.4,220.4,78.7,1007.7
2006082718,24.9,0,1.6,249.7,79,1007.5
2006082800,24,0,0.7,8.7,85.8,1007.7
2006082806,26.7,0,1.2,315,74.7,1008.1
2006082812,32.3,0,2,316.9,46.8,1006.8
2006082818,27.7,0,1.2,340.4,69.2,1007.5
2006082900,23.9,0,0.4,335.9,83.5,1008.8
2006082906,26.3,0,0.7,20.8,71.8,1009.2
2006082912,30,0,2.8,83.5,54,1008.3
2006082918,25.8,0,1.8,29.9,79.8,1008.7
2006083000,24.1,0.5,1.7,337.2,80.7,1008.8
2006083006,23.4,1,2.1,6.6,77.8,1009.4
2006083012,25,0,3,35,72.3,1009
2006083018,23.8,0,2.7,24.9,76,1008.4
2006083100,23.2,0,2.7,16.7,77.3,1007.2
2006083106,24.2,0,3.9,35,64.8,1006.8
2006083112,26.1,0,4.5,29.9,51.8,1005.5
2006083118,22.6,0,2.2,350.2,70.5,1006.1
2006090100,20.5,0,1.8,305,79.2,1005.8
2006090106,24.1,0,3.4,354.1,68.7,1005.8
2006090112,26.4,0,4.3,31.8,59.5,1006.2
2006090118,22.8,0,2.3,350,73.2,1007.9
2006090200,20.5,0,1.1,311.9,83.5,1008.4
2006090206,23.8,0,1.9,2.4,70.3,1008.6
2006090212,27.1,0,4.2,66.7,55.5,1008.2
2006090218,23.3,0,1.7,5.7,70.7,1009
2006090300,20.3,0,0.2,350,84.8,1009.9
2006090306,23.8,0,2.1,25.7,70.8,1010.4
2006090312,26.7,0,3.9,70,56.5,1009.3
2006090318,23.2,0,1.6,8.4,75.7,1008.4
2006090400,20.4,0,0.7,312.1,87.5,1007.7
2006090406,23.9,0,0.9,322,72.2,1006.8
2006090412,29.1,0,2.6,110,49.8,1005
2006090418,25.3,0,1.4,203.1,66.8,1005.1
2006090500,22.1,0,1.7,348.3,78.2,1006.4
2006090506,20.9,0.1,3.6,16.7,73.8,1008.8
2006090512,20.9,0,3.1,6.6,62.7,1009.4
2006090518,18.3,1.4,1.3,331.9,78.8,1009
2006090600,16.8,2.5,1.4,281.3,90.3,1007.3
2006090606,17.4,5,1.9,315.7,90.2,1007
2006090612,20.5,0,3,350.2,78.3,1006.8
2006090618,18.5,0,2,308.4,84.3,1008.3
2006090700,16.6,0,0.7,309.6,89.7,1010.3
2006090706,20.4,0,1.5,11.9,73.2,1012.8
2006090712,24.6,0,4.8,63.4,48.2,1013.2
2006090718,21,0,2.9,7.9,67.5,1014.5
2006090800,21.1,0,2,0,77.2,1015.1
2006090806,21.4,1.5,2.1,344.5,85.7,1014.8
2006090812,21.5,2,2.3,3.9,87.8,1014.1
2006090818,21,0,1.5,329.8,86,1014.3
2006090900,20.5,0.5,1.1,280,89.5,1012.8
2006090906,21,1,0.6,315,90.7,1011
2006090912,25,0,2.3,339.1,67,1010.5
2006090918,22.7,0,2.3,343.4,66.2,1012.2
2006091000,19,0,4.4,336.1,59.3,1014
2006091006,18.2,0,4.8,326.6,45,1016.8
2006091012,21.9,0,2.6,349.8,41.7,1017
2006091018,17.2,0,1.5,321.4,57.2,1018.3
2006091100,14.4,0,1,280.2,70.5,1019
2006091106,17.6,0,1,325,65.8,1019.6
2006091112,20.4,0,2.9,4.5,55.7,1019.6
2006091118,17,1.5,1.6,298.4,83.3,1020.8
2006091200,17,0.5,0.9,27.6,92,1020.7
2006091206,19.7,0,1.9,356.6,80.8,1021.7
2006091212,22.2,0,3.5,16.7,69,1021.4
2006091218,20,2.5,2.9,31.8,85.3,1021.7
2006091300,19.2,6,2.7,0,87.8,1021.3
2006091306,20.4,0,3.6,3.3,70,1020.9
2006091312,20.4,1.5,3,6.8,76.2,1020.4
2006091318,19.7,0.5,2.8,0,83,1020.2
2006091400,19.8,0,2.7,353.4,81.5,1019.8
2006091406,20.9,0,3.3,16.5,71.8,1020.2
2006091412,23.4,0,5,56.6,50,1019.2
2006091418,20.1,0,2.4,10,68,1018.7
2006091500,19.7,0,1.8,346.8,75.7,1017.8
2006091506,22,0,3.2,41.9,72,1017.2
2006091512,22.8,0.3,3.8,59.8,69.3,1016
2006091518,17.8,17.7,1.1,339.5,89.2,1016.1
2006091600,17.2,19.5,1.8,320.5,92,1014.1
2006091606,19,3.5,2.7,356.7,85.5,1012.9
2006091612,21.4,0,2.9,356.9,73.5,1012.8
2006091618,20.2,0,2.2,0,73,1013
2006091700,19.7,0.4,2.3,340,78.7,1012.6
2006091706,19.5,10.1,3.2,3.3,87.7,1010.2
2006091712,19.7,20.5,6.2,13.4,85.8,1005.3
2006091718,18.9,39.5,7.5,356.6,86.7,996
2006091800,18.2,7.5,7.2,325.3,84.3,993.9
2006091806,19,4.5,1.9,326.1,81,1001.7
2006091812,21.3,0,1.9,308.7,67.7,1006.2
2006091818,18.7,0,1.6,340,78.8,1009.3
2006091900,18.4,0,2.2,315,76,1011.2
2006091906,20.9,0,0.8,350.2,64.7,1012.5
2006091912,26.2,0,1.7,80,45.3,1012.3
2006091918,20.3,0,0.9,260.7,74.5,1013.7
2006092000,16.5,0,0.4,324.9,89.2,1015.4
2006092006,19.8,0,0.8,8.1,70,1015.9
2006092012,25.1,0,3.3,55.3,35.3,1015.5
2006092018,20,0,1.8,358.9,73,1016.1
2006092100,17.3,0,0.9,275.1,86.8,1016.6
2006092106,20.7,0,2.2,352.6,77,1017.2
2006092112,23.5,0,4.1,50,64.2,1017.1
2006092118,20.6,0,2.2,10,75,1018.3
2006092200,18.7,0,1.6,353.4,77.8,1019.3
2006092206,20.8,0,3,16.9,61.7,1020.6
2006092212,23.4,0,4.8,53.3,43.8,1020.5
2006092218,19.2,0,2.6,0,64.7,1020.9
2006092300,18.2,0,1.8,3.3,69.5,1021.2
2006092306,20.2,0,2.4,13.9,56.3,1021.2
2006092312,23,0,4.7,51.8,39.3,1019.7
2006092318,18.8,0,2.7,346.6,63,1018.7
2006092400,16.4,0,1.6,328.3,74.3,1018.4
2006092406,18.8,0,2.6,346.1,66.5,1018.2
2006092412,21.7,0,4.5,45.1,50.3,1017.8
2006092418,17.9,0,2.3,340.6,65,1018.2
2006092500,14.8,0,0.6,271.3,81.7,1018.3
2006092506,18.5,0,1.6,318.8,69.7,1018.3
2006092512,22.7,0,4.6,63.4,51.8,1017.5
2006092518,18.9,0,1.8,10,70.5,1016.7
2006092600,18,0,1.1,313.4,77.7,1016
2006092606,20,0,2.6,17.9,70.8,1016.3
2006092612,22.5,0,3.9,35,58.7,1015
2006092618,19.3,0,1.9,340,74.3,1014.7
2006092700,17.7,0,1.1,313.7,80.7,1014.5
2006092706,20.3,0,2.6,346.6,65.3,1015.6
2006092712,24.1,0,3.4,29.3,52,1014.6
2006092718,19.3,0,1.6,313.8,75,1015.9
2006092800,16.8,0,0.7,315.2,87.5,1016.7
2006092806,18.9,0,0.8,274.4,79.2,1017.1
2006092812,23.5,0,2.1,133.7,62.7,1015.5
2006092818,20,0,0.7,311.7,79.8,1015.8
2006092900,17,0,0.8,294.7,86.3,1016.2
2006092906,19.9,0,1.3,289.1,70.5,1016.9
2006092912,25.5,0,2.4,59.6,48.7,1015.7
2006092918,20.9,0,1.7,356.9,70.5,1017.5
2006093000,19,0,1.7,322.1,78,1019.2
2006093006,20.2,0,2.2,311.5,69,1020.5
2006093012,22.9,0,4.6,53.3,49.2,1019.5
2006093018,19.5,0,1.5,353.5,66.5,1019.6
2006100100,18.5,0,1.2,278.7,75.8,1018.5
2006100106,19.2,0.4,1.6,342.2,76.8,1018.5
2006100112,22.4,0,3.7,66.7,56.5,1016.8
2006100118,18.8,0,1.6,323.5,72.8,1016.3
2006100200,17.6,0,1.9,334.3,79.7,1015.8
2006100206,19.7,0,2.2,0.9,69.7,1016.3
2006100212,23,0,3.8,62.3,55,1014.8
2006100218,18.3,0,1.4,300.3,73.7,1015.8
2006100300,14.8,0,0.8,290,87.2,1016
2006100306,18.1,0,1.2,325,73.3,1016.3
2006100312,23.7,0,3,70,51,1014.3
2006100318,17.7,0,1,322,75.7,1014.5
2006100400,14.2,0,0.9,307.2,87.7,1013.8
2006100406,17.4,0,1.5,339.7,75.5,1014
2006100412,23,0,3.7,56.6,53.3,1012.8
2006100418,19,0,2.2,353.2,69.8,1013.1
2006100500,18,0,2.8,340,70.8,1012.7
2006100506,20.2,0,4,6.8,64.5,1012.6
2006100512,21.9,0,4.8,13.4,53.7,1011
2006100518,19.3,0,3.8,3.3,61.7,1011.2
2006100600,19.6,0,3.9,356.7,65.7,1010
2006100606,21,0,5.2,3.3,58.7,1009.9
2006100612,23.1,0,6.2,6.6,45.2,1009.7
2006100618,18.8,0,3.2,343.3,57.7,1009.8
2006100700,16.5,0,2.3,349.8,64.5,1010.3
2006100706,19.2,0,3,346.6,54.8,1011
2006100712,24.4,0,3,7.9,39.3,1010
2006100718,18.5,0,1.2,7.1,72.5,1011.5
2006100800,15.1,0,0.9,297.3,86.8,1013.4
2006100806,17.5,0,0.7,254.6,78.2,1015.7
2006100812,23.1,0,2.6,135.1,60,1015.2
2006100818,19.6,0,1.6,220.9,78.7,1015.8
2006100900,16.2,0,0.8,281.3,90.7,1016.7
2006100906,18.4,0,0.8,278.5,81.3,1017.5
2006100912,24.8,0,2.7,118.4,63.2,1015.9
2006100918,20.5,0,0.7,5,85.8,1016.8
2006101000,17.9,0,0.3,335.9,89.5,1018
2006101006,19.6,0,0.5,334.8,78.8,1019.1
2006101012,25.6,0,2.5,147.2,56.3,1017.2
2006101018,21,0,0.7,329.4,79.8,1016.7
2006101100,19,0,0.5,318.7,84,1016.8
2006101106,21,0,1.5,271.1,72.5,1016.8
2006101112,27.4,0,2.4,270.3,28.8,1016
2006101118,20.4,0,0.6,293.5,57.8,1017.3
2006101200,17,0,0.4,7.7,74.2,1018.7
2006101206,19,0,1,260.2,74.3,1020.8
2006101212,24.1,0,2.7,100.1,61.3,1019.3
2006101218,19.8,0,1.2,341.7,83,1019.7
2006101300,14.9,0,1.2,287.7,75,1020.8
2006101306,17.3,0,1.8,310.5,59.7,1022
2006101312,22.4,0,3.6,42.3,49.3,1021.2
2006101318,18.5,0,1.9,339.8,74.3,1021.6
2006101400,16.6,0,1.1,276.6,85.2,1020.3
2006101406,19.4,0,1,163.9,74.3,1020.3
2006101412,23.6,0,2.9,125,52.8,1017.9
2006101418,18.3,0,1.3,234.2,74.8,1018
2006101500,15.1,0,1.2,276.6,85.5,1018
2006101506,18.1,0,1,272.6,64.8,1018.9
2006101512,25.4,0,2.5,51.5,40.7,1017.2
2006101518,19.1,0,1.1,316.8,71.3,1018.5
2006101600,16.5,0,0.6,318.7,87.3,1019.8
2006101606,18.9,0,0.9,309.6,79.8,1021
2006101612,23.2,0,2.5,127.1,59.2,1019.6
2006101618,18.8,0,1.4,252.4,79.7,1019.2
2006101700,15.7,0,0.5,320.4,89.7,1019.2
2006101706,18.7,0,0.6,45.6,78.3,1020.3
2006101712,25.1,0,1.5,120.1,47,1019.2
2006101718,19.4,0,1.4,352.8,66,1020.7
2006101800,16,0,1,281.3,85.8,1021.4
2006101806,19.3,0,0.9,55,77.5,1022.4
2006101812,24.6,0,2.5,128.2,57.5,1021
2006101818,19.6,0,1,255.5,81.2,1021.1
2006101900,16.1,0,0.5,300.7,89.5,1021
2006101906,18.4,0,0.7,288,75.5,1020.9
2006101912,25.4,0,2.3,187.6,46.8,1018.6
2006101918,21.8,0,0.3,348.7,57.3,1019.2
2006102000,19.5,0,1.6,273.8,70,1020.3
2006102006,20.5,0,1.3,312.6,59,1021.7
2006102012,25.6,0,2.3,132.3,40.2,1020.6
2006102018,19.2,0,2.4,353.5,77.5,1022.5
2006102100,17.5,0.4,2.1,350,85.2,1024.6
2006102106,18.8,0,1.1,347.4,77,1025.4
2006102112,21.9,0,3.5,96.6,64.5,1024
2006102118,19.6,0,1.7,56.9,72.7,1023.7
2006102200,17.3,0,0.8,292.8,82.2,1022.4
2006102206,18.1,0,1.1,256.2,79.2,1020
2006102212,20.1,1.5,1.5,267.8,79.2,1015.7
2006102218,17.8,18.5,2,115,90,1011.7
2006102300,16.5,0,0.8,305.7,92.8,1008.8
2006102306,17.5,0,3.2,260,58.5,1009.2
2006102312,18.9,0,5,286.7,46,1008.8
2006102318,16.1,0,5.7,346.9,63.8,1014.7
2006102400,14.8,0,5.7,340,66.5,1019.4
2006102406,15.8,0,5.1,353.4,62.5,1022.9
2006102412,16.6,0,5.1,356.6,49.7,1024.4
2006102418,14.6,0,2.8,343.4,58.2,1025.6
2006102500,12.4,0,1.3,325,74.8,1025.3
2006102506,15,0,1.1,329.8,66.2,1025.4
2006102512,20.5,0,2.1,95.1,49,1022.8
2006102518,16,0,1,2.1,72.3,1023.1
2006102600,13.5,0,0.5,293.1,82.8,1023.2
2006102606,16,0,0.8,352.8,72.8,1023.9
2006102612,18.5,0.1,2.9,35,64.3,1023.3
2006102618,15.1,0.1,0.8,329.6,83.3,1023.8
2006102700,14.4,0,0.5,341.6,86.5,1022.9
2006102706,16.5,0,1.1,320.4,75.7,1023.2
2006102712,20.3,0,2.3,120.3,57.2,1021.5
2006102718,15.8,0,1.1,354.2,73.5,1021.9
2006102800,11.1,0,0.7,322,80,1021.6
2006102806,14.1,0,0.8,299.8,67,1021
2006102812,22.7,0,1.9,250,26.5,1017.9
2006102818,15.6,0,0.9,280,60.5,1017
2006102900,11.7,0,0.8,304.7,71.8,1017.7
2006102906,16.3,0,2,341.6,62.8,1018.8
2006102912,20.9,0,3,58.8,41.3,1018.2
2006102918,15.2,0,1.6,306.9,73,1020.6
2006103000,11.6,0,0.6,301.5,85.7,1021.7
2006103006,14.2,0,0.6,292.3,74.8,1022.8
2006103012,21.4,0,2,112.4,40.7,1020.8
2006103018,15.6,0,0.8,262.6,78.8,1020.9
2006103100,11.9,0,0.5,300.7,87.8,1020.8
2006103106,13.9,0,0.9,264.1,67.3,1020
2006103112,22.1,0,1.9,353.1,27.7,1017.3
2006103118,14.6,0,0.9,275.4,60.3,1017.8
2006110100,12.1,0,0.8,266.7,68.3,1018.3
2006110106,14.7,0,0.6,345.5,63.5,1019.1
2006110112,20.3,0,2,22.6,53.2,1017
2006110118,15.9,0,1.3,310.1,75.7,1016.9
2006110200,12.6,0,0.9,333.6,87.2,1016.8
2006110206,14.2,0,0.5,327.8,80.5,1016.7
2006110212,19.2,0,2.4,41.6,56.7,1014.7
2006110218,13.9,0,1.6,314.4,59.3,1015.9
2006110300,9.3,0,1,276.6,76.3,1016.7
2006110306,12.8,0,1.5,282.3,64.8,1017.5
2006110312,20.9,0,2.1,30.5,35.5,1016.2
2006110318,14.8,0,0.8,309.6,63,1016.6
2006110400,11.1,0,0.4,334.8,79.8,1016.8
2006110406,13.9,0,0.9,218,71,1017
2006110412,20.9,0,3.2,240,38.2,1015
2006110418,16.9,0,2.1,245,63.2,1015.6
2006110500,15.5,0,1,240,78.2,1014.7
2006110506,18.8,0,3.3,233.6,68.5,1012.9
2006110512,18.5,6.5,2.5,253.3,71,1009.8
2006110518,14.7,0,0.8,10,86,1011.2
2006110600,11.7,0,3.1,339.7,50.3,1013.7
2006110606,10.9,0,1.8,271.5,59.8,1014.1
2006110612,15.4,0,4.8,250,48.3,1010.2
2006110618,10.7,0,2.5,276.8,50.3,1010.7
2006110700,6.5,0,4.7,273.4,53.2,1013.6
2006110706,5.9,0,3,294.9,45.2,1018.2
2006110712,11.3,0,3.6,281.5,26,1019.9
2006110718,6.8,0,1,290.9,58.5,1021.2
2006110800,3.7,0,0.8,295.3,78.3,1021.4
2006110806,7.7,0,0.5,86.7,67,1022.3
2006110812,17.9,0,4.7,211.8,39.5,1019.8
2006110818,16.2,0,2.5,163.4,65.5,1019.2
2006110900,17.4,0,3.2,219.7,66,1018.2
2006110906,19.7,0,5.3,236.6,55.2,1017.8
2006110912,23.4,0,4.6,235.3,40.5,1016.6
2006110918,16.2,0,2,14.7,72,1018.7
2006111000,13.2,0,0.6,293.3,65.7,1020.8
2006111006,13.1,0,1.5,310.8,36.3,1022.8
2006111012,17.5,0,2.3,79.7,52.2,1020.7
2006111018,14,0,1.1,302.4,77.3,1018.2
2006111100,13.6,0,1.4,326.4,79.5,1014.3
2006111106,10.9,0,3.5,343.4,75.2,1014
2006111112,14.3,0.1,3.8,353.5,46.7,1014
2006111118,9.3,0,2.2,349.6,52,1016.3
2006111200,5.9,0,3.1,312.9,36.3,1018.5
2006111206,7.1,0,2.1,353.5,39,1020.4
2006111212,14,0,2.4,10.7,21.5,1019.2
2006111218,7.9,0,0.7,327.8,48.7,1019.7
2006111300,4.4,0,0.7,296.6,64.2,1018.6
2006111306,7,0,1.2,256.6,55.5,1018.2
2006111312,13.8,0,1.9,253.3,37,1016.1
2006111318,12.8,0,1,279.6,61.2,1014.6
2006111400,11.8,0,0.9,356.7,79.2,1012.2
2006111406,13.1,0,4.2,330,36.7,1013.5
2006111412,13.2,0,4.7,318.4,14.3,1014.5
2006111418,8.4,0,2.4,308.2,30.7,1017.8
2006111500,5.6,0,1.4,323.3,49,1019.6
2006111506,7,0,1.3,308.8,54.3,1019.8
2006111512,14.8,0,5.3,253.3,33,1015.9
2006111518,10.6,0,1.6,340,50.2,1016.3
2006111600,6.6,0,2.2,299.6,48.3,1020
2006111606,6.1,0,3.4,319.8,34.8,1022.6
2006111612,9.8,0,3.2,313.4,22.8,1022.1
2006111618,6,0,1.2,305,31.3,1023.5
2006111700,3.2,0,0.6,299.6,45.5,1024.9
2006111706,5.8,0,2,343.4,36,1026.2
2006111712,13,0,2.3,0.4,19.3,1025.2
2006111718,6.8,0,0.5,327.8,51,1026.3
2006111800,3.7,0,0.4,327.8,64.7,1026.4
2006111806,6,0,0.3,332.1,64.8,1025.9
2006111812,10.7,0,0.6,4.3,56.8,1024.2
2006111818,8.5,0,1.2,275.3,70.7,1023.2
2006111900,9.9,0,2.2,345,65.2,1021.5
2006111906,11.6,0,2.2,341.1,66.2,1020.6
2006111912,15.6,0,3.2,3.4,58.5,1017.5
2006111918,12.5,0,2.6,336.6,72.2,1017.5
2006112000,11.4,0,1.1,353.4,68.7,1016.8
2006112006,12.8,0,2.6,3.4,59.2,1017.3
2006112012,16.4,0,2.9,32.9,40.2,1017
2006112018,10.7,0,1.2,318.4,69.5,1018.6
2006112100,7,0,1,294.7,83.8,1019
2006112106,9.2,0,0.9,286,55.5,1019
2006112112,17.3,0,2.3,331.5,28.7,1017.3
2006112118,11,0,0.7,307.2,50.8,1019.5
2006112200,7.7,0,0.6,338.7,67.7,1020.8
2006112206,9.1,0,1.2,288.9,69.5,1023.7
2006112212,14.6,0,2.2,353.4,34.5,1023.7
2006112218,12.8,0,3.4,6.6,49.7,1024.1
2006112300,12.3,0,5.8,70,63,1024.8
2006112306,10.9,0,6.2,70,66.7,1024.7
2006112312,9.1,0.5,5.1,46.8,73.8,1024.9
2006112318,8.1,1.5,4.2,10,76.5,1026.1
2006112400,8.7,0.5,3.8,0,66.7,1028.4
2006112406,10,0,3.8,31.8,57.7,1029.6
2006112412,10.9,0,4.4,45.1,52.2,1029.6
2006112418,10.8,0,3.7,40.1,54.3,1029.7
2006112500,11.5,0,3.7,45.1,58,1028.1
2006112506,12.9,0,4.3,60,59,1026.4
2006112512,13.8,0,3.3,31.6,62.3,1023.8
2006112518,12,0,1.7,353.9,71,1022.2
2006112600,10.1,0,0.2,0,82.5,1019.9
2006112606,12,0,1.4,283.9,83.5,1017.2
2006112612,12.8,1.5,2.6,333.4,87.2,1013.5
2006112618,13.5,0,2.7,340,84.7,1012
2006112700,13,0,3.2,356.6,84.8,1010.8
2006112706,12.1,1,2.8,356.6,84.3,1010
2006112712,11.6,2,3.3,3.4,80.2,1009.2
2006112718,9.7,2,3.3,333.4,83.8,1012.8
2006112800,9,0.3,2.2,333.2,84,1015.2
2006112806,9.2,0.2,1.2,282.4,82.5,1016.2
2006112812,13.6,0,3.1,253.4,61,1015.4
2006112818,10.3,0,1.7,330,68,1017.3
2006112900,6.6,0,3.5,330,52.3,1020.5
2006112906,6.3,0,3.7,321.5,53,1022.7
2006112912,10,0,2.8,335.6,33.2,1021.8
2006112918,6.1,0,2.5,0,37.5,1022.4
2006113000,3.9,0,1.8,6.8,42.3,1023.4
2006113006,5.1,0,0.9,359.4,44.3,1024
2006113012,10.8,0,2.1,291.2,33,1021.9
2006113018,6.2,0,0.4,350.3,58.3,1021.7
2006120100,3.6,0,0.8,300.7,74.7,1022.2
2006120106,5,0,0.6,352.9,69.8,1020.8
2006120112,10.9,0,2.6,293.5,44.2,1017.3
2006120118,5.6,0,0.6,341.6,65.2,1018
2006120200,2.1,0,0.3,338.1,76,1016.9
2006120206,5.4,0,3.6,314.5,50.7,1017.8
2006120212,5.8,0,5,305,24.3,1020.4
2006120218,1.4,0,3.5,294.9,43.2,1023.9
2006120300,-0.6,0,6,299.9,50.7,1025.1
2006120306,-0.6,0,5.9,305,41.5,1026.5
2006120312,3.5,0,4.9,313.4,16.7,1026.9
2006120318,0.4,0,3.7,315.1,27,1028.6
2006120400,0,0,3.6,316.8,46.8,1029.8
2006120406,1.9,0,4,288.2,48.5,1030.4
2006120412,5.8,0,4.6,302.9,22,1029.9
2006120418,0.9,0,1.3,290.9,33.8,1030.4
2006120500,-1,0,0.9,292.3,45.8,1030.8
2006120506,1.7,0,1.1,257.8,41.7,1030.9
2006120512,9.4,0,2,45.5,37.8,1029.4
2006120518,4.8,0,0.6,323.5,64,1031
2006120600,1.5,0,0.9,258.3,77.5,1031.7
2006120606,2.6,0,0.6,273.5,74.7,1033.5
2006120612,11.6,0,1.9,185.8,45.2,1029.4
2006120618,7.6,0,0.6,319.5,65.2,1029.1
2006120700,6,0,0.6,341.6,72,1027.7
2006120706,7.1,0,0.4,348.6,77,1025.4
2006120712,9.8,0,1.1,283.8,71.8,1022.8
2006120718,9.3,0,1.7,337.2,84.2,1023.2
2006120800,9,1.2,3.7,353.4,84.2,1023.9
2006120806,8.2,0.8,2.9,3.4,79.2,1026.2
2006120812,8,0,3,20,79.8,1025.6
2006120818,7.3,0,1.8,338.1,84.8,1025.7
2006120900,6.9,1.4,1.6,295.8,89.3,1023.9
2006120906,6.9,1.1,0.6,1.4,91.3,1021.5
2006120912,8.8,1.5,2.8,350,72.5,1020.4
2006120918,6.3,0,3.5,307.1,59,1022
2006121000,2.9,0,2.6,326.6,61.7,1023.9
2006121006,2.8,0,1.8,6.3,52.2,1025.6
2006121012,8.5,0,2.2,338.7,26.5,1024.6
2006121018,4.5,0,1.3,25,36.5,1025.8
2006121100,1.3,0,1.2,11.2,41.5,1027.1
2006121106,2.6,0,0.9,249.7,43.3,1027.8
2006121112,10.9,0,1.1,72.4,40.2,1025.4
2006121118,7.2,0,0.7,301.1,62.3,1025.4
2006121200,6.1,0,0.6,294.7,68.3,1023.9
2006121206,7.1,0,1.1,349.8,48.8,1025.3
2006121212,13.5,0,2.5,275.9,32.7,1023.8
2006121218,7.5,0,0.8,314.9,58.8,1024.2
2006121300,5.3,0,0.8,281.4,69.5,1023.4
2006121306,7,0,0.7,343,76.5,1022.5
2006121312,8.4,1.5,0.9,291.3,78.2,1021.3
2006121318,6.5,0,1.2,275.2,77.3,1021.3
2006121400,5.7,0,0.5,316.2,77.8,1021.2
2006121406,6.9,0,0.9,356.8,69.3,1020.9
2006121412,9.3,0,1.4,354.5,48.7,1018.7
2006121418,6.7,0,2.5,0,49.7,1019.2
2006121500,4.4,0,1.3,355.4,58.8,1020.5
2006121506,4.5,0,0.7,323.1,62.8,1021.9
2006121512,11.6,0,2.4,228.1,35.2,1020.6
2006121518,6,0,0.5,324.9,60.7,1021.9
2006121600,2.2,0,0.8,281.3,78.7,1022.1
2006121606,3.7,0,0.6,346,75.2,1021.3
2006121612,9.5,0,2.8,281.7,50.2,1018.3
2006121618,5.4,0,3,356.9,64.7,1018.2
2006121700,1.7,0,0.8,10.3,67.2,1018.2
2006121706,3,0,3.2,286,51,1017
2006121712,4.7,0,5.5,273.3,41.7,1016.8
2006121718,2.2,0,4,320,55.5,1023.1
2006121800,0.9,0,3.3,336.6,57,1027.7
2006121806,1.6,0,3.8,333.4,40.8,1030.6
2006121812,6.2,0,2.9,305.8,22.8,1030.9
2006121818,3,0,3.5,340,26.2,1032.9
2006121900,0.3,0,2.3,356.7,32.2,1034.1
2006121906,0.7,0,1,277.9,43,1035.2
2006121912,8.6,0,1.1,134.4,28.7,1034.4
2006121918,3.5,0,0.9,289,56,1035.6
2006122000,0.5,0,0.6,289,60.7,1035.4
2006122006,2.6,0,0.2,347.9,53.8,1034.6
2006122012,11.9,0,1.6,62.7,31.3,1031.1
2006122018,7,0,1.6,296.4,41.8,1029.9
2006122100,3.9,0,0.7,318.7,57.7,1028.3
2006122106,5.6,0,1.1,316.8,57.5,1027.6
2006122112,12,0,2.5,31.9,34.8,1025.6
2006122118,6.2,0,0.9,341.6,55.8,1026.3
2006122200,2.1,0,1,280,66,1025.4
2006122206,4.2,0,1.5,323.4,57.3,1025.6
2006122212,9.9,0,3.5,299.9,37,1023.4
2006122218,6.4,0,2.8,342.8,48.5,1023.8
2006122300,2.4,0,1,308.4,69.8,1024.2
2006122306,4.4,0,1.1,146.8,54.7,1023.8
2006122312,11.8,0,2.7,336.1,23,1022.1
2006122318,6.9,0,2.9,357.3,43,1023.4
2006122400,2.8,0,1.3,301.9,65.3,1025.4
2006122406,3.5,0,0.8,335.9,64.7,1026.2
2006122412,11.8,0,1.2,80.2,47.8,1025.4
2006122418,7.4,0,0.7,334.3,69.7,1025.9
2006122500,6.5,0,0.4,348.7,75.5,1025.9
2006122506,7.7,0,1.5,279.7,75.2,1026.6
2006122512,13.8,0,3.8,79.8,53,1024.8
2006122518,9,0,0.8,348.3,73,1024.8
2006122600,5.5,0,0.5,310.5,85.3,1022.9
2006122606,7.4,0,0.6,4.3,82,1021
2006122612,14.9,0,2.7,3.3,59,1017
2006122618,10,0,0.9,0,80.7,1015.7
2006122700,6.6,0,0.9,294.5,84.2,1014
2006122706,9,0,3.6,342,49.8,1013.3
2006122712,11.8,0,3.8,318.4,34.5,1012
2006122718,6,0,3.1,321.8,44.5,1013.7
2006122800,1.3,0,2.8,313.4,41.2,1015.8
2006122806,-0.3,0,4.1,286.7,35.5,1019.5
2006122812,1.3,0,5.1,307.1,23.2,1018.6
2006122818,-3.8,0,4.7,310.1,32,1022.3
2006122900,-7.5,0,3.8,342.8,39.7,1026.2
2006122906,-6.6,0,3.1,348,29.2,1029.6
2006122912,2.5,0,3,325.3,13.2,1028.9
2006122918,-0.9,0,1.2,305,18.7,1029.3
2006123000,-2.5,0,3.8,353.4,22.8,1029.9
2006123006,-1.3,0,2.2,0,21.8,1032.4
2006123012,6.8,0,1.9,20.3,15.7,1030.9
2006123018,2.6,0,1.3,262,21,1032
2006123100,1.3,0,0.9,273.9,27.7,1032.2
2006123106,2.5,0,0.6,273.5,32.3,1032.8
2006123112,11.2,0,1.5,174.2,32.2,1030.4
2006123118,5.2,0,0.7,302.4,63.5,1030.6
2007010100,2,0,0.6,318.7,76.7,1029.3
2007010106,4.1,0,0.8,345.9,71,1027.7
2007010112,11.6,0,2,56.9,35.7,1024.6
2007010118,9.2,0,1.3,325,41.8,1024.3
2007010200,6.7,0,0.8,307.2,74.2,1024.4
2007010206,7.5,0,0.8,284.7,65.5,1023.6
2007010212,12.7,0,2.8,43.3,48,1021.6
2007010218,9.4,0,2.7,356.6,70.8,1022.4
2007010300,7.7,2,2.9,336.6,84.3,1024.4
2007010306,7.7,0.5,3.3,7.9,77.7,1026.6
2007010312,9,0.5,3,11.2,61,1026.6
2007010318,7.1,0,2.5,329.8,63.3,1027.1
2007010400,5.5,0,1.3,343.4,68.5,1026.6
2007010406,6.9,0,2.2,346.6,67.3,1027.4
2007010412,8.6,0,2.6,24.9,56,1027.2
2007010418,6.9,0,2.4,350,65.7,1027.8
2007010500,5.2,0,0.7,319.8,66.3,1027.5
2007010506,5.8,0,1.5,25.8,66.7,1027.8
2007010512,10.2,0,2.6,90,49.5,1024.1
2007010518,6.4,0,0.7,323.9,68.7,1022
2007010600,4.7,0,0.6,348.7,76.7,1017.7
2007010606,5.9,0,2.5,281.7,55.5,1013.7
2007010612,6.1,0,6.3,263.4,32.3,1009.3
2007010618,1.3,0,5,266.7,45,1011
2007010700,0.4,0,5.5,298.1,41.3,1011.2
2007010706,1.1,0,5.1,297.7,41.3,1016
2007010712,6.3,0,3.6,325.3,22.8,1017.5
2007010718,3,0,4.7,313.4,39.8,1018.9
2007010800,0.5,0,2,290.9,56.2,1020.1
2007010806,1.8,0,3.5,294.9,45.5,1022.2
2007010812,6.1,0,5,313.4,23.5,1022.8
2007010818,2.1,0,3,313.4,31,1026.3
2007010900,-0.3,0,3.9,340,44,1027.5
2007010906,0.6,0,2,19.7,46.8,1029
2007010912,7.8,0,2.3,13.9,16,1025.6
2007010918,2.7,0,2.3,353.8,34.8,1026.3
2007011000,1.4,0,3.1,316.8,49,1027.2
2007011006,2.7,0,3,343,46.2,1028.9
2007011012,7.1,0,3.9,315.1,28.5,1028.8
2007011018,3.5,0,1.9,294.9,40.3,1030.1
2007011100,0.5,0,1.4,320.2,48.3,1030.3
2007011106,2,0,1.3,332.1,41.3,1031.2
2007011112,7.4,0,2.8,328.8,21.2,1029.6
2007011118,3.9,0,2.5,321.5,29.7,1029.3
2007011200,1.8,0,2.4,328.4,42.7,1028.9
2007011206,3.7,0,3.3,299.9,45.8,1027.6
2007011212,6.4,0,3.5,310.4,29,1025
2007011218,2.4,0,3.9,316.8,27.7,1025.7
2007011300,-1.2,0,4.4,323.3,33.8,1026.4
2007011306,-0.8,0,3.5,343.1,37.8,1026.8
2007011312,4.2,0,3,335.7,23.7,1024.8
2007011318,0.2,0,3.1,350.2,31.8,1026.6
2007011400,-2.5,0,2.2,346.6,42.7,1027.8
2007011406,-0.4,0,2,334.3,24.7,1029.1
2007011412,7.7,0,3.5,311.6,15.8,1027.3
2007011418,2.5,0,1.1,345.5,25.8,1028.1
2007011500,-0.5,0,1.2,270,35.2,1028.4
2007011506,1.5,0,1.6,253.4,32,1028.2
2007011512,11.1,0,1.6,107.2,18,1025.6
2007011518,6.7,0,1.8,320.2,22.2,1024.9
2007011600,4.4,0,0.7,316.2,29,1024.8
2007011606,5.1,0,0.3,355.2,38.2,1024.4
2007011612,8.5,0,1.5,244.9,40.5,1022.2
2007011618,7.5,0,1.5,331.9,39.5,1022
2007011700,5.6,0,1.8,356.8,30.8,1021.8
2007011706,4.6,0,1.9,339.1,41.8,1022.5
2007011712,9.5,0,3.2,323.9,27,1021
2007011718,5.6,0,2.4,336.1,36.5,1021.5
2007011800,3.4,0,2.7,310.4,50.5,1022.2
2007011806,5.5,0,4.3,318.4,44.3,1023.1
2007011812,9.6,0,5,305,20,1023
2007011818,4.3,0,1.7,356.6,28.8,1026.1
2007011900,0.5,0,0.4,341,43.3,1028.3
2007011906,1.3,0,1.1,331.3,43.3,1029.1
2007011912,9.6,0,1.9,67.9,18.3,1026.7
2007011918,5.3,0,1,298.4,42.7,1026.8
2007012000,3.3,0,0.4,335.9,32.3,1026.7
2007012006,5.6,0,0.5,53,30.3,1026.6
2007012012,8.8,0,1.6,340,37.7,1026.2
2007012018,7.2,0,1.4,314.5,74.7,1027.6
2007012100,6.8,0,1.6,333.4,73,1028.1
2007012106,7,0,1.1,354.4,66.8,1028.1
2007012112,10,0,2,84.9,65,1025.9
2007012118,6.7,0,0.5,343.4,81.5,1025.7
2007012200,3.4,0,1.1,334.3,85.2,1024.7
2007012206,4.8,0,3.6,330,48.3,1025.6
2007012212,9.1,0,3.7,350,34.7,1026.1
2007012218,6.5,0,2.1,312.1,67.5,1028.1
2007012300,3.8,0,0.8,296.5,74.2,1028.8
2007012306,3.4,0,1,292.8,67.5,1028.3
2007012312,10.4,0,1.1,37.3,39,1025.6
2007012318,6.9,0,0.7,320.4,33.2,1024
2007012400,5,0,0.9,327.6,36.7,1023.2
2007012406,5.4,0,0.9,291.5,37.5,1023.2
2007012412,11.2,0,2.8,10,23.7,1022.1
2007012418,5.6,0,1.5,354.9,66.3,1023.7
2007012500,1.3,0,0.5,322,62.8,1025.3
2007012506,2.2,0,1.1,304.1,52.8,1025.4
2007012512,11.2,0,2.4,26.1,16.8,1022.8
2007012518,5.5,0,0.8,339.5,26.3,1022.3
2007012600,0.9,0,1.1,242.1,49.3,1021.8
2007012606,2.9,0,1.6,263.5,47.3,1019.3
2007012612,9.2,0,3.5,271.3,30,1015
2007012618,4.9,0,2.4,310.1,51.7,1016.8
2007012700,3.3,0,2.5,308.2,56.2,1020.5
2007012706,2.8,0,1.9,276.8,59.3,1021.8
2007012712,6.1,0,4.1,293.2,46.5,1021.6
2007012718,2.8,0,2.4,328.5,54.5,1023.3
2007012800,0.9,0,2.2,325.3,60.3,1024.3
2007012806,2,0,3,321.8,53.5,1024.2
2007012812,6.3,0,3.7,308.2,33.7,1022.2
2007012818,3.1,0,1.9,323.5,45.5,1022.7
2007012900,0.6,0,2.1,346.5,60.2,1023.7
2007012906,1.4,0,1.1,305,56.8,1024.9
2007012912,9.5,0,2.2,168.1,31.2,1023.8
2007012918,4.6,0,1.2,277.7,48.3,1024.2
2007013000,0,0,0.8,315,65,1024.3
2007013006,1.2,0,0.8,304.1,62.5,1023.4
2007013012,9.9,0,4.8,250,38.5,1019.7
2007013018,4.7,0,3.1,290.2,30.2,1020
2007013100,-0.5,0,2,313.3,45.2,1023.8
2007013106,0.1,0,2.1,308.4,38,1025.9
2007013112,5.2,0,3.8,293.2,17.7,1024.8
2007013118,1.9,0,0.9,289.5,31.7,1023.3
2007020100,0.6,0,3.5,305.5,36.5,1021.4
2007020106,-0.8,0,4.3,318.4,36.7,1020.7
2007020112,3,0,5.8,299.9,23.2,1019.3
2007020118,0.5,0,4.2,318.4,28.3,1021
2007020200,-1.9,0,3.9,310.1,47.5,1022.3
2007020206,-2.2,0,3.4,319.8,39.5,1023.7
2007020212,4.6,0,2.7,340,18.7,1023.3
2007020218,0.2,0,1.3,280.2,25,1024.4
2007020300,-2.9,0,1.3,319,43.3,1023.3
2007020306,-1.3,0,0.9,316.5,44.7,1021.6
2007020312,9.8,0,4.3,239.8,22.8,1018
2007020318,7.5,0,2.6,268.9,38.8,1017.2
2007020400,5.4,0,3.2,323.9,40,1021.5
2007020406,4.3,0,1.7,269.9,37.7,1024.4
2007020412,11.9,0,2.9,138.4,35.5,1024
2007020418,5.8,0,1.3,246.5,61.3,1023.6
2007020500,0.9,0,0.2,353.6,69,1022.7
2007020506,3.4,0,0.5,353.7,66.7,1022.3
2007020512,15.5,0,2.5,231.8,19.8,1019.3
2007020518,10.4,0,1.9,260,31.7,1019.7
2007020600,5,0,0.2,348.7,56.5,1019.9
2007020606,5.8,0,0.7,287.6,53.7,1021.8
2007020612,15.5,0,2.1,145.1,34.7,1021.7
2007020618,10,0,1.3,17.2,66.2,1022.9
2007020700,5.9,0,0.6,266.7,81.3,1024.4
2007020706,8.4,0,0.4,333.4,75.7,1025.7
2007020712,13.9,0,3.8,76.6,62.7,1025.7
2007020718,10.2,0,1.7,18.3,77.8,1026.8
2007020800,9,0,0.5,327.8,82.2,1025.4
2007020806,8.6,1,0.8,326.4,92.3,1023.6
2007020812,10.2,8.5,0.9,289.5,94,1018.8
2007020818,9.9,1,0.7,304.7,93.5,1016.6
2007020900,9.6,0,0.4,0,90.2,1016.9
2007020906,9.1,0.5,0.5,316.2,91.8,1015.5
2007020912,10.4,0,2.2,350,78.5,1012.2
2007020918,7.2,0,2.8,335,63.5,1013.3
2007021000,5.2,0,3.4,323.3,58.7,1014.1
2007021006,5.3,0,1.2,280,60.7,1013.6
2007021012,10.3,0,3.4,270,37.8,1011
2007021018,6.2,0,3.8,318.4,45.7,1012.8
2007021100,2.4,0,3.4,336.7,50.3,1016.6
2007021106,3.9,0,3.4,323.3,42.5,1018.7
2007021112,10.6,0,3,353,22.2,1017.7
2007021118,6.2,0,1.5,335.6,28.2,1018.2
2007021200,3.2,0,3.9,346.4,37.3,1019.2
2007021206,3.5,0,2.3,346.8,42.5,1021.2
2007021212,10.6,0,2.5,142.3,28.5,1020.9
2007021218,5.7,0,1.1,350.6,49.3,1021.2
2007021300,1.2,0,0.5,335.9,66.5,1022.7
2007021306,3.6,0,0.5,341.6,61.7,1022.8
2007021312,13.1,0,2.8,163.1,48.7,1019.4
2007021318,10.5,6.5,2.7,85.8,87.5,1014.5
2007021400,10.8,25,1.8,313.2,91.7,1005.2
2007021406,10.6,1.5,3.7,321.8,66.5,1005.8
2007021412,10.8,0,5,289.7,30,1006.9
2007021418,2.4,0,3.9,301.8,29.8,1013.9
2007021500,0.2,0,2,238,34,1017.5
2007021506,1.5,0,2.5,331.2,26.2,1019.8
2007021512,7.9,0,3.6,282.8,17.2,1020.1
2007021518,5.1,0,2.3,341.2,27.2,1020.6
2007021600,1.5,0,2,350,36.5,1021.5
2007021606,2.5,0,1.1,259.7,36,1023.5
2007021612,10.7,0,2.6,83.2,40.7,1022.7
2007021618,7.5,0,1.5,52.3,61.7,1023.1
2007021700,7.1,0,0.9,26.6,63.8,1022.5
2007021706,6.5,1,1,284.7,85.8,1019.4
2007021712,7.5,3,2.2,346.6,87.3,1016.2
2007021718,7.5,0.5,2.4,332.5,84.8,1013.7
2007021800,7.1,0,1.2,1.3,82,1012.4
2007021806,7.8,0,1.9,345.1,74.7,1013.2
2007021812,11,0,3.3,55.3,52.8,1013.5
2007021818,8.4,0,1.6,354.2,62.5,1015
2007021900,6.6,0,0.1,0,74.5,1015.9
2007021906,8.1,0,0.5,18.4,68,1017
2007021912,13.1,0,2.9,129.5,51.7,1016.1
2007021918,9.8,0.1,0.9,8.5,69.3,1016.8
2007022000,5.3,0,1.1,280,86.8,1018.2
2007022006,6.9,0,0.9,299.7,78.8,1019.7
2007022012,13.8,0,3.3,102.4,52.3,1018.2
2007022018,8.8,0.5,0.8,350.3,83.8,1019.7
2007022100,4.9,0,0.5,335.9,90.8,1021
2007022106,6.6,0,1.2,230.6,71.3,1022.3
2007022112,15.9,0,2.7,143.3,28.7,1020.7
2007022118,9.8,0,0.9,328.2,55.2,1020.7
2007022200,4.1,0,0.6,305.7,69,1019.9
2007022206,5.3,0,0.8,260.6,62,1018.5
2007022212,14.5,0,2.3,190.4,43.5,1014.4
2007022218,10.4,0,1.5,253.1,51.3,1012.2
2007022300,5.2,0,0.7,281.6,74.3,1012.2
2007022306,9.3,0,3.2,328.8,46.2,1014
2007022312,12.5,0,4.3,45.7,39.5,1015.8
2007022318,7.9,0,2.2,15,68.7,1019.4
2007022400,4.2,0,1.1,285.8,53.2,1022.2
2007022406,5.2,0,1.7,354.9,47,1023.6
2007022412,8.5,0,3.3,37.1,63.7,1023.3
2007022418,6.7,0,1.6,356.5,72.3,1023.4
2007022500,6.2,0,0.8,299,71.3,1023
2007022506,7.2,0.2,1.6,287.6,67.3,1023.5
2007022512,9.4,0,4.3,63.4,48.7,1023.5
2007022518,7,0,2.8,349.8,55.7,1025.1
2007022600,5.3,0,0.9,355,66.7,1025
2007022606,8.1,0,1.5,332.1,62.5,1025.8
2007022612,12.2,0,3.2,69.1,43,1025.3
2007022618,7.7,0,1.5,332.8,63.7,1025.3
2007022700,3.9,0,0.4,333.4,81,1025.6
2007022706,6.4,0,0.5,357.3,72,1025.5
2007022712,16.9,0,3,353.8,24,1023
2007022718,10.9,0,3.2,20.9,61,1025.2
2007022800,7.2,0,3.6,35,59.7,1029
2007022806,7.4,0,3.6,29.1,51,1030.4
2007022812,9.6,0,5.6,66.7,45.8,1030.6
2007022818,5.9,0,1.8,353.4,62.5,1030.8
2007030100,1.8,0,0.6,322,81,1029.9
2007030106,4.2,0,0.6,238.2,73.5,1029.8
2007030112,12.3,0,2.5,125,54.7,1027.6
2007030118,9.4,0,1.3,59.3,70.2,1026.4
2007030200,7.2,0,1.1,292.8,82,1025.4
2007030206,8.5,0,0.8,9.8,78.7,1024.6
2007030212,12.7,0.4,1.2,56.1,76.5,1021.9
2007030218,11.3,1.1,0.9,0,94.2,1021
2007030300,12.4,0.5,0.7,340.5,96,1019.9
2007030306,13,0.1,0.6,15.7,94.8,1020.3
2007030312,13.3,0,1.6,70,89,1020.3
2007030318,11.9,0,1.3,50,93,1021.6
2007030400,11.3,0,0.4,335.9,93.8,1022.2
2007030406,11.5,0,1.2,35,95.7,1020.2
2007030412,13.6,0.5,1.9,110.2,95.7,1014.3
2007030418,15,11,5,184.3,96,1005.4
2007030500,12.7,24.5,5.8,223.4,77.5,999.7
2007030506,7.8,0,5.7,228.4,59.5,1002.5
2007030512,10.7,0,5.3,275.7,38.3,1005.3
2007030518,3,0,2.5,337,44,1011
2007030600,-2,0,4.4,323.3,45.8,1015.8
2007030606,-2.2,0,4.3,325.3,34.7,1019.3
2007030612,3.1,0,4.9,307.1,22.8,1018.8
2007030618,0.6,0,2.8,350,32.7,1018.5
2007030700,-2.7,0,3.2,318.4,43.2,1020
2007030706,-1.6,0,3.8,301.8,45.7,1020.8
2007030712,4,0,4.6,260,28.3,1017.5
2007030718,2,0,2.1,318.1,35.5,1017.1
2007030800,-0.6,0,0.4,332.1,53,1019
2007030806,1.7,0,3,313.4,47.5,1021.2
2007030812,7.1,0,4,267.6,26.3,1020.8
2007030818,5.4,0,1.6,333.2,34.3,1021.4
2007030900,3,0,1.7,332.1,45.7,1022.8
2007030906,5,0,3.5,315.1,45.8,1024.1
2007030912,10.6,0,3.2,190,35.5,1023.1
2007030918,7,0,1.1,284.1,56.3,1023.4
2007031000,3.9,0,0.5,333.2,69.5,1022.8
2007031006,6.5,0,1.6,330.6,61,1018.7
2007031012,12.1,0,4.6,222.3,40.5,1012.9
2007031018,6.9,0,4.5,316.3,46.2,1012.1
2007031100,0.8,0,4.5,323.3,30.2,1017
2007031106,0.3,0,4.5,313.4,28,1020.5
2007031112,6.9,0,7.1,276.8,24.8,1017.2
2007031118,4,0,3.5,288.5,34.3,1018.3
2007031200,1.7,0,2.2,315.1,45.5,1021.4
2007031206,3.4,0,3.5,291.6,34.7,1023.4
2007031212,9.4,0,3.1,270,25.3,1021
2007031218,6.9,0,1.2,317.9,43.7,1019
2007031300,5.3,0,3.1,338.1,31,1019.7
2007031306,6,0,3.5,316.8,28,1019.8
2007031312,11.5,0,3.5,301.8,22.3,1018.8
2007031318,8.2,0,1.4,359.1,31.7,1018.9
2007031400,3.8,0,1.3,331.8,43.2,1020.5
2007031406,7.4,0,1.8,82.7,34.2,1021.8
2007031412,12.8,0,3,134.5,30.3,1020.7
2007031418,8.5,0,1.5,33.9,54.2,1020.8
2007031500,6.2,0,0.6,318.7,66.7,1020.7
2007031506,6.9,0,0.6,308.8,73,1020.5
2007031512,9.1,0,2.2,188.1,70,1018.9
2007031518,8.3,0,1.3,46.6,74.3,1019.2
2007031600,8.1,0,3.3,18.2,70.8,1019.8
2007031606,7.7,0,2.8,29.9,72.3,1022.1
2007031612,7.9,0.1,3.1,55,75.2,1021.8
2007031618,7,0.4,1.6,24.7,77.7,1021.5
2007031700,6.2,0,1.4,40.1,79.5,1022.2
2007031706,5,1,2.7,40.1,87.5,1024
2007031712,6.6,0,3.3,40.1,72.5,1025.2
2007031718,4.3,0,1.5,357.6,79.2,1025.4
2007031800,1.1,0,0.5,332.1,90.7,1025.3
2007031806,4.3,0,0.7,0,76.7,1025.1
2007031812,9,0,3.2,108.2,50.2,1023.6
2007031818,6.4,0,1.5,226.8,58.5,1023.1
2007031900,2.6,0,0.5,318.7,78.8,1023
2007031906,5.2,0,0.9,315,72.2,1022.6
2007031912,8.2,0,4.2,26.6,66.5,1022.7
2007031918,4.2,3.5,3,16.7,84.8,1026.2
2007032000,3.8,0,1.9,353.4,75.7,1026.9
2007032006,5.6,0,1.1,48.9,66.5,1026.7
2007032012,9.6,0,2.9,141.8,52.3,1025.4
2007032018,6.7,0,1.8,225,68,1024.3
2007032100,3.1,0,0.7,308.1,85.5,1024.5
2007032106,6.1,0,1.2,225,71.2,1025.6
2007032112,14.1,0,3.4,132.5,47,1023.7
2007032118,10.3,0,0.8,23.7,71.2,1022.8
2007032200,6.1,0,0.7,318.7,77.8,1023.3
2007032206,8.8,0,1.3,13,61.3,1023.5
2007032212,17.3,0,3,0.6,31.3,1022.5
2007032218,11.8,0,1.5,74.9,71.5,1022.2
2007032300,7,0,0.2,348.7,75.3,1023.2
2007032306,10.2,0,0.8,311,61.7,1023.8
2007032312,19.1,0,4.5,139.8,33.3,1020.3
2007032318,15.3,0,3.1,196.2,41.8,1017.1
2007032400,12.6,0.5,1.5,240,78.2,1013.2
2007032406,15.5,13.5,3.8,198.2,94.7,1005.2
2007032412,17.8,0.5,3.5,223.8,79.3,1000.9
2007032418,15.5,0,2.6,356.5,78.5,1001.7
2007032500,12.2,0,2.9,346.5,69,1003.8
2007032506,13,0,2.1,358,55.3,1006.8
2007032512,19,0,4.1,295,25.3,1007
2007032518,13.9,0,0.5,0,46.8,1008.7
2007032600,8.6,0,0.6,350.2,49.2,1012.1
2007032606,12.5,0,1.6,40.2,33.2,1014.8
2007032612,18.9,0,4.5,180,25.2,1013.9
2007032618,14.7,0,0.6,8.1,51.7,1013.5
2007032700,14.2,0,2.3,260,41.7,1011.8
2007032706,14.9,0,3.4,219.8,52.3,1011.3
2007032712,17.3,0,4.8,218.2,55.2,1010
2007032718,14.3,0,2.8,260,67.3,1009.3
2007032800,10.4,0,1.9,317.9,58.5,1012.6
2007032806,11.4,0,1.5,208.5,52.8,1013.5
2007032812,18.6,0,4.7,145,37.5,1010.2
2007032818,16.5,0,5.6,220.1,59.5,1005.9
2007032900,13.6,0,3.5,43.3,73.2,1007.8
2007032906,10.6,0,2.6,56.4,79.5,1011.9
2007032912,11.3,0,3,96.6,76.2,1010.2
2007032918,10.4,1.5,3.9,67.2,86,1004.7
2007033000,8.2,18,1.9,346.6,90.7,1007
2007033006,9.5,0,1.1,274.4,79.5,1013.3
2007033012,13.8,0,2.2,116.8,63.2,1015
2007033018,11.6,0,2.4,163.1,73.2,1015.3
2007033100,10.7,0,1.4,331.7,79.7,1012.9
2007033106,10.5,0,1.5,260,88.8,1010
2007033112,16.7,5,2.7,263.3,84.3,1000.6
2007033118,16.3,0,1.9,10.2,62.7,1002.3
2007040100,11.7,0,2.8,0.4,44.8,1007.2
2007040106,11.1,0,2.3,5.1,49.8,1010.8
2007040112,15,0,1.3,25.8,40.8,1009.2
2007040118,14.1,0,2.4,329.8,38.5,1010.2
2007040200,11.1,0,2,13.3,46.2,1011.8
2007040206,11.1,0,3.3,331.9,36.8,1013.5
2007040212,14.3,0,5.3,325,24.2,1012.1
2007040218,9.9,0,3,11.2,46.8,1013.5
2007040300,4.8,0,3.5,5.1,54.2,1016.8
2007040306,6.1,0,3.2,342.7,47.8,1017.8
2007040312,11.5,0,3.5,294.9,24.5,1015.8
2007040318,8.9,0,3.1,319.2,30.2,1015.9
2007040400,5.6,0,2.5,274.3,38,1018.2
2007040406,6.3,0.5,4.3,296.5,49.8,1019
2007040412,10.8,0,5,37.6,33,1020.4
2007040418,7.3,0,1.9,359.4,60.3,1024.1
2007040500,3.8,0,0.6,318.7,72.3,1026.6
2007040506,7.2,0,0.9,260,61.7,1028
2007040512,13.9,0,4.6,138.4,41.2,1025.8
2007040518,10.8,0,2.8,193.9,52.8,1025.4
2007040600,8,0,0.6,329.3,64.5,1024.6
2007040606,10.7,0,0.8,182.1,56.2,1024
2007040612,17.2,0,4.1,146.6,32.8,1020.7
2007040618,12.4,0,1.8,227.4,45,1019.7
2007040700,9.5,0,1.1,300.7,63.2,1019.4
2007040706,12.5,0,3.2,322.3,39.2,1019.2
2007040712,18.6,0,3.5,330,25.8,1016.8
2007040718,14,0,1.4,25.8,46.2,1016.7
2007040800,9.1,0,0.8,352.6,63.3,1017.8
2007040806,10.7,0,0.8,289.2,53.8,1018.5
2007040812,16.4,0,2.9,148.8,36.2,1016.5
2007040818,13.2,0,1.8,19.5,51.5,1017
2007040900,8.7,0,1.4,0.4,74,1019.2
2007040906,11.3,0,1.6,247.9,47.2,1020.8
2007040912,16.9,0,3.7,125,27,1020.3
2007040918,12.3,0,1.8,230.2,41.2,1020.8
2007041000,7.4,0,0.4,333.4,57.2,1021.3
2007041006,11.3,0,0.7,228.7,47.5,1021.8
2007041012,18,0,4.7,148.5,28.2,1019.5
2007041018,14,0,2.1,332.1,53.5,1019.3
2007041100,11.6,0,2.1,38.4,79.8,1020.7
2007041106,12.4,0,2.2,66.6,75.8,1021.6
2007041112,14.7,0,3.7,111.6,63.5,1020.8
2007041118,12.5,0,1.9,180,77.2,1020.3
2007041200,9.2,0,1,296.6,89.7,1020.6
2007041206,12.2,0,0.9,9.4,76.8,1019.3
2007041212,20,0,4.8,181,41.5,1016
2007041218,16.7,0,4.1,201.6,48.7,1014.9
2007041300,14.5,0,3,209.9,71.3,1013.5
2007041306,15.2,6,2.8,203.1,88.8,1009.2
2007041312,21.5,0,5.1,239.8,48,1004.7
2007041318,15,0,3.7,321.6,48.2,1006
2007041400,10.5,0,1.2,319,65,1011.3
2007041406,12.5,0,1.2,235,59.3,1013.3
2007041412,17.7,0,4.4,136.3,34.8,1012.3
2007041418,14.8,0,1.9,208.2,34,1011.1
2007041500,9.7,0,0.6,334.8,56.7,1010.7
2007041506,12.6,0,1.1,310.7,51.8,1011
2007041512,15.6,0,4.3,95.7,56.5,1009.2
2007041518,11,1.5,2.9,26.2,80.3,1011
2007041600,8.8,2.5,2.4,40.1,91,1009.9
2007041606,7.9,8,3.3,31.8,90.2,1007.3
2007041612,7.9,7.5,2.9,356.6,90.3,1005.2
2007041618,7.4,0,2.7,335.6,81.2,1008.8
2007041700,4.3,0,0.8,298.4,86,1012.5
2007041706,7.5,0,0.7,0,73.2,1013.9
2007041712,12.2,0.5,3.3,104.2,62,1013.8
2007041718,9.9,0,2,73.4,78.7,1015.5
2007041800,8.8,0,0.5,336.1,83.5,1016.3
2007041806,9.7,0,0.8,22.6,77.5,1015.5
2007041812,13.3,0,3.3,86.7,56,1014.5
2007041818,9.8,0,1.7,15.7,73.8,1014.9
2007041900,6.2,0,0.4,333.4,90.2,1016.3
2007041906,10.7,0,0.6,351.1,72.3,1016.7
2007041912,19,0,4,181.9,40.7,1015.2
2007041918,15.4,0,3.2,223.4,44.5,1015.4
2007042000,12.5,0,1.9,252.4,54.7,1016.8
2007042006,15.7,0,5.6,226.8,63,1015.5
2007042012,19,0,8.6,215,54.7,1012.3
2007042018,18.6,0,4.9,211.8,66.5,1011.6
2007042100,18.5,0,3.5,206.6,73.7,1012.8
2007042106,19.5,0,3.1,218.2,72,1014.1
2007042112,21.2,0,5.7,209.9,68.8,1012.8
2007042118,19.7,0,3.3,206.6,77,1011.3
2007042200,19.8,0,2.9,180,80.8,1009.8
2007042206,19.5,0,2.3,98.6,83,1008.2
2007042212,17.5,0,2.9,83.4,70,1009
2007042218,12.8,0,3.4,40.1,66.2,1011.9
2007042300,11.2,0,3.2,29.9,73.5,1013.8
2007042306,13.7,0,3.7,35,55.3,1015.3
2007042312,15.4,0,6.3,70,42,1015.2
2007042318,11.6,0,2.1,12.6,63.7,1015.8
2007042400,8.3,0,0.5,316.2,73.7,1015.9
2007042406,11.9,0,0.4,301.8,58,1014.2
2007042412,15.9,0,3.5,108.2,59.2,1010.5
2007042418,13.4,0,0.5,12.4,68.8,1009.1
2007042500,12.5,0,1.7,322.3,63.3,1008.7
2007042506,14.9,0,3.4,328.5,45.8,1009.8
2007042512,21.3,0,3.2,299.6,27.7,1008.9
2007042518,17.7,0,2.4,226.8,42.5,1009.9
2007042600,13,0,0.7,8.5,54.3,1012.9
2007042606,16.4,0,1.8,293.9,42.7,1016.5
2007042612,23.1,0,3.4,35,26.8,1016.2
2007042618,14.7,0,3.1,45.1,75.3,1019.1
2007042700,10.9,0,0.7,310.9,88,1020.7
2007042706,14.4,0,1.4,82.5,76.3,1021.9
2007042712,20.1,0,4.2,148.5,60.3,1018.2
2007042718,19.6,0,2.5,234.2,50.7,1014.7
2007042800,15.4,0,2.6,342.3,31.2,1018.3
2007042806,16.6,0,2.7,313.4,26.5,1021.1
2007042812,22.3,0,3.8,340,21.3,1019.3
2007042818,16.7,0,1.6,161.5,49.2,1018.2
2007042900,11.8,0,0.6,305,56.5,1019.1
2007042906,18.2,0,2.8,342,29.3,1019.4
2007042912,26,0,2.8,71.1,22,1017.2
2007042918,21.6,0,2,266.5,30.8,1016.4
2007043000,16.4,0,1,312.4,38.7,1017
2007043006,18,0,1.8,246.6,34.3,1016.8
2007043012,21.8,0,2.4,165.6,33.3,1013.9
2007043018,17,3,2,231,55.2,1012.8
2007050100,13.8,3.5,2.2,101.5,93.8,1008.8
2007050106,15,2,1.2,260,94.5,1003.6
2007050112,16.2,0,2.2,76.8,86.3,1002.5
2007050118,13.4,9,1.2,37.7,95.8,1004.3
2007050200,12.5,0.1,0.6,312.1,97.7,1006.9
2007050206,15.4,0,1.1,347,85.7,1008.7
2007050212,23.6,0,4,299.9,32.5,1008.1
2007050218,19.5,0,1.4,320.2,39.3,1008.4
2007050300,15.9,0,1.8,307.1,48.8,1010.4
2007050306,18.3,0,1.5,263.5,45.3,1011.6
2007050312,24.5,0,4.1,212.5,34.5,1009.6
2007050318,20.4,0,3,226.8,57,1009.3
2007050400,16.6,0,1.3,355,72.3,1009.8
2007050406,19.5,0,3,262.2,64.8,1008.8
2007050412,24.8,0,6.6,220.1,49.5,1006.2
2007050418,20.5,0,2.8,220.1,68.3,1006.4
2007050500,16.4,0,0.9,331.3,86.3,1007.8
2007050506,19,0,1.6,239.9,68,1009.1
2007050512,22.5,0,4,86.6,44.5,1008.5
2007050518,17.8,0,1.7,73.4,70.3,1007.8
2007050600,15.4,0,2.3,51.5,89,1006.2
2007050606,15.4,0,3.1,26.6,83,1004.4
2007050612,16,0.2,2.5,10,75.3,1002.9
2007050618,14.4,0.1,0.8,5.7,72.8,1003.2
2007050700,11.8,0,0.6,323,83.5,1003.9
2007050706,17.5,0,1.2,325,67,1004.2
2007050712,27.9,0,2.7,27.7,32.3,1003.5
2007050718,23.5,0,1.6,281.9,35.5,1005
2007050800,16.4,0,0.7,341,52.7,1007.7
2007050806,20,0,1.5,259.4,45.8,1009.2
2007050812,26.4,0,2.7,98.1,40.2,1008.8
2007050818,22,0,1.3,35,57.7,1009.2
2007050900,18.6,0,1.2,323.1,55.3,1011.6
2007050906,21.4,0,1.1,83.2,37.7,1012.8
2007050912,19.7,0,3.8,90,56.5,1012
2007050918,13.9,13,2.6,18.5,87,1008.8
2007051000,11.8,0,2.4,343.4,86.3,1009.2
2007051006,14.8,0,1.7,358.8,69.8,1013.6
2007051012,20.2,0,3.6,105,54.5,1013.6
2007051018,15.8,0,1.6,227.6,82,1015.6
2007051100,12.1,0,0.4,335.9,90.8,1016.9
2007051106,16.8,0,1,39.8,60.3,1019.1
2007051112,21.7,0,4,135.1,51.7,1017.3
2007051118,18.7,0,2.2,202.8,56.8,1015.5
2007051200,16.9,0,1,229.7,58.2,1013.6
2007051206,17.6,0,2.2,196.7,67.7,1011
2007051212,15.6,8,1.3,315.5,92.8,1008
2007051218,16.8,0,1.6,256.4,78.8,1005.7
2007051300,15.2,0,1.9,338.4,46.7,1008.3
2007051306,17.5,0,1.9,272.8,41.2,1012.4
2007051312,24.1,0,3.8,340,25.3,1012.4
2007051318,19.9,0,2.3,252.7,43.5,1011.9
2007051400,15,0,1.7,302,61.7,1012.3
2007051406,19.7,0,2.8,194.8,44.3,1011.2
2007051412,26,0,7.4,218.2,24,1008.7
2007051418,20.1,0,2.8,235.1,44.3,1008.6
2007051500,16.1,0,1.1,289.3,74.7,1011.2
2007051506,19.3,0,1.3,29.6,62.7,1013.1
2007051512,21.3,0,4.1,122.9,53.7,1013.8
2007051518,18.1,0,2.8,180.4,77.2,1013.2
2007051600,15.3,0,0.7,311.3,90.3,1011.2
2007051606,18.2,0,2.3,226.8,77.8,1008.6
2007051612,18.9,4,4.6,183.4,82.3,1004.1
2007051618,16,10,2.9,163,95.7,996.1
2007051700,15.6,0,2.3,241,85,990.8
2007051706,18.4,0,3.7,256.5,61,992.3
2007051712,24.7,0,5.4,291.6,32.2,996
2007051718,21,0,1.9,281.9,43.7,998.6
2007051800,18.4,0.1,2.2,198.2,58,998.8
2007051806,20.6,0,4.6,231.8,51.7,997.9
2007051812,24.1,0,5.8,240,38.2,996.6
2007051818,15.9,0.9,3,15,76.8,1000.5
2007051900,14,0.2,0.8,6.3,87,1003.6
2007051906,16,0,1.1,105,78.2,1006.4
2007051912,17.8,0,2.9,132.3,67.8,1007.9
2007051918,15.2,10.8,2.2,91.9,88.7,1009.7
2007052000,14.6,0,1,28.5,92.7,1012.1
2007052006,16,0,1.7,83.8,84.3,1013.8
2007052012,18,0,3.2,127.1,74.2,1013.8
2007052018,15.7,0,2.3,178,84.2,1013.1
2007052100,12.5,0,0.6,300.7,95.5,1012.9
2007052106,18,0,0.9,217.6,73.7,1013.2
2007052112,23.3,0,2.3,80.7,50.7,1012.3
2007052118,19.1,0,0.9,16.2,66.7,1011.5
2007052200,13.9,0,0.3,348.7,80.5,1012.5
2007052206,19.4,0,0.9,263,54.7,1013
2007052212,26.1,0,4.1,116.6,39.5,1011.2
2007052218,22,0,1.6,225,45.8,1010.6
2007052300,16.3,0,0.6,322.2,61.2,1011.6
2007052306,20.7,0,1.3,101.2,48,1011.8
2007052312,26.2,0,5.1,225.1,44.5,1010
2007052318,22.6,0,3.3,215,64.3,1009.6
2007052400,19.8,0,2.2,201.6,78.8,1009.5
2007052406,22.4,0,2.7,202.2,68.7,1008.1
2007052412,25.2,0,5.1,180,49.2,1004.4
2007052418,20.7,11,3.3,183.4,79.2,1002
2007052500,18.2,11.5,2.4,170,98.8,997.8
2007052506,22.7,0,2.4,0,80.2,995.3
2007052512,28.7,0,4.6,313.4,32.2,996.5
2007052518,24.2,0,1.9,289.7,34.8,999.4
2007052600,21.7,0,2,283.8,43,1000.8
2007052606,22.8,0,3,292,41.2,1004.3
2007052612,29,0,4.7,215,31.3,1003.2
2007052618,26.7,0,2.1,170,38.2,1002
2007052700,24.6,0,1.2,110.6,37.7,1002.7
2007052706,24.8,0,1.3,32.4,42.2,1005.8
2007052712,22.1,0,5.3,60,53,1008.3
2007052718,17.1,0,3.7,50,71.7,1013
2007052800,15.3,0,2.8,50,75.2,1015.6
2007052806,15.6,0,3.5,56.6,71.8,1017
2007052812,17.6,0,3.1,83.4,63.7,1015.8
2007052818,15.3,0,1.7,40.1,77.3,1013.8
2007052900,13.1,0,0.7,351.9,88.7,1013.8
2007052906,17.2,0,0.8,247.9,75.8,1012.3
2007052912,22.6,0,3.3,96.8,68.3,1009.4
2007052918,20.3,0,1,51.6,78.3,1006.9
2007053000,17.5,0,0.8,348.8,90,1006.4
2007053006,20.5,0,2.9,345.7,65.3,1007.8
2007053012,20.9,0,3.7,73.4,67.8,1008.1
2007053018,17,1,2.4,27,82.7,1009.9
2007053100,14.3,0,0.8,344.3,94.7,1012
2007053106,16.1,0,1.9,10,84.8,1013
2007053112,20,0,4.5,73,64.2,1013
2007053118,17.2,0,2.2,28.5,74.8,1013.7
2007060100,15.2,0,0.8,337.9,84.8,1014.3
2007060106,16.9,0,1.4,37.1,78.7,1013.7
2007060112,19.2,0,3,80.2,67.5,1012.6
2007060118,17.3,0,2.2,70,80.3,1012.1
2007060200,16.1,0,1.2,48.4,84.8,1011.9
2007060206,17.2,0,1.4,31.6,78.7,1012
2007060212,18,0.3,2,48.4,81.7,1012.2
2007060218,17.8,0.2,1.2,21.6,83.7,1011.4
2007060300,17.4,0,1,343.4,85.7,1012.2
2007060306,19.5,0,2.8,40.4,76,1012.5
2007060312,22.9,0,3.8,46.8,63.3,1012.8
2007060318,18.9,0,1.9,31.8,77.8,1013.1
2007060400,15.5,0,0.4,335.9,90.8,1013.7
2007060406,20.8,0,1.3,197.3,70.2,1013.1
2007060412,23.2,0,3.5,103.4,68.7,1011.2
2007060418,20.9,0,1.1,43.7,82.8,1009.4
2007060500,20.4,0,0.7,293.2,81.3,1008.9
2007060506,23.8,0,1.9,236.8,68.3,1008.8
2007060512,27.7,0,5.1,215,51.3,1006.9
2007060518,23.8,0,4.2,204.9,67.2,1006.2
2007060600,20.5,0,0.9,260,83.8,1007.3
2007060606,23.7,0,1.1,60.6,67.5,1008.4
2007060612,27.6,0,2.8,95.1,54.2,1007.1
2007060618,23,0,1.6,34.4,72.3,1006.9
2007060700,21.9,0,1.5,305.5,76,1007.4
2007060706,23.8,0,1.6,298.9,57.8,1008.8
2007060712,26.9,0,2.6,119.8,50.8,1007.5
2007060718,25.2,0,2.8,238.1,52.7,1006.7
2007060800,21.3,0,0.4,335.9,65.8,1007.7
2007060806,23.7,0,2.6,21.9,58,1008.3
2007060812,22.9,0.5,4.2,90,66,1008
2007060818,17,13,2,46.8,90.5,1009.8
2007060900,15.6,4.5,1.5,336,93.3,1010.9
2007060906,18,0,2.2,20.8,73.8,1011.2
2007060912,20.2,0,4.2,53.5,66.5,1010.6
2007060918,18.2,0,2.1,29.2,75,1011
2007061000,15.9,0,1.6,306.6,86.8,1011.5
2007061006,19.9,0,2.8,10.1,71.3,1011.8
2007061012,22,0,4,66.6,65.2,1011.4
2007061018,18.1,0,1.9,43.8,82.3,1011.8
2007061100,15,0,0.8,285.2,94.7,1012
2007061106,19.1,0,1.5,172.9,76.3,1012.1
2007061112,24.1,0,3.8,127.1,63.7,1011.3
2007061118,21,0,1.9,88,75.5,1011.3
2007061200,18.1,0,1.3,250.8,90,1011.9
2007061206,22.7,0,1.5,226.1,64.3,1011.8
2007061212,28.7,0,3.4,144.2,44.7,1010
2007061218,24.4,0,2.7,224.5,60.7,1010
2007061300,19.1,0,0.8,16.2,88,1010.2
2007061306,21.9,0,0.9,25.6,75.3,1008.8
2007061312,23.7,0,3.3,114.9,71.3,1007
2007061318,21,5,2.6,109.7,87.8,1006.4
2007061400,19.1,17.5,1.9,50,97.7,1005.5
2007061406,18.7,9.5,3.3,45.1,94.8,1005.2
2007061412,20.1,0,3.2,20,82.7,1005.6
2007061418,19.4,0,3.2,3.3,79.3,1006.8
2007061500,18,0.5,2.7,3.3,89.8,1008.3
2007061506,18.2,1,3.2,18.2,91.2,1010.1
2007061512,19.9,0,4.3,35,79.7,1010.7
2007061518,18.6,0,4,40.1,78.2,1011
2007061600,17.8,0,3,40.1,66.7,1012
2007061606,21.8,0,3.4,46.8,54.2,1012.8
2007061612,24.1,0,5.6,63.4,43.3,1012.5
2007061618,20.7,0,3.2,45.1,54.2,1012.6
2007061700,19.9,0,1.7,16.7,60.7,1012.5
2007061706,19,0.5,2.2,15,80.8,1013.2
2007061712,21.1,0,1.9,46.9,79.5,1013
2007061718,19.5,0,1.7,31.1,81.5,1012.5
2007061800,17.3,0,0.4,319.8,88.7,1013.2
2007061806,21,0,1.2,51.2,75,1013.3
2007061812,25.8,0,2.6,96.3,59.5,1012
2007061818,19.8,0,2,55,80,1013
2007061900,15.8,0,1.3,271.3,89.7,1014.5
2007061906,20,0,1.8,26.8,79.5,1014.8
2007061912,24.4,0,3.8,73.4,69.3,1014.2
2007061918,21.4,0,2.4,55,80,1013.8
2007062000,19.3,0,0.7,21.4,90.3,1013.8
2007062006,22.9,0,1.1,150.8,79.2,1013.5
2007062012,28.1,0,3.9,150.5,63.5,1011.4
2007062018,24.8,0,3.2,197.3,75.2,1010.6
2007062100,23.3,0,1.5,215,81.2,1010.3
2007062106,24.8,0,1.1,107.2,79,1009.5
2007062112,27.5,0,3.2,193.4,69.8,1007
2007062118,24.1,8.5,2.2,156.5,90.2,1005
2007062200,21.9,19.5,1.4,64.6,98.2,1001.8
2007062206,20.9,2.5,0.7,339.5,97.7,1003.2
2007062212,21.8,0.5,1.4,18.2,86.7,1004.5
2007062218,20.8,0,1.2,37.7,87.2,1006.1
2007062300,17.7,0,0.6,300.7,98,1007.8
2007062306,19.9,0,1.1,308.3,89.2,1008.7
2007062312,23.5,0.5,2.6,119.9,76.5,1008.5
2007062318,20.1,8,1.1,230,94,1008.1
2007062400,18.7,17.5,0.4,0,98.8,1005.2
2007062406,19.7,8,0.6,341.3,98.7,1001.4
2007062412,23.7,0,1.1,283,86.7,999.3
2007062418,22.5,0,1,80.8,92,999.3
2007062500,21.5,0,1.1,211.9,96.2,1001.2
2007062506,23.2,0,0.7,3.3,88,1002.7
2007062512,24.8,0,2.8,101.5,75.2,1002.3
2007062518,21.8,0,2.3,45.1,89.3,1002.7
2007062600,21.1,0,0.8,29.6,90.7,1003.4
2007062606,21.7,0,1,40.1,89.2,1004.7
2007062612,25.6,0,2.2,63.4,77.7,1005.7
2007062618,22.9,0,1.8,136.5,93.3,1006.4
2007062700,20.5,0,0.2,3.3,91,1007.2
2007062706,26,0,1.1,243,68.3,1007.7
2007062712,30.6,0,3.2,132.8,49.3,1007.2
2007062718,27.3,0,1.4,206.7,61.5,1007.1
2007062800,24.2,0,0.7,349.4,69.5,1007.2
2007062806,26.7,0,2.8,125,71.5,1006.8
2007062812,28.8,0,5.2,220.1,66.2,1004.9
2007062818,26.6,0,3.7,222.3,76.3,1004
2007062900,25.9,0.4,2.9,203.2,77.5,1004.1
2007062906,26.6,0,3.9,206.6,73.8,1003.4
2007062912,31.3,0,4.1,239.9,55.2,1002.2
2007062918,27.5,0,2.5,349.6,59.5,1003.4
2007063000,22.3,0,1.4,280.1,84,1006.6
2007063006,22.8,0,1.2,13.6,81.7,1008.8
2007063012,23.2,0,2.2,76.6,75.8,1009.5
2007063018,22.1,0,2.3,56.6,82.2,1009.5
2007070100,20.6,15.6,1.9,83.4,92.7,1008.8
2007070106,19.9,29,1.6,46.9,94.8,1008.2
2007070112,21.1,11,1.5,66.6,95.2,1007
2007070118,21.1,0.5,1.4,34.7,93.7,1005.8
2007070200,20.6,0.1,0.4,348.7,95.3,1005.2
2007070206,22.6,0,0.5,342,86,1004.8
2007070212,24.2,0,3,119.9,81,1003.2
2007070218,23,0,1.8,97.5,92.5,1002.4
2007070300,22.5,0,0.5,36,96,1003
2007070306,23.8,0,1.4,26.8,87.5,1004.3
2007070312,24.9,0,2.4,94.4,81.2,1004.4
2007070318,23.4,0,1.8,125,89.3,1003.5
2007070400,22.3,2,1.1,91.4,93.8,1001.9
2007070406,21.5,24,0.9,34.5,95.3,999.3
2007070412,22.5,4,1.6,334.5,90.7,999.2
2007070418,22.2,0,0.4,324.9,89.5,1001.4
2007070500,19.7,0,0.8,306.7,98,1004
2007070506,23.9,0,1.1,281.7,79.8,1004.7
2007070512,28.4,0,2.6,86.6,64,1003.4
2007070518,25.1,0.5,1.5,9.8,82,1003.4
2007070600,22.1,0,1.7,277.9,90.7,1004.1
2007070606,24.2,0,1.8,111.2,77.2,1003.8
2007070612,25.4,0,3.7,76.8,74.7,1003.2
2007070618,23.5,0,2.5,31.8,82.5,1002.8
2007070700,22.3,0,2.4,21.6,86.7,1003.2
2007070706,23,0,2.3,31.8,79.5,1004.2
2007070712,24.9,0,3.5,56.6,73,1004.5
2007070718,22.6,0,2,45.1,82,1004.5
2007070800,21.2,0,0.7,25,84.7,1006
2007070806,22.5,0,1.1,35,80,1005.6
2007070812,24.9,0,2.4,90.4,68.7,1005
2007070818,22.5,0,2.9,66.6,80.8,1004.4
2007070900,20.2,0,0.8,329.3,88.3,1005.1
2007070906,22,0,1.8,38.7,79.5,1005.5
2007070912,22.5,0.5,2.3,63.4,78.5,1004.9
2007070918,20.5,16.5,1.2,23.3,94,1003.8
2007071000,21.5,35.5,1.8,45.3,98,999.6
2007071006,22.4,2.5,1.2,311.5,95.2,996.5
2007071012,22.4,3.5,1.1,22.6,95,997.7
2007071018,21.2,0,1.2,1.3,91.2,1000.7
2007071100,20.2,0,0.7,350.2,90.8,1002.3
2007071106,21.2,0,1.4,29.1,81.5,1003.3
2007071112,23.8,0,1.6,42.6,71.2,1004.3
2007071118,21.5,0,1.7,49.1,82,1005.5
2007071200,20.8,0,0.7,354.2,88.5,1006.4
2007071206,22.7,0,0.7,347.7,83.7,1007.4
2007071212,27.3,0,2.2,153.2,67.2,1007.3
2007071218,24.1,0,2.2,83.7,81.7,1008.5
2007071300,22.7,0,1.6,40.1,86.7,1009.4
2007071306,22.2,0.1,3.1,60,90.5,1009.3
2007071312,20.8,13.4,2.9,45.7,94.5,1009.4
2007071318,20,6.5,3.2,45.1,94.3,1008.7
2007071400,19.9,4.5,3.7,29.9,94.8,1006.5
2007071406,20,6,5.7,29.9,93.3,1003.6
2007071412,20.5,3.5,6.3,24.9,91.7,998.9
2007071418,19.3,1,6.2,10,91,996.8
2007071500,19.3,0,4.8,3.3,83.5,998.4
2007071506,22.4,0,3.1,14.7,68.7,1001.5
2007071512,24.9,0,3.3,83.5,62.8,1002.8
2007071518,21,0,2.6,60,76.3,1004.5
2007071600,19.4,4.5,1.1,43.4,86.8,1004.2
2007071606,18.8,9.5,0.6,30.7,96,1002.3
2007071612,21.7,0,1.4,260,85.5,1000.8
2007071618,21.9,0,1.4,177.9,89,999.1
2007071700,21.2,0,0.5,344.3,92.2,999.7
2007071706,23.3,0,1,18.4,81.2,1000.4
2007071712,23.8,0,1.5,74.8,78,1001.8
2007071718,21.8,0.1,1.1,329.7,87.8,1003.3
2007071800,20.2,0,0.6,324.9,94.7,1004.2
2007071806,24.2,0,1.1,192.4,75.7,1004.4
2007071812,27,0,3.4,125,68.3,1003.4
2007071818,23.9,0,1.9,76.5,84.8,1003.2
2007071900,21.6,0,0.2,348.7,96.2,1002.8
2007071906,24.8,0,1.6,209.4,85.5,1001.7
2007071912,27.5,0.3,5,215,79,999.8
2007071918,26.4,0,3.1,206.7,88.2,999.2
2007072000,25.2,1.7,1.2,295,96.3,999.8
2007072006,23.9,2,1.9,29.6,94.2,1000.7
2007072012,23.5,0,2.6,21.6,82.3,1002.8
2007072018,22.4,0,1.7,45.1,79.8,1003.7
2007072100,21,0,0.8,28.5,88.7,1004.3
2007072106,22.6,0,0.5,235.9,82.7,1005
2007072112,23.3,0.2,2,108.2,84.7,1004.5
2007072118,22.3,0.3,1.2,63.2,92.8,1004.5
2007072200,21.6,2,0.6,10,98.3,1004.5
2007072206,23.6,0,1,17.3,89.8,1004.9
2007072212,23.9,1,1.5,68.1,87.3,1005.8
2007072218,22.7,0,1,21.1,85.3,1007.2
2007072300,20.8,0,0.3,0,95,1008.3
2007072306,24.5,0,1.2,59.3,81.8,1009.3
2007072312,26.8,0,3,96.6,77.2,1009.1
2007072318,25.4,0,0.9,31.4,79,1009.4
2007072400,23.4,0,1,35,89,1010.3
2007072406,25.4,0,0.6,135,76,1010.2
2007072412,29.1,0,2.1,118.7,69.3,1009.8
2007072418,26.2,0,1.2,47.4,88.8,1009.3
2007072500,25,0,0.2,11.4,92.8,1009.2
2007072506,28.8,0,1.9,242.3,75.7,1009.1
2007072512,33.8,0,3.9,228.4,55.8,1008.1
2007072518,30.2,0,1.4,318.3,69.3,1008.2
2007072600,26,0,0.3,340.5,86.7,1008.7
2007072606,28.4,0,1.6,332.7,70.8,1010
2007072612,33.2,0,2.6,100,56.3,1009
2007072618,30,0,1.2,62.7,70.8,1009.1
2007072700,26.8,0,0.6,346.9,84.5,1009.5
2007072706,30.1,0,1.1,323.5,70.8,1009.5
2007072712,33.7,0,3.5,106.2,58.3,1007.9
2007072718,31.4,0,2,327.7,65,1007.1
2007072800,27.4,0,0.8,311.3,76.2,1007.5
2007072806,30,0,2.2,268.7,62,1008.3
2007072812,33.6,0,4.2,301.8,50.5,1007.6
2007072818,30.8,0,1.4,327,63.2,1007
2007072900,28.3,0,2.1,322.3,74.2,1007.8
2007072906,29.3,0,1.5,10,70,1008.7
2007072912,28,14,3.1,61,72,1008.6
2007072918,22.3,0.5,1,318.3,90.3,1009.9
2007073000,21.3,0,0.8,327.6,92.7,1010.3
2007073006,23.5,0.1,1.7,24.5,85,1011
2007073012,26.1,0,3.2,63.4,71.2,1010.8
2007073018,23.9,0,1.8,78.3,81,1010.2
2007073100,21.7,0,0.3,7.7,91.5,1009.2
2007073106,25.1,0,0.9,280.3,77.5,1008.6
2007073112,29.6,0,3.2,105,63.5,1006.2
2007073118,26.7,0,1.3,4.3,79.2,1005.6
2007080100,24.5,0,0.3,338.1,89.3,1006
2007080106,28.4,0,3.9,209.9,72.2,1005.6
2007080112,32.4,0,5.5,204.9,58.5,1004.3
2007080118,28.7,0,3.4,203.2,73.5,1005.2
2007080200,26.8,0,2,171.8,81.7,1006.2
2007080206,27.9,0,1.2,28.8,77.5,1006.7
2007080212,31.8,0,2.3,46.1,63.7,1004
2007080218,28.2,0,3.3,28.5,65.8,1001.9
2007080300,27,0,4.2,356.7,73,1000.3
2007080306,27.8,0.2,1.9,329.5,71.8,1002.4
2007080312,30,0,3.7,108.2,68.7,1003.5
2007080318,25.4,5.3,2.1,65.6,89.8,1005.5
2007080400,24.5,0,0.6,13.5,94,1006.8
2007080406,27.9,0,2.4,242.3,79,1006.8
2007080412,32.8,0,6,209.9,57.3,1005.6
2007080418,29.5,0,3.8,201.6,70.2,1006.8
2007080500,27.5,0,1.2,221.3,76.8,1008.3
2007080506,29.1,0,2.9,218.2,72.3,1009.5
2007080512,27,2,2.6,234.2,80.2,1009.8
2007080518,26.1,0,1.5,287.4,80.2,1011
2007080600,25.1,0,0.3,7.7,88.8,1012.2
2007080606,26.7,0,0.4,339.4,82,1013.8
2007080612,27.2,15,2.6,41.5,81.8,1013.4
2007080618,25.8,0,2.2,238.1,82.2,1013.5
2007080700,24.2,1.5,1.1,63.7,90,1013.8
2007080706,25.5,0,0.8,325,88.8,1013.8
2007080712,27.7,0.5,2.5,198.2,81.3,1012.8
2007080718,26,3,1.4,227.6,92.5,1012.7
2007080800,25,0,0.6,320.4,95.3,1011.7
2007080806,26.9,0,3.4,190,85.8,1011.3
2007080812,28.1,3,4.3,190,77.7,1011.6
2007080818,27.5,0,2.9,218.2,80.8,1011.9
2007080900,27.7,0,3.9,228.4,77.8,1011.5
2007080906,29.3,0,4.2,201.6,73.2,1012
2007080912,31,0,6.3,209.9,65,1011.2
2007080918,28.9,0,3.4,201.6,75.2,1011.7
2007081000,27.5,0,2.1,206.6,80.7,1011.4
2007081006,29.4,0,3.8,211.8,71.3,1011.2
2007081012,32.2,0,4.8,196.7,59.5,1009.6
2007081018,28.9,0,3.2,209.9,68.2,1009.8
2007081100,25.4,0,0.7,306.4,86.3,1009.5
2007081106,27.4,0,1.5,284.1,82.5,1009.1
2007081112,31.3,0,4,119.9,60.7,1007.8
2007081118,28.8,0,2.8,113.2,72,1006.9
2007081200,27.1,0,3.9,143.3,80,1006.1
2007081206,27.4,0,6,140,79.7,1004.5
2007081212,28,1.5,4.6,156.1,80.8,1003.7
2007081218,26.5,0.5,3,206.2,90.3,1004
2007081300,26.3,0,1.6,222.1,89.2,1004.2
2007081306,27.2,0,2.9,163.1,83,1004
2007081312,27.5,1,3.5,176.6,87.2,1003
2007081318,27.9,0,3.3,176.6,84.8,1003.5
2007081400,27.4,0.1,3.3,166.6,87.2,1004.1
2007081406,26.9,12.9,4.5,173.4,91.5,1004
2007081412,27.3,5.5,5.4,186.6,87.2,1005.3
2007081418,26,3.5,3.1,204.9,89,1006.7
2007081500,25.7,1.5,1.6,234.2,90.3,1009.7
2007081506,26.9,0.5,1.7,223.6,88.5,1011
2007081512,32.2,0,4.8,204.9,58.7,1011.2
2007081518,28.8,0,1.7,265.7,75.5,1012
2007081600,25.1,0,0.7,315,91.7,1013.8
2007081606,28.1,0,0.8,267,75,1013.9
2007081612,32.7,0,2.4,98.6,59.8,1012.2
2007081618,29.8,0,1.2,329.5,73.7,1011.8
2007081700,26.6,0,0.8,311.3,87,1012.2
2007081706,29.6,0,1.3,329.3,73.8,1012.2
2007081712,33.3,0,3.1,117.5,58.5,1010.4
2007081718,28.5,0,1.6,32,75.7,1010.4
2007081800,25.6,0,0.5,358,87,1010.8
2007081806,28.3,0,0.9,279.8,77.2,1010.7
2007081812,32.2,0,3.8,103.4,61.2,1008.5
2007081818,28.6,0,1.3,23,77.2,1008.1
2007081900,25.3,0,0.9,285.2,85.7,1008.9
2007081906,27.3,0,1.4,273.8,73.5,1010.2
2007081912,33.2,0,2.9,201.1,55.2,1008.7
2007081918,29.4,0,2,284.7,67.7,1009.4
2007082000,26.7,0,1,277.8,77.7,1009.9
2007082006,28.6,0,1.8,260,71.7,1010.6
2007082012,33.1,0,2.8,298.8,52.7,1009.3
2007082018,29.7,0,1.5,330.1,71.5,1008.2
2007082100,27.5,0,1.1,307.2,82.3,1008.3
2007082106,30,0,1.5,281.4,68.7,1008.8
2007082112,34.4,0,5.2,218.2,49.8,1006.5
2007082118,31,0,3.5,228.4,66.5,1006
2007082200,27.9,0,1.5,286.8,79,1007.3
2007082206,29.5,0,1.4,290.2,70.5,1008
2007082212,28.8,23,2.8,60,76.2,1006.8
2007082218,24.2,12.5,1.5,270,94.5,1008.3
2007082300,24.3,0,1.1,23.2,95,1008.9
2007082306,27.4,0,1.7,35,78,1011.5
2007082312,29.4,0,3.6,87,65.8,1011.6
2007082318,26.6,0,1.6,40.4,80.5,1013.3
2007082400,23.9,0,0.5,297.3,92.8,1015.2
2007082406,27.1,0,0.8,308.4,77.7,1016.2
2007082412,32,0,3.5,125,49.8,1015.2
2007082418,28,0,1.4,221,70,1015
2007082500,24.6,0,0.7,322,85.7,1016.2
2007082506,28.5,0,0.6,280,68.2,1016.3
2007082512,33.9,0,3.1,166.6,49.3,1015.2
2007082518,29.5,0,1.8,268,66.7,1014.5
2007082600,26,0,0.7,305,80.3,1015.2
2007082606,28.6,0,0.9,265.6,72.3,1015.6
2007082612,33.4,0,2.9,191.2,53.5,1013.7
2007082618,29.2,0,2,283.8,74.3,1013.8
2007082700,25.8,0,1.1,328.2,87.5,1013.7
2007082706,27.9,0,1,246.2,76.8,1013.3
2007082712,32.8,0,3.1,249.7,56.2,1011
2007082718,27.7,0.4,2.4,266.9,82,1010.8
2007082800,26.2,0,0.8,324.2,85.3,1010.4
2007082806,27,0,1.6,53.1,81.5,1010.3
2007082812,25.6,0,3.3,73.4,81.8,1010.5
2007082818,23.8,0.1,1.3,350.5,87.8,1010.7
2007082900,22.4,28.4,0.8,2,96.8,1010.1
2007082906,22.2,20,0.9,321.8,97.2,1009.5
2007082912,22.6,5.5,1.5,29.9,93.8,1007.9
2007082918,20.4,10,1.4,315,94.8,1008.2
2007083000,19.5,5.5,1.6,279,96.7,1008.2
2007083006,20.8,4,2.8,5.1,95.5,1007.4
2007083012,21.9,2,4.4,13.4,89.8,1005.2
2007083018,20,1,2,311.3,91.2,1006.6
2007083100,19.3,1.5,1.1,312.4,96.2,1008.5
2007083106,21.6,0,1.5,3.3,86.5,1009.7
2007083112,24,0,2.2,45.1,76.8,1010.1
2007083118,22.2,0,1.5,11.5,84.5,1010.2
2007090100,21.3,0.5,1.8,353.4,90.2,1009.7
2007090106,20.6,2,3.4,21.6,84.3,1009.3
2007090112,18.8,11,2.5,22.8,89.5,1008.2
2007090118,19.2,30,2.8,356.6,96.2,1005.1
2007090200,19.3,10,2.1,305,95.8,1003.8
2007090206,19.7,2,1.4,298.4,97.7,1004.8
2007090212,22.2,0,1.2,332.6,89.3,1004.9
2007090218,21.3,0.5,1,317.2,93.7,1006.8
2007090300,20.6,0,0.9,307.1,94,1008.7
2007090306,22.6,0,1.7,358.4,85.5,1009.2
2007090312,24.8,0,3.8,51.8,74.3,1009.4
2007090318,21.9,0,1.9,345.2,83.2,1010.8
2007090400,20.4,0,0.9,253.4,92.3,1011.2
2007090406,22.8,0,1.9,17.7,81.7,1011.7
2007090412,24,0,3.6,45.1,74.3,1010.8
2007090418,21.1,0.2,2.4,353.5,85.7,1011.2
2007090500,20,3.8,2.5,350,92,1010.2
2007090506,20.5,3,3,16.5,91,1009.8
2007090512,20.8,2,4,45.1,91.8,1009.2
2007090518,20.4,1.5,3.5,29.9,92.5,1008.4
2007090600,20,2,2.9,11.5,90.8,1007.5
2007090606,20.5,0.5,3.7,24.9,87.7,1006.8
2007090612,20.9,0.5,3.7,24.9,85,1004.9
2007090618,19.9,2.5,2.2,353.2,90.7,1004.7
2007090700,19.2,2.5,2.1,320.3,94.5,1003.6
2007090706,21.1,0,1.9,342.8,84.2,1004
2007090712,24.7,0,2.2,93.4,71.2,1003.8
2007090718,21.9,0,1.6,67.1,86,1005.3
2007090800,20.8,0,1,37.7,89.8,1006.2
2007090806,22,0,1.2,37.2,84,1007.1
2007090812,25.7,0,2.4,152.5,68.8,1006
2007090818,22.3,0,1.3,270,81.5,1006.9
2007090900,20.7,0,1.6,1.3,73.2,1007.9
2007090906,22.2,0,2.3,350.5,60.5,1008.9
2007090912,24.9,0,2,217.4,54.5,1008.6
2007090918,21.5,0,1.8,285.6,77.3,1009.5
2007091000,18.6,0,1,321.6,86.8,1010.9
2007091006,22.4,0,1,343.6,67.2,1012.4
2007091012,28.6,0,2,149.4,48.7,1010.9
2007091018,23.6,0,1.1,329.9,74.8,1011.7
2007091100,19.2,0,0.8,304.2,87.5,1012.1
2007091106,22.6,0,1.5,318.4,67.7,1012.6
2007091112,27,0,1.3,25.7,54.2,1011
2007091118,23,0,1.4,22,75.8,1011.2
2007091200,19.6,0,0.8,293.5,91,1011.9
2007091206,22.6,0,1.6,344.8,79.5,1013
2007091212,26.6,0,3.1,66.6,57,1012.3
2007091218,21.9,0,1.6,24.7,78.7,1012.9
2007091300,18.6,0,0.8,314.4,92.3,1014
2007091306,22.2,0,1.6,195,75.5,1014.4
2007091312,25.9,0,3.5,55,54.8,1013.6
2007091318,22.9,0,1.5,15,78.3,1014.2
2007091400,21.8,4,0.9,348.3,91.8,1014
2007091406,21.1,8.5,1.3,13.1,95.8,1013.7
2007091412,20.9,5.5,1.6,35,93.3,1012.6
2007091418,20.2,0,1,310.1,95.7,1011.2
2007091500,20.2,0,0.9,300.3,96.8,1008.7
2007091506,22.2,0,0.4,340.5,92.8,1007.6
2007091512,21.6,54.5,0.9,64.5,98.2,1007.3
2007091518,21.2,8,1.1,19.4,98.8,1008.2
2007091600,20.9,2.5,0.7,357.7,96.3,1009.4
2007091606,21.1,3.5,2.2,10.2,92.5,1009.8
2007091612,21.7,6,4.6,20,90.2,1008.2
2007091618,23.1,27.5,7.1,93.7,94.7,1004.5
2007091700,23.7,1,2.1,193.5,93.5,1004.7
2007091706,22.3,0,2.1,66.6,90.2,1011
2007091712,23.8,0,2.9,50,74.7,1013.9
2007091718,21.6,0,2.5,50,84.3,1016.7
2007091800,21,0.1,1.4,29.9,88,1017
2007091806,21.5,0.4,2.2,35,87.5,1017.2
2007091812,22.7,0.5,2.5,50,86.8,1015.8
2007091818,23,0,2,38,88.5,1015.7
2007091900,22.3,0,1.1,285.2,94.3,1014.3
2007091906,25.5,0,1.1,80,84.2,1013.3
2007091912,30.1,0,4.4,198.2,66.7,1012.5
2007091918,26.9,0,1.6,232.3,79.8,1013.5
2007092000,25.8,0,1.6,200.9,88.5,1014.8
2007092006,27.5,0,4,186.8,76.5,1014.8
2007092012,29.5,0,5.3,190,60.7,1013.3
2007092018,27,0,3.9,204.9,72.5,1013.7
2007092100,26.5,0,2.9,201.6,76.3,1013.4
2007092106,27.7,0,3.2,206.6,73.7,1014.2
2007092112,30.8,0,5,206.6,61.7,1013.8
2007092118,26.8,0,1.7,292.9,74,1015.2
2007092200,24.3,0,1.3,23.2,82,1016.5
2007092206,23.8,0,3.6,20.2,79.3,1019
2007092212,22.6,0,4,20,75.5,1020.5
2007092218,20.7,0,3.4,6.6,82.5,1021.1
2007092300,20.2,0,3.3,6.6,83.5,1020.5
2007092306,20.5,0.5,2.4,3.4,85.7,1021
2007092312,21.4,2.5,2.4,0,84.7,1019.8
2007092318,20.8,0,2.5,21.6,86.7,1019
2007092400,19.7,1.5,1.4,350.2,89.2,1018.2
2007092406,19,22.5,1.4,330.3,96,1017.8
2007092412,20.7,2.5,1.9,353.5,88.5,1017
2007092418,20.2,0,1.3,316.4,88.2,1016
2007092500,17.9,0,0.5,334.8,96.2,1014.9
2007092506,21.6,0,1.3,320.7,78.8,1015.8
2007092512,24.2,0,4.9,63.4,66.3,1016
2007092518,20.5,0,1.6,348.3,78.3,1017.2
2007092600,19.2,0,1.3,270.3,87.7,1017.5
2007092606,20.4,0,1.8,160,78,1017.8
2007092612,23.8,0,2.4,67,62.5,1016.4
2007092618,19.9,0,1.2,0,79,1016.5
2007092700,17.5,0,0.4,318.7,90.3,1015.9
2007092706,21.3,0,0.9,215,73.2,1014.6
2007092712,28.2,0,3.5,211.8,49.2,1011
2007092718,23.8,0,2.5,196.7,72,1010.7
2007092800,21.6,0,1.5,245,85.2,1011.2
2007092806,22.2,0,1.6,23.1,83.7,1013.1
2007092812,20.2,1.5,1,327.8,94,1015.8
2007092818,19.9,0,1.5,0,90.7,1017.7
2007092900,18.8,1,1.6,31.6,91.2,1019.6
2007092906,19.3,0,1.9,20.8,83.5,1021.6
2007092912,20.5,0,2.3,57.4,74,1021.6
2007092918,19.3,0,1.4,23.7,75.7,1021.7
2007093000,17.2,0,0.8,286.9,85.2,1020.3
2007093006,18.5,0,0.7,340.5,82.2,1020.3
2007093012,20.9,0,2.1,40.1,70.2,1018.6
2007093018,18.7,0,0.7,357,80.2,1018
2007100100,17.4,0,0.1,350,87.5,1017.2
2007100106,19.6,0,0.9,1.4,76.3,1017.2
2007100112,22.5,0,2.1,51.1,62.7,1015.5
2007100118,20,0,0.8,7.1,79.3,1015.2
2007100200,18.6,0,0.1,0,86.2,1015.7
2007100206,20.6,0,1.3,10,75.8,1017.1
2007100212,21.8,0,3.2,56.6,70.3,1016.8
2007100218,19.9,0,1.2,329.8,80.5,1018.3
2007100300,18.5,0,0.5,318.7,86.2,1018.3
2007100306,21.1,0,0.9,29.7,77.2,1019.2
2007100312,23.7,0,2,65.6,68.7,1018.6
2007100318,20.6,0,1,348.1,84.8,1018.4
2007100400,18.6,0,0.2,353.6,93.7,1018
2007100406,21.2,0,0.7,303,81.5,1017.8
2007100412,23.5,0,1.8,61.9,76.7,1016.4
2007100418,20.1,0.5,2.2,28.5,88.3,1017.5
2007100500,18.8,0,1.6,318.7,86.5,1017.9
2007100506,20.8,0,3,15.8,74.5,1018.7
2007100512,23.1,0,4.7,63.4,62.7,1016.9
2007100518,19.3,0,1.9,35,75.7,1017.4
2007100600,17.5,0,1.2,310.8,81,1017.4
2007100606,20,0,3,37,72.3,1018
2007100612,22.7,0,4.2,63.4,59.2,1017.2
2007100618,18.6,0,1.5,294.6,78.8,1016
2007100700,15.9,0,0.6,312.3,91.5,1015.2
2007100706,18.6,0,0.7,261.9,82,1014.3
2007100712,24.6,1,2,186.8,75.2,1011.5
2007100718,21.2,50.5,0.8,4.2,98.7,1010.8
2007100800,20.3,2,1.2,310.7,97.2,1010.1
2007100806,20,2.5,2.1,20.2,88.2,1012.3
2007100812,21.8,0,1.6,40.1,72.3,1011.8
2007100818,18.7,0.5,0.9,8.4,74.7,1012
2007100900,17,0,0.9,340.8,63.5,1012.7
2007100906,17.8,0,1.3,344.1,64.2,1014.6
2007100912,20.5,0,3.6,35,64.5,1013.9
2007100918,18.1,0,2.5,6.6,75.8,1014.5
2007101000,16.2,0,1,298.4,85,1015
2007101006,18.5,0,2.2,22.6,77.2,1016.5
2007101012,20.2,0,3,51.8,58.8,1016.7
2007101018,16.1,0,1.4,312.8,78,1017.3
2007101100,13.8,0,0.4,335.9,90,1017
2007101106,17.5,0,0.9,345.9,76,1017.4
2007101112,21.8,0,2.5,6.8,53.2,1015.7
2007101118,17.6,0,2.2,330.5,71,1017.8
2007101200,16.1,0,0.5,330.6,68.7,1019.3
2007101206,17.5,0,0.7,324.2,61.3,1020.8
2007101212,20.6,0,2.5,10,55.3,1020.5
2007101218,17.4,0,1,310.5,70.2,1021.6
2007101300,15.1,0,1,281.5,81.7,1022.4
2007101306,17.5,0,1.4,300.8,69.3,1023
2007101312,21.6,0,2.1,11.9,57.8,1021.4
2007101318,17.9,0.2,1.9,358.2,84.5,1021
2007101400,16.3,5.3,1.3,299.6,95.8,1020.6
2007101406,18,0,0.6,20.7,87.8,1020
2007101412,18.7,13,3.6,56.6,80,1018.3
2007101418,15.7,0,2,359.3,81.2,1020.3
2007101500,13.1,0,1.2,313.7,90,1021.2
2007101506,16.3,0,1.8,25,75.2,1022.5
2007101512,18,0,3.7,55.3,66,1022.4
2007101518,14.6,0,1.5,315,82.3,1022.6
2007101600,12.2,0,0.8,314.4,93.7,1022
2007101606,14.7,0,1.6,323,80.8,1021.7
2007101612,18.3,16,3.8,55.3,69.2,1020.1
2007101618,13.7,0.5,1.4,325,89.5,1021.2
2007101700,11.4,0,1.4,253.4,95.5,1021.6
2007101706,14.6,0,1.5,144.8,80,1021.6
2007101712,18.9,0,2.9,56.6,61.3,1019.5
2007101718,13.7,0,1.8,350.5,78.7,1020.7
2007101800,12.2,0,1.7,330,82.8,1020.9
2007101806,14.5,0,2.5,347.4,76.5,1021.4
2007101812,17.7,0.5,3.3,29.1,75,1020.4
2007101818,14.8,3.5,1.3,281.5,94.8,1019.8
2007101900,13.9,0,1.1,300.8,96.5,1017.4
2007101906,14.9,0,1.5,232.3,86.8,1014.8
2007101912,18.8,0,4.4,275.7,48.5,1011.7
2007101918,12.6,0,2.3,321.8,50.5,1013.8
2007102000,8.2,0,1.1,305.5,63.3,1016.5
2007102006,9.4,0,2.6,305.5,55.3,1017.1
2007102012,12.7,0,3.5,307.1,32.2,1017.2
2007102018,9.2,0,2.2,325.8,43.8,1018.3
2007102100,8.2,0,4.8,340,45.8,1018.5
2007102106,10.8,0,2.3,350,47.5,1020
2007102112,19.3,0,2,322.8,35.5,1018
2007102118,13.7,0,1.6,313.9,58.3,1018.1
2007102200,9.3,0,1,301.5,79.5,1018.5
2007102206,12.5,0,1.3,257.8,70.7,1019.6
2007102212,20.1,0,1.9,170,48.7,1018
2007102218,14.7,0,0.9,328.2,73.8,1018.8
2007102300,11,0,0.8,305.5,85.7,1021.2
2007102306,14.4,0,1,313.5,75.5,1023.7
2007102312,20,0,3.7,60,58.3,1023.8
2007102318,15,0,1.2,323.8,80.3,1025.4
2007102400,11.9,0,0.8,304.7,94.2,1026.4
2007102406,15,0,0.5,0,83.2,1026.9
2007102412,20.9,0,3.4,83.4,63.8,1025.3
2007102418,16.4,0,0.8,325.9,86.2,1025.3
2007102500,13.5,0,0.4,335.9,95.8,1024.8
2007102506,14.7,0,0.5,11.7,91.3,1024.2
2007102512,19.9,0,1,35,73.7,1021.7
2007102518,17.7,0.2,1.3,327.9,87.2,1019.6
2007102600,16.6,14,1.2,7.7,94.3,1017.3
2007102606,16.1,0,1.6,340,95.3,1015.3
2007102612,17,0,2.8,3.4,80.8,1016.7
2007102618,15.3,0,2.5,343.4,80.8,1018.2
2007102700,14.6,0,2.7,346.6,82.7,1017.8
2007102706,16,0,4.2,3.3,70.8,1016.9
2007102712,18.2,0,4.2,13.4,57.7,1015.3
2007102718,13.1,0,1.8,289.4,76.3,1016.4
2007102800,9.8,0,0.7,343.6,90,1016.8
2007102806,12.4,0,0.6,20.7,77.8,1017.5
2007102812,20,0,2.6,223.4,45.2,1015.2
2007102818,17.2,0,2.4,196.9,68.5,1014.7
2007102900,16.5,0,1.2,296.7,77,1014
2007102906,14.5,0,3.7,315.3,58.2,1017.3
2007102912,16.2,0,3.1,350,45.3,1019.2
2007102918,12.4,0,2.3,0,61,1022.4
2007103000,11.1,0,1.1,279.5,69.2,1023
2007103006,10.9,0.5,1.4,276.6,82.2,1024.4
2007103012,16.9,0,1.1,15,56.8,1023.1
2007103018,11.9,0,0.8,311.3,76.5,1024.2
2007103100,8.2,0,1.1,300.7,83.7,1024.2
2007103106,11.4,0,0.8,287.6,69.8,1024.3
2007103112,18.5,0,2.1,185.7,50.5,1021.7
2007103118,14.9,0,1.2,314.7,60.8,1020.2
2007110100,13.9,0,1.8,271.4,64,1018.8
2007110106,14.6,0,3,325.3,57,1018.9
2007110112,14.8,0,4.5,323.3,27.7,1018
2007110118,9.5,0,0.9,342.1,46.7,1019.8
2007110200,6.9,0,0.8,307.4,66,1021.5
2007110206,8.2,0,0.7,282.6,63.7,1022.2
2007110212,14.1,0,2.9,290.6,41.7,1019.6
2007110218,9.1,0,1,318.7,68,1020.7
2007110300,6.1,0,0.8,338.1,80.2,1023.2
2007110306,9.4,0,1.5,275.7,67.3,1023.6
2007110312,16.8,0,2.7,0,38,1023.1
2007110318,10.6,0,1,304.1,64.3,1025.2
2007110400,7.2,0,0.7,291.6,79.5,1027.1
2007110406,11.8,0,1.6,11.2,69.5,1028.4
2007110412,16.9,0,2.3,40.1,59.3,1027.2
2007110418,13.1,0,0.8,313.2,76.3,1027.8
2007110500,10.5,0,0.7,296.6,86.2,1026.8
2007110506,12.8,0,0.5,346.4,79,1026.6
2007110512,16.3,0,2,353.4,66.3,1024.5
2007110518,14.9,0,1.5,328.1,75.8,1023.8
2007110600,14.6,0,2.4,14.7,79.8,1023.3
2007110606,14.8,0,3.2,13.6,75.5,1023.6
2007110612,15.8,0,3.3,13.6,60.8,1022.5
2007110618,13.2,0,2.1,332.6,75.8,1022.9
2007110700,9.8,0,0.3,348.7,90.3,1022.5
2007110706,12.2,0,0.8,255.3,78.3,1022.6
2007110712,18.9,0,1.6,139.1,51.8,1020.3
2007110718,12.7,0,0.7,318.7,81.7,1020
2007110800,9.1,0,0.2,348.7,91.2,1019.7
2007110806,10.7,0,0.5,325,73.3,1020.2
2007110812,18.3,0,3.1,61.9,58.5,1019.7
2007110818,15.1,0,2.3,3.3,76.8,1021.2
2007110900,11.5,0,0.5,314.9,90,1021.8
2007110906,14.2,0,0.6,14.3,79.7,1021.6
2007110912,18.4,0,2.8,66.7,56,1019.9
2007110918,13.2,0,0.6,340.4,81.3,1019.2
2007111000,10.3,0,0.3,332.1,89.5,1019.2
2007111006,12.5,0,3,343.1,58.2,1019
2007111012,15.7,0,3.1,328.5,43,1017.2
2007111018,11.5,0,2.7,318.4,49.8,1017.7
2007111100,8.9,0,1.8,318.7,60.2,1018.2
2007111106,9.8,0,3.7,338.7,57.5,1019.2
2007111112,14.1,0,3,320,43.2,1017.9
2007111118,9.6,0,2.2,3.4,58.7,1018.3
2007111200,6.9,0,1.5,0,68.3,1018.6
2007111206,8.7,0,2.6,14.7,62,1019.8
2007111212,14.7,0,2.8,20.2,34.5,1018.9
2007111218,8.7,0,0.4,344.8,57.3,1019.6
2007111300,4.9,0,1.2,300.7,75.3,1020.1
2007111306,7.3,0,1,257.1,69.3,1020.5
2007111312,16.3,0,1.5,327.7,28.3,1019.1
2007111318,10.2,0,0.8,311.3,58.2,1019.4
2007111400,7.3,0,0.9,287.3,80.2,1020.7
2007111406,10.1,0,0.8,336.6,72.2,1021.8
2007111412,17,0,1.3,93.3,50.5,1020.2
2007111418,11.5,0,0.7,298,79,1021
2007111500,8.4,0,0.8,306.7,79.5,1022.2
2007111506,10.3,0,1.3,272.9,73,1023.6
2007111512,16.5,0,3.2,341.6,52.2,1023.2
2007111518,11.4,0,1.4,328.3,77.2,1023.8
2007111600,9.5,0,1.4,336.9,79.5,1023.2
2007111606,9.2,0,2.6,346.6,50.2,1022.8
2007111612,13.7,0,3.1,13.4,30,1020.3
2007111618,7.7,0,1.1,330.6,46.3,1019.9
2007111700,3,0,1.2,260,57.3,1018.2
2007111706,4.5,0,2.4,276.1,54.2,1017.6
2007111712,12.5,0,2.9,297.6,36,1013.8
2007111718,7.9,0,0.5,325,57.5,1013.9
2007111800,7.2,0,1.8,317.2,50.3,1015.7
2007111806,4.4,0,4.1,323.3,24.7,1020.4
2007111812,5.7,0,4.8,294.9,16.8,1022.6
2007111818,2.1,0,2.7,320.3,27.3,1026.6
2007111900,-1.4,0,0.7,3.3,41.5,1028.8
2007111906,0.3,0,0.8,304.5,41.3,1029.2
2007111912,9,0,2.5,245.2,34.3,1024
2007111918,3.1,0,0.8,296.5,40,1022.2
2007112000,5.8,0,1.7,170.3,57.2,1019.7
2007112006,7.4,0,3.3,327.6,53.8,1020.5
2007112012,8,0,5.3,323.3,27.7,1021.9
2007112018,2.8,0,1,322.1,37.3,1026.4
2007112100,-0.3,0,1.4,285.2,53.8,1027.5
2007112106,3.6,0,1,32.3,52,1026.4
2007112112,10.4,0,4.3,328.8,30.3,1026.7
2007112118,6.1,0,1.9,316.8,37.2,1028.4
2007112200,4.2,0,3.8,316.3,31.8,1029.8
2007112206,5.3,0,2.3,353.7,31.5,1031.6
2007112212,9.8,0,2.8,48.4,27.3,1030.1
2007112218,4.4,0,0.9,321.6,50.3,1029.6
2007112300,1.6,0,0.8,315,60,1029.3
2007112306,4,0,0.5,308.3,57,1028.1
2007112312,13.5,0,1.5,139.8,43.3,1025.2
2007112318,8.1,0,0.8,271.4,68.8,1024.7
2007112400,4.6,0,0.4,319.9,83,1024.6
2007112406,8,0,0.3,4.8,71.8,1024.6
2007112412,14.8,0,2.7,63.4,46.2,1024.1
2007112418,8.8,0,1,338.7,53.5,1025.9
2007112500,3.9,0,0.4,316.2,74.8,1026.8
2007112506,6.1,0,0.9,270.8,69.5,1026.9
2007112512,16.5,0,1.7,206.7,41,1024.2
2007112518,10,0,0.9,291.3,56.5,1023.5
2007112600,5.4,0,0.4,310.7,68.7,1023.3
2007112606,7.5,0,0.8,306.4,55,1021.8
2007112612,16.3,0,2.4,9.5,42.5,1018.1
2007112618,12.2,0,2.2,13.1,66,1017.8
2007112700,8.2,0,3,10.2,50.2,1017.6
2007112706,5.8,0,2,38.2,42,1017.7
2007112712,8.8,0,1.8,8.9,34,1015.1
2007112718,5.8,0,1.6,335.2,35,1015.6
2007112800,1.6,0,0.7,315,49.3,1017.1
2007112806,4.5,0,1.1,339.5,56,1018.2
2007112812,12.2,0,3.4,35,49,1017.2
2007112818,8.1,0,1,339.1,73.3,1018.6
2007112900,6.6,0,0.4,360,76.8,1018.3
2007112906,8.4,1,0.7,215,88.8,1018.6
2007112912,12.8,1,2.5,5.1,75,1018.2
2007112918,9.1,0,1.7,341.6,85.3,1019.9
2007113000,7.3,0,3,0.4,59.3,1021.2
2007113006,5.7,0,5.1,313.4,37.2,1022.2
2007113012,10.2,0,2.8,357.2,25.5,1021.9
2007113018,5.8,0,0.7,356.7,38.2,1023.2
2007120100,3.2,0,0.6,348.3,46.3,1023.2
2007120106,5,0,4.6,333.2,38.3,1023.7
2007120112,10,0,4.7,313.4,35.2,1022.2
2007120118,6.8,0,1.7,293.3,46.2,1023.6
2007120200,4.1,0,0.9,292.8,62.7,1023
2007120206,5.2,0,0.2,0,66.2,1022.5
2007120212,10,0,2.2,262.1,54.7,1019.4
2007120218,5.8,6.5,1.1,356.6,92.2,1016.3
2007120300,4.2,2,2.5,356.9,87.5,1016.1
2007120306,3.5,0,2,0,63.8,1020.7
2007120312,8.6,0,3.8,313.3,38.2,1021.5
2007120318,6,0,2,322.7,52.3,1023.6
2007120400,2.1,0,3.3,346.6,53.2,1026.8
2007120406,1.3,0,3.1,328.3,45.8,1029.4
2007120412,4.7,0,4.8,305,27.3,1028.7
2007120418,1.6,0,2.5,329.8,38,1029.6
2007120500,-0.8,0,4.3,326.6,50,1029.8
2007120506,0.9,0,4.4,333.2,44.2,1030.2
2007120512,6.1,0,3.4,332.1,23.7,1028.3
2007120518,1.9,0,1.6,305,31.3,1028.2
2007120600,0.3,0,2.2,302.4,39.8,1026.7
2007120606,2.1,0,0.7,1.4,41.2,1024.8
2007120612,6.9,0,2.2,335.7,42,1021.7
2007120618,3.6,0,1.1,307.8,61.5,1021.1
2007120700,1.2,0,0.6,334.8,74.7,1019.9
2007120706,5.9,0,3,286.5,62.3,1017.8
2007120712,8.4,0,4.1,313.8,40.5,1019
2007120718,5.2,0,1.9,336.6,55.5,1021.5
2007120800,3.5,0,1.9,336.6,59.3,1022.3
2007120806,4.2,0,3.7,323.9,54.2,1023
2007120812,8.1,0,3.8,333.2,39.3,1021.8
2007120818,3.8,0,3.4,342.8,44.2,1023.8
2007120900,1,0,2.7,5.1,46.3,1024.6
2007120906,3.3,0,2.3,1.3,45.5,1026.1
2007120912,9.7,0,1.9,333.2,29,1024.4
2007120918,4.8,0,1.2,16.9,45.7,1025.2
2007121000,0.7,0,0.6,305,64.5,1025.3
2007121006,2.5,0,1.6,241.9,63.8,1025.2
2007121012,10,0,1.4,77.1,39.2,1023
2007121018,8,0,0.9,349.7,50,1021
2007121100,6.3,0.5,0.7,325.6,81.8,1018
2007121106,8.5,0,0.6,21.6,84.7,1016.9
2007121112,13.4,0,1.8,81.7,66.5,1015.2
2007121118,8.6,0,1.7,50.8,81.5,1016.6
2007121200,7,0,0.6,358.9,80.5,1016.8
2007121206,6.4,0.3,0.8,357.7,81.5,1015.8
2007121212,6.3,2.2,0.3,350,88.2,1013.8
2007121218,6.1,0.5,0.3,0,87.7,1011.9
2007121300,5.9,0.5,2.5,357.7,68.3,1010.4
2007121306,6.1,0,3.5,315.7,59,1010.3
2007121312,8.4,0,3.7,313.8,41.5,1009
2007121318,3.9,0,4.1,305,50.3,1011.4
2007121400,2,0,3.7,324.2,49.5,1012.8
2007121406,2.6,0,3.8,322.3,39.7,1014.4
2007121412,6.6,0,3.9,305,32,1014.5
2007121418,3,0,2.1,320.3,40.7,1016.2
2007121500,-0.6,0,0.9,307.2,59,1017.6
2007121506,1.6,0,0.5,312.8,59.8,1018.5
2007121512,8.3,0,4.8,273.7,41.7,1016.3
2007121518,4.7,0,3.4,336.6,54.8,1019.9
2007121600,0.9,0,2.6,13.3,57.7,1023.8
2007121606,1.4,0,1.1,31.2,51.7,1026.4
2007121612,6.9,0,2,25.8,24.8,1024.6
2007121618,3.5,0,2.4,315,41.3,1024.2
2007121700,2.7,0,1.8,327.8,50.2,1023.6
2007121706,3.4,0,1.5,347.7,56.2,1023.2
2007121712,8,0,3,312.3,39.8,1020.8
2007121718,3.7,0,0.8,304.1,57.2,1020.2
2007121800,1.8,0,1.8,7.7,60.2,1020.1
2007121806,3.1,0,3.4,333.6,40,1021.8
2007121812,7.2,0,2.3,338.9,38.5,1021.5
2007121818,3.5,0,1.2,308.1,59,1021.3
2007121900,1.5,0,2,353.5,67,1020.9
2007121906,2.2,0,2.1,21.6,57.3,1020.8
2007121912,7.7,0,3.2,325.3,32.7,1019.1
2007121918,3.1,0,1.5,315,45,1020.8
2007122000,-0.5,0,1.1,289,60.7,1022.7
2007122006,1.2,0,0.2,350,60.5,1023.6
2007122012,11.6,0,2.7,225.3,38.8,1022
2007122018,6.2,0,1,322,60,1023.9
2007122100,2.1,0,0.9,281.9,78.7,1026.8
2007122106,3.3,0,0.5,320.4,78.3,1028.7
2007122112,9.6,0,1.1,41.3,60.3,1026.8
2007122118,7.6,0.5,0.9,300.7,81.3,1026.1
2007122200,7.4,1.6,1.4,323,89.8,1024.8
2007122206,9.1,0,3.3,10,73.2,1023
2007122212,9.7,0,3.3,3.3,71.2,1020
2007122218,9.5,0,2.6,335.7,72.2,1019.4
2007122300,7.6,0,0.9,356.2,73.7,1019.4
2007122306,7,0,1.2,324.2,66.3,1019
2007122312,12,0,4.2,313.4,32.5,1019
2007122318,7.6,0,2.1,354.1,52.2,1020.7
2007122400,3.3,0,1.4,358,64.3,1024.2
2007122406,4,0,1.3,332.1,67.2,1026.8
2007122412,10.3,0,3.4,37.1,50.2,1026.2
2007122418,9.3,0,1.7,12.8,62.2,1027.2
2007122500,8.1,0,0.8,299.7,67.8,1027.3
2007122506,8.9,0,1.8,21.6,62.8,1027.4
2007122512,12.1,0,4.6,63.4,55.8,1025.9
2007122518,10.7,0,3,40.1,65,1026.9
2007122600,10.2,0,1.8,40.1,66.8,1027.9
2007122606,10.7,0,2.4,44.1,67.3,1028.8
2007122612,12.5,0,4.2,70,60.5,1028.4
2007122618,10.3,0,1.2,352.4,72.5,1028.7
2007122700,5.4,0,0.9,266.7,88.3,1027.8
2007122706,6.5,0,0.6,256.8,84.5,1025.9
2007122712,13.3,0,1.4,70.5,65.7,1022.6
2007122718,11.1,0.5,1.2,355.8,85.3,1020.2
2007122800,9,13.5,1,340.8,96.7,1019
2007122806,8.7,4.5,1.1,294.6,98.3,1015.9
2007122812,9.5,2.5,1.1,0,96.5,1010.8
2007122818,8.4,4,2.5,342.8,89,1010
2007122900,6.5,0,2.8,299.9,66.2,1010
2007122906,5.4,0,1.2,265.1,67.5,1010.2
2007122912,7.4,0,3.8,308.1,54.2,1007.7
2007122918,3.3,0,1.5,311.6,55.7,1009.2
2007123000,0.5,0,2.7,339.3,73.3,1008.8
2007123006,-0.4,0,2.4,288.5,51.3,1008.9
2007123012,0.9,0,5.3,284.7,39.8,1007.8
2007123018,-1.8,0,2.2,331.7,45.2,1009.9
2007123100,-2.6,0,3.5,285,46.2,1012.3
2007123106,-1.2,0,5.2,280,48.8,1012.5
2007123112,1.1,0,6.6,298.5,44,1010.8
2007123118,-1.8,0,3.3,308.2,47.5,1013.2
2008010100,-3.2,0,5.1,315.1,50.5,1015.1
2008010106,-3,0,4.9,315.1,47.3,1015.9
2008010112,0.4,0,6,320,37.8,1016.2
2008010118,-2.4,0,2.9,350.2,51.3,1019.4
2008010200,-3.9,0,3.4,325.3,55.3,1021.2
2008010206,-2,0,3.9,0,48.5,1021.9
2008010212,4.2,0,3.9,315.7,28.7,1021.3
2008010218,1.8,0,2.5,329.9,32.7,1022.7
2008010300,1.3,0,4.1,336.7,45.7,1023.7
2008010306,3.1,0,2.8,325.4,52.2,1023
2008010312,7.5,0,3.8,269,38.3,1021.4
2008010318,2.8,0,1.2,301.9,54.2,1022.9
2008010400,0.2,0,1.1,331.9,64.8,1024.5
2008010406,1.5,0,1,340,57.8,1026.2
2008010412,8.2,0,1.8,154.2,36.8,1024
2008010418,3.5,0,0.6,312.1,55.2,1022.4
2008010500,0.4,0,0.7,344,63,1021.4
2008010506,2.4,0,1.9,314.7,54.2,1021.5
2008010512,8.9,0,3.3,329.8,28.2,1020.5
2008010518,3.2,0,1,294.7,48.2,1021.8
2008010600,-0.6,0,0.7,341,67.2,1022.7
2008010606,0.9,0,1.1,256.2,62.7,1022.9
2008010612,10.8,0,1.5,160.5,38.2,1021.2
2008010618,5.3,0,0.7,315,57.8,1020.8
2008010700,1.7,0,1.3,275.1,71.3,1019.7
2008010706,3.8,0,1.1,285.8,71.7,1018.3
2008010712,12,0,1.8,268.3,37.8,1015.2
2008010718,6.2,0,0.6,296.7,58.7,1016
2008010800,1.4,0,0.8,305,79.3,1017.4
2008010806,1.8,0,0.4,347.9,72.8,1018.7
2008010812,8.2,0,1.9,16.5,46,1017.9
2008010818,5.7,0,1.1,17.7,60.7,1018.5
2008010900,3.2,0,0.9,11.9,58,1019.4
2008010906,3.9,0,0.8,14.9,45.8,1020.3
2008010912,9.9,0,2.5,88,34.8,1019.7
2008010918,4.8,0,0.4,358,56.5,1021.2
2008011000,1.5,0,0.6,316.2,69,1022.3
2008011006,3.4,0,0.3,355.2,63.5,1023.5
2008011012,10.9,0,2,48.7,39.8,1021.3
2008011018,7.1,0,0.6,355.7,56,1022.6
2008011100,5.8,0,0.6,301.5,64,1022
2008011106,6.7,0,0.7,319.9,71.7,1019.8
2008011112,6,5,1.7,301.6,94.3,1018.1
2008011118,5.9,6.5,2.6,336.6,93.3,1017.5
2008011200,4.8,8.5,3,343.4,92.7,1016.4
2008011206,5.8,5.5,3.5,11.5,90.3,1018.1
2008011212,4.8,2,3.1,6.8,88.8,1020.6
2008011218,3.7,0.5,1.6,353.4,89,1023.6
2008011300,2.2,0,0.8,344.4,90.3,1024.3
2008011306,2.5,0,2.2,13.1,79,1025.9
2008011312,2.8,1,3.6,13.4,87.5,1026.6
2008011318,0.8,3,2.6,343.3,92.7,1028.9
2008011400,0.5,0.5,2.3,311.9,90.8,1028.9
2008011406,0.9,0,0.5,357.1,92.3,1029.7
2008011412,5.2,0,2.3,29.9,73.8,1027.4
2008011418,2.3,0,1.4,10.2,78.7,1028.6
2008011500,-0.1,0,0.8,305,75.2,1029.4
2008011506,0.3,0,1.4,354.3,57,1029.9
2008011512,6.2,0,3,350,27.3,1027.8
2008011518,2.8,0,1.4,16.7,36.7,1028.9
2008011600,0.3,0,2.1,14.7,38,1029.1
2008011606,-0.6,0,3.2,340,29.3,1029.9
2008011612,1.8,0,4.1,308.2,22.8,1029.2
2008011618,-1.6,0,3.7,320,25,1031.1
2008011700,-5.7,0,1.7,347.4,41,1033.4
2008011706,-4.4,0,1,359.9,42.3,1034.2
2008011712,2.9,0,2.8,0.4,31.2,1031.3
2008011718,0.6,0,1.2,332.5,35.7,1030.9
2008011800,0,0,0.6,297.2,39.8,1030.8
2008011806,0.4,0,0.8,18.2,36,1030.6
2008011812,4.9,0,3.6,15.5,19.7,1029.8
2008011818,1.1,0,1.3,339.1,28,1030.9
2008011900,-0.8,0,0.7,285.6,35.7,1031.9
2008011906,0,0,0.8,260,40.5,1032.5
2008011912,7.1,0,1.9,102.2,40.5,1030.7
2008011918,4.7,0,1.5,8.1,54.7,1029.6
2008012000,4.3,0,2,334.3,57.7,1028
2008012006,4.7,0,0.8,323,71.8,1025.8
2008012012,5.8,0.5,2.5,350,83.5,1022.4
2008012018,4.9,1,2.7,346.8,91.5,1021.2
2008012100,5.2,13,4.8,45.7,90,1022.2
2008012106,3.5,4,4.9,50,89.3,1024
2008012112,3.7,4.5,3.5,24.9,88.7,1024
2008012118,3.2,1,2.6,6.8,86.2,1025.2
2008012200,3.4,0,2.6,356.6,86.5,1025.4
2008012206,3.9,1,2.1,353.4,90.7,1024.6
2008012212,5.6,4,2.1,356.6,92.7,1022.2
2008012218,5.3,3.5,1.7,303.7,95.5,1021.7
2008012300,4.9,5,0.6,14.5,98.2,1018.8
2008012306,4.2,1.5,3.5,353.5,82.8,1018.5
2008012312,5.1,0,5.4,321.8,55.2,1017.8
2008012318,1.1,0,4.2,326.6,43.7,1019.7
2008012400,-2.8,0,4.2,321.8,43.2,1023.4
2008012406,-4.7,0,4,336,40,1027.3
2008012412,0.5,0,5.8,313.4,24,1025.7
2008012418,-1.8,0,3,357.7,33.2,1026.4
2008012500,-4.5,0,2.4,351.8,44.8,1029.1
2008012506,-3.7,0,1.4,329.8,48.3,1030.6
2008012512,3.6,0,1.2,22.9,39.7,1028.6
2008012518,1.9,0,1.6,343.4,59.2,1028.9
2008012600,-0.2,0,0.8,319.9,61.2,1028.5
2008012606,0.8,0,0.8,341.6,58,1028.2
2008012612,5.4,0,2.3,43.8,49.5,1026.2
2008012618,3,0,2.5,356.6,62.7,1027.4
2008012700,1,0,1.9,336.6,72.3,1027.9
2008012706,1.8,0,1.6,341.1,67.8,1028.1
2008012712,5.4,0,2.5,61.9,67.7,1025.9
2008012718,2.1,0,1,7.1,86.8,1025.1
2008012800,0.8,0,0.5,322,91,1022.6
2008012806,2.3,0,0.5,328.2,85.7,1020.3
2008012812,4.7,0,2,21.5,71.3,1016.3
2008012818,0.9,0.2,1.3,5.1,88.7,1016.3
2008012900,0,0.8,0.5,327.6,94.8,1014.5
2008012906,0.1,1,0.9,5.1,92,1014
2008012912,2.3,0,1.3,53.3,78.2,1014.2
2008012918,1.9,0,1.7,319.8,61.8,1015.7
2008013000,0.6,0,2.8,324.2,52.3,1017.8
2008013006,0.3,0,1.7,297.6,62.7,1019.3
2008013012,4,0,4,308,42.3,1017.7
2008013018,0.3,0,2.6,320.3,40.3,1021.9
2008013100,-2.3,0,2.6,353.4,49.3,1023.5
2008013106,-1.4,0,3.1,340,43.2,1024.1
2008013112,2.6,0,4.7,313.4,32.2,1023.1
2008013118,-0.3,0,1.7,343.1,38.7,1024.7
2008020100,-3.4,0,0.8,7.7,45,1026.8
2008020106,-2.6,0,1.4,348.3,43.3,1027.5
2008020112,5.2,0,1.7,80.4,27.2,1025.2
2008020118,2.3,0,0.5,340.4,40.3,1024.6
2008020200,0.5,0,0.4,0,38.2,1023.8
2008020206,1.1,0,0.8,350,36.8,1023.4
2008020212,5.3,0,2,31.8,31.2,1021
2008020218,2.2,0,0.9,265.5,38.8,1019
2008020300,1.4,0,0.5,330.6,43.2,1017.5
2008020306,1.7,0,1.3,29.2,45.7,1016.7
2008020312,4.2,0,2.3,336.1,52.8,1015.9
2008020318,2.4,0,3,323.1,43.7,1017.2
2008020400,-0.2,0,4.2,325,47.8,1018.6
2008020406,0.6,0,4.8,326.6,34,1021
2008020412,6,0,3.4,328.5,25.8,1020.6
2008020418,2.2,0,2.5,346.8,38.7,1021.7
2008020500,-2,0,2.5,317.6,44.5,1024.4
2008020506,-2.5,0,1.4,307.5,47.8,1025.9
2008020512,4.3,0,1.2,54.3,35.2,1023.5
2008020518,2,0,1.2,7.3,43.5,1022.3
2008020600,-0.2,0,2.7,346.6,40.7,1021.3
2008020606,-0.9,0,5.1,353.2,46,1020.7
2008020612,3.9,0,3.9,340,24.2,1019.8
2008020618,1.2,0,2.6,318.4,31.8,1020.3
2008020700,-2,0,2.8,23.8,41.3,1021.2
2008020706,-2.2,0,2,353.5,44,1022.1
2008020712,5.3,0,2.9,336.2,21,1020.3
2008020718,1,0,2.6,353.1,32.7,1021.1
2008020800,-2.5,0,1.3,7.9,50,1023.2
2008020806,-1.7,0,0.8,307.8,45.5,1024.9
2008020812,6.3,0,1.4,129.8,39.5,1023.5
2008020818,3.5,0,1.3,308.4,52,1022.6
2008020900,0.4,0,2.1,343.4,46,1020.9
2008020906,0.5,0,4.2,305,49.7,1021.7
2008020912,3.2,0,5.2,302.3,34.8,1020.7
2008020918,0.1,0,2.7,330,44.8,1023.5
2008021000,-1.7,0,3,346.8,48,1024.3
2008021006,0.1,0,1,280,48.7,1025.5
2008021012,8.4,0,2.5,90,42.8,1024.5
2008021018,4.7,0,1.1,336.6,56.7,1023.5
2008021100,1.7,0,0.3,346.4,49.8,1023.5
2008021106,2.3,0,1,357.2,40.7,1023.1
2008021112,8.5,0,2.8,335.6,17.2,1020.4
2008021118,5.1,0,3,327.6,27,1019.2
2008021200,1.4,0,4,333.2,30.7,1018.9
2008021206,-1.1,0,4.4,318.4,25.8,1019.8
2008021212,1.6,0,5.4,316.8,14.8,1019
2008021218,-2.1,0,3.2,310.1,21.8,1021.2
2008021300,-6.1,0,2.5,1.4,37,1023.3
2008021306,-5.7,0,2.2,358,37.3,1025.2
2008021312,1.6,0,4.5,321.8,15.3,1023.2
2008021318,-0.8,0,2.5,319.3,20.7,1023
2008021400,-2.5,0,3.5,343.4,29.8,1023.8
2008021406,-0.7,0,3.8,319.8,40.5,1023.9
2008021412,5.3,0,4.5,316.8,19,1022.1
2008021418,1.9,0,1.7,331.9,30.7,1022
2008021500,-0.3,0,1.5,304.2,41.3,1023.2
2008021506,1,0,4,301.8,39.2,1023.8
2008021512,5,0,4.5,323.5,18.8,1022.3
2008021518,0.2,0,2.2,320,17.7,1024.7
2008021600,-3.2,0,2.7,324.2,27.8,1026.8
2008021606,-2.4,0,4.7,321.8,26.5,1027.4
2008021612,3.4,0,5,296.6,19.5,1027.2
2008021618,0.5,0,1.8,350.5,29.8,1028.3
2008021700,-1.7,0,1.8,318.4,41,1030.4
2008021706,-1.2,0,2.7,323.3,36.8,1032.2
2008021712,3.9,0,3.8,353.5,20.7,1031.7
2008021718,0,0,0.9,339.5,29.8,1033.6
2008021800,-3.5,0,0.9,296.6,47.7,1035.1
2008021806,-1.6,0,0.7,308.3,41.3,1036.6
2008021812,6.8,0,2.6,104.7,26.5,1033.1
2008021818,2.6,0,0.8,323.9,45,1031
2008021900,0.5,0,1.2,341.1,40.7,1030.2
2008021906,0.9,0,3,2.4,31,1028.9
2008021912,7.2,0,4,310.4,20.8,1027
2008021918,3.6,0,0.8,317.9,32,1026.2
2008022000,0.2,0,1.2,259.8,51.7,1026
2008022006,3,0,1.7,328.1,48.8,1025.5
2008022012,9.9,0,5.9,301.8,22,1024.3
2008022018,6.1,0,1.7,321.3,28.2,1025.1
2008022100,1,0,1.1,285.2,40.3,1026.1
2008022106,1.9,0,1.4,243.2,39.5,1026.3
2008022112,12,0,3.1,202.5,22.3,1022.7
2008022118,7.5,0,2.2,295,38.3,1021
2008022200,2.2,0,0.4,323,59.8,1021.7
2008022206,2.6,0,0.7,281.8,58.8,1021.2
2008022212,13.4,0,2.7,203.1,25.5,1016.8
2008022218,9.8,0,2.5,220.1,49.2,1012.8
2008022300,8,0,4.9,274.4,49.3,1010.9
2008022306,3.3,0,6.7,299.9,26.7,1015.5
2008022312,3.7,0,5.7,325,19.5,1019.3
2008022318,0.2,0,2.8,320,27,1023.4
2008022400,-2.5,0,0.9,350.2,40.2,1027.5
2008022406,-1.2,0,1.6,0,42.8,1030.7
2008022412,3.7,0,4.4,10,47.7,1030.3
2008022418,0.8,0,1.9,332.4,64.8,1029.9
2008022500,-1.9,0,0.5,323,73.7,1030.1
2008022506,0.2,0,0.3,11.3,67.7,1030.1
2008022512,6.8,0,2.5,166.6,49,1026.4
2008022518,3.2,0,1.4,311.2,86.3,1023.8
2008022600,3.1,0.8,0.1,0,95.2,1019.3
2008022606,2.1,8.2,1.8,25.3,95.2,1015.4
2008022612,3.1,1,4.9,310.1,66.2,1014.2
2008022618,1.1,0,6,315.1,51,1016.8
2008022700,-0.4,0,4.5,316.8,52.5,1018.6
2008022706,1.1,0,4.2,321.8,37.8,1020.8
2008022712,8.2,0,4.8,305,32.3,1018.8
2008022718,5.7,0,2.5,350.2,34.7,1019.8
2008022800,1.1,0,1.3,330.7,48.8,1022.5
2008022806,2.2,0,1.3,284.7,47.2,1022
2008022812,10.7,0,2.6,326.5,21.3,1017.5
2008022818,6.9,0,1.5,278.5,35.5,1014.4
2008022900,1.4,0,0.6,310.4,57.5,1012.7
2008022906,4.2,0,1.3,322.2,51.5,1010
2008022912,12.5,0,5.6,231.8,34.5,1005.6
2008022918,10.3,0,2.7,256.6,32.2,1005.2
2008030100,5.2,0,4.4,308.2,32.7,1009.3
2008030106,5.1,0,2.9,296.8,38.2,1015.6
2008030112,11.6,0,3,313.7,17.3,1015.7
2008030118,7,0,1.1,332.2,27.3,1017
2008030200,2,0,0.5,297.7,48,1017.9
2008030206,4.3,0,0.8,265.5,48.5,1016.9
2008030212,12.9,0,5.1,240,34.3,1013.2
2008030218,10.4,0,2,276.8,50,1012.2
2008030300,6.2,0,1,356.3,56.8,1012.5
2008030306,6.9,0,2.4,7.8,57,1013.1
2008030312,9.2,0,2.5,0.3,49.7,1012
2008030318,5.2,0,2.9,356.9,71.3,1013.5
2008030400,2,0,2.2,3.4,87.8,1015.4
2008030406,1.1,1.5,1.1,3.3,91.5,1017.3
2008030412,4.1,0,3.9,23.2,74.5,1018.2
2008030418,1.7,0,1,18.2,88,1020.8
2008030500,-0.8,0,0.9,294.7,91.8,1023.1
2008030506,1.8,0,1,2.1,76,1025
2008030512,9.1,0,2.4,25,36.5,1024.3
2008030518,5.1,0,1.4,253.3,54.8,1024.3
2008030600,0.5,0,0.9,285.2,73,1024.4
2008030606,2.6,0,0.8,270.2,61,1024.8
2008030612,12.5,0,5,256.8,26.5,1020.4
2008030618,8.5,0,2.6,350,37.3,1020.7
2008030700,3.8,0,1.7,350,56.7,1023.3
2008030706,4.6,0,1.6,346.2,57.3,1024.9
2008030712,9.3,0,3.2,11.8,47.8,1024.1
2008030718,5.5,0,2,10.1,71.3,1025.6
2008030800,1.7,0,0.2,348.7,85.7,1027.4
2008030806,3.7,0,0.8,317.6,69.8,1028.3
2008030812,12.4,0,3.3,163,32.3,1024.9
2008030818,8.4,0,1.7,263.3,46,1023.7
2008030900,4.5,0,0.1,0,60.3,1023.6
2008030906,6.8,0,0.4,335.4,54,1022.5
2008030912,14.1,0,3,201.1,30.2,1018.5
2008030918,11.3,0,1.9,234.1,48.3,1016.2
2008031000,8.6,0,3.6,339.6,37.3,1015.8
2008031006,8.9,0,4,346.4,29.3,1016.8
2008031012,16.9,0,2.8,332.1,23.5,1016.2
2008031018,12,0,0.7,319.7,36.5,1016.5
2008031100,6.2,0,0.7,324.9,54.2,1018.9
2008031106,9.6,0,1.7,14.1,54.3,1020.5
2008031112,16.1,0,3.2,83.4,42,1019.7
2008031118,11.1,0,1.4,40,71.8,1021
2008031200,7,0,0.6,296.6,87.2,1023.2
2008031206,8.4,0,1.3,305,82.2,1024.6
2008031212,14.7,0,2.9,70,55.5,1023.8
2008031218,10.6,0,2,56.1,79.2,1023
2008031300,6,0,1.2,296.6,92.7,1022.8
2008031306,8.5,0,0.8,250,84.5,1020.6
2008031312,16.4,0,4,209.9,60.8,1017.6
2008031318,13.2,0,2.9,196.7,86.5,1015.8
2008031400,10.5,0.9,2.8,339.1,81,1014.8
2008031406,10.1,0,3,15,71,1017.3
2008031412,11.7,0,4.5,55.3,55.2,1019.3
2008031418,7.4,0,2.7,30.2,65.2,1021.9
2008031500,5.3,0,0.8,297.3,74.7,1022.4
2008031506,6.8,0,0.6,7.5,70.7,1022
2008031512,14,0,3.8,135.1,55.7,1018.8
2008031518,10.8,0,1.4,225,69.7,1016.2
2008031600,8.3,0,0.6,277.4,73.2,1015.6
2008031606,9.9,0,2.3,320.7,52.3,1018
2008031612,15.9,0,3,304.2,19.7,1016.4
2008031618,11.3,0,1,305,37.5,1016.3
2008031700,6,0,0.8,258.6,46.8,1017.5
2008031706,8.8,0,0.8,267.1,53.3,1018.6
2008031712,15.5,0,3.4,140,50.5,1016.8
2008031718,10.7,0,1.8,70,69,1018.2
2008031800,6.5,0,0.9,297.3,86.8,1019.6
2008031806,8.7,0,0.7,33.6,77.7,1019.4
2008031812,13.8,0,2.2,86.6,52.7,1017.1
2008031818,10.7,0,1.4,33.8,73.2,1015.7
2008031900,9.5,0,0.9,332.3,73.5,1013.8
2008031906,9,11.5,1.6,337.2,92.8,1014.9
2008031912,10.4,3,5.3,24.9,81,1016.3
2008031918,7.3,0,4.1,6.8,75.2,1019.3
2008032000,5.7,0,2.9,343.4,69.8,1020.3
2008032006,7.4,0,4.2,3.4,61.7,1022.2
2008032012,11.3,0,5.1,38.2,47.3,1022.2
2008032018,7.1,0,2.4,11.5,65,1024.5
2008032100,4,0,1.5,310.9,80.5,1025.3
2008032106,7.8,0,2.7,352.1,69,1024.8
2008032112,12.5,0,4.9,73.4,53.2,1022.3
2008032118,8.8,0,1.7,18.6,67.5,1022.9
2008032200,6,0,1.2,273.3,82.8,1021.8
2008032206,8.9,0,1.4,35,75.5,1020.8
2008032212,13.1,0,2.9,113.2,60.8,1018.2
2008032218,10.8,0,1.9,76.6,76,1016.7
2008032300,9.7,0.2,1,27.1,87.8,1014.6
2008032306,10.1,7.8,2.5,63.4,95.5,1010.1
2008032312,11.4,9,1.6,291.9,95.5,1004.8
2008032318,10.2,0,1.5,321.6,93.3,1005.4
2008032400,8.4,0,2,308.7,72,1007.5
2008032406,10.2,0,3.4,299.1,60.5,1010.9
2008032412,17.2,0,3.2,204.4,37.7,1010.4
2008032418,13.7,0,3.2,225.6,50.5,1009.6
2008032500,10.2,0,2.1,285.5,52.2,1010.1
2008032506,8.8,0,1.6,39.2,44.5,1010.4
2008032512,13.8,0,4.3,246.6,21.3,1007.7
2008032518,9.9,0,2.7,283.4,32.3,1007.8
2008032600,5.2,0,0.4,333.4,52.7,1010.2
2008032606,6.6,0,2,333.2,50.8,1011.3
2008032612,11.7,0,3.9,246.1,32,1010.9
2008032618,8.7,0,1.5,270,43.7,1011.7
2008032700,4,0,0.7,315,68.8,1013.5
2008032706,7.9,0,1,333.4,63.3,1012.7
2008032712,10.8,0,3.4,239.9,56.3,1010.5
2008032718,7,0.5,1,270.3,85.3,1011.2
2008032800,5.2,0,2.6,329.8,67.2,1014.7
2008032806,6.7,0,2.7,342.3,58.5,1017.8
2008032812,11.6,0,3.7,63.7,43.3,1019.2
2008032818,8.3,0,1.5,50.2,71.5,1022.1
2008032900,6.8,0,1,316.7,76.5,1024.4
2008032906,8.6,0,1.9,15.5,68.5,1025.5
2008032912,10.4,0,3.6,96.8,57.2,1023.5
2008032918,8,0.2,2,69.1,74.3,1021.8
2008033000,5.7,6.3,1.2,0,92.8,1019.3
2008033006,6,6,1.3,288.6,95.2,1016.4
2008033012,8.7,1,1.8,15,84.8,1013.9
2008033018,7.5,0,0.7,19.7,90,1012.8
2008033100,6,0,2.5,310.4,84.3,1011.9
2008033106,7.9,0,3.3,305,65,1012.8
2008033112,12,0,5.3,325.9,48.7,1013
2008033118,6.7,0,2.2,355,78.8,1015.3
2008040100,4.7,0,0.5,359.4,86.2,1017.8
2008040106,8.3,0,2.1,289.4,62.3,1017.9
2008040112,15.8,0,3.2,300.8,30.5,1015.7
2008040118,13.1,0,1.7,337.1,38.7,1015.2
2008040200,10.1,0,2.4,350,44,1016
2008040206,11.4,0,1.2,250.1,46.8,1014.2
2008040212,17,0,4,240,27.3,1010.5
2008040218,12.7,0,3.9,218.2,47,1009.7
2008040300,9.5,0,1.1,314.7,51.3,1011.7
2008040306,12,0,2,205,39.8,1013.1
2008040312,18.1,0,3.7,243.2,22.8,1011.8
2008040318,14.9,0,3.2,259.8,26.3,1011.5
2008040400,10.6,0,1.8,326.1,24,1015.4
2008040406,12.2,0,3.4,321.8,25.3,1017.6
2008040412,17.6,0,3.5,179.1,19.2,1017.2
2008040418,12.9,0,1.9,210.8,52.3,1017.6
2008040500,9.4,0,0.7,310.9,59.3,1019.2
2008040506,13.7,0,1.1,226.8,42.8,1020.8
2008040512,19.7,0,3.9,148.8,24,1020.3
2008040518,14.3,0,1.4,236.8,37.8,1020.2
2008040600,9.4,0,0.5,318.7,54.7,1019.3
2008040606,12.6,0,0.8,359.1,45.5,1018.7
2008040612,19.4,0,4,130.1,23.2,1016.5
2008040618,15.2,0,1.9,146.8,39,1013.6
2008040700,9.7,10.2,1.6,306.8,86,1011.5
2008040706,11.1,0.5,1.5,327.3,85.2,1009
2008040712,15.8,0,3.5,43.3,63.5,1007.9
2008040718,12,0,2,4.4,76.3,1011.1
2008040800,9.8,0,1.7,335.5,79.2,1014
2008040806,13.5,0,2.3,47.1,62.2,1015.8
2008040812,17.6,0,4.8,70,37,1015.7
2008040818,12.8,0,2.9,45.1,57,1015.8
2008040900,10.6,0,1.5,45.1,79.3,1015.4
2008040906,12.1,0,2.7,63.4,81,1013
2008040912,11.8,10.5,5.1,66.7,89.2,1008.2
2008040918,11.1,8.5,6,53.3,93.2,1004.6
2008041000,10.6,4.5,4,21.6,93,1002.7
2008041006,10.8,3,5.8,10,85.8,1002.7
2008041012,12,1,6,13.4,74.8,1005.3
2008041018,11.4,0,3.6,0.9,61.5,1010.1
2008041100,7.4,0,0.6,348.6,79.3,1013.7
2008041106,11.4,0,1.3,60,64,1015.6
2008041112,16.8,0,3.2,114.9,57,1015.3
2008041118,12.2,0,2.1,84.1,76.5,1015.9
2008041200,9.5,0,0.8,348.8,88.3,1018
2008041206,11.9,0,2.4,56.1,76.7,1020
2008041212,12.1,0,3,43.4,74.2,1021.2
2008041218,11.2,0,2.2,48.4,78.7,1019.6
2008041300,10.3,0,1,335.3,83.7,1018.4
2008041306,11.8,0,0.7,25.9,78.8,1017
2008041312,16,0,2.3,122.9,63.8,1014.9
2008041318,12.6,0,1.2,41.3,79.8,1014.8
2008041400,9.3,0,0.2,348.7,93.2,1015.8
2008041406,11.4,0,1.2,64.9,81.7,1017.2
2008041412,17.5,0,3.5,141.8,57.5,1016.8
2008041418,12.8,0,2.2,181.4,79.8,1017.2
2008041500,8.8,0,0.8,290.8,94,1017.7
2008041506,13.2,0,1,163.7,76.3,1017.4
2008041512,18.6,0,3.8,110,55.2,1016.5
2008041518,15.2,0,1.5,161.7,64.5,1016.4
2008041600,12.2,0,0.4,316.2,88,1016.6
2008041606,12.9,1.5,0.9,327.3,85,1016.9
2008041612,15.3,1.5,2.3,128.2,82,1016.3
2008041618,13.6,9,2.6,70,95.5,1015.2
2008041700,12.9,5,1.9,22.6,97.7,1013.8
2008041706,13.2,4,2.5,16.7,96.8,1013.2
2008041712,13.6,4.5,3.4,6.6,93.8,1012.7
2008041718,12.3,1.5,3.7,13.4,92.5,1014.7
2008041800,12.4,0,2.9,343.4,83.5,1015.8
2008041806,15,0,3,31.8,72.2,1017.1
2008041812,19.8,0,3.9,61.9,47.8,1017
2008041818,14.1,0,1.7,25,65.2,1017.7
2008041900,9.7,0,0.7,318.4,90.5,1019.8
2008041906,14.2,0,1.7,20,67,1021.4
2008041912,18.8,0,4.5,70,49.3,1020.8
2008041918,14.9,0,3,356.8,57.7,1021.5
2008042000,11.6,0,1.2,263.5,68.7,1021.9
2008042006,15.7,0,3.9,46.8,51.7,1022.3
2008042012,18.2,0,5.5,56.6,39.7,1022.2
2008042018,14.7,0,3.9,50,52.7,1021.8
2008042100,12.4,0,1.5,13.4,67.3,1022
2008042106,14.7,0,1.9,38.4,63.5,1022.1
2008042112,19.3,0,3.6,80,41.3,1021
2008042118,15,0,1.5,345,52.2,1020.8
2008042200,12.8,0,1.3,337,63.5,1020.4
2008042206,16.2,0,1.3,70,51.3,1019.2
2008042212,20.9,0,3,125,36,1016.6
2008042218,16.1,0,1.6,106.7,72.3,1015.6
2008042300,14.7,4.5,0.9,2,90.3,1014.8
2008042306,15.4,0,1.6,204.3,93.5,1012.4
2008042312,15.8,7.5,1.9,205,93,1009.3
2008042318,13.2,0,3.4,336.6,73.8,1008.3
2008042400,8.4,0,3.4,310.1,59.2,1010.3
2008042406,10.3,0,4.3,328.8,43.5,1012.5
2008042412,16.5,0,5.3,297.4,30.5,1012.8
2008042418,11.2,0,1.9,55,61.2,1015.3
2008042500,6.6,0,0.6,318.7,85.3,1016.3
2008042506,11.6,0,1.4,247.8,62.7,1016.1
2008042512,19.7,0,5.4,200.8,28.2,1013.2
2008042518,14.7,0,3.5,198.2,54.5,1012
2008042600,13.7,1,3.6,206.5,64.8,1011
2008042606,14.5,0,4.5,243.4,62.3,1006.4
2008042612,17,0,5.2,266.6,39.7,1007.2
2008042618,12.7,0,1.8,305,54.5,1010.3
2008042700,9.9,0,2,301.6,63.7,1013.6
2008042706,11.8,0,1.3,241.2,58.2,1014.8
2008042712,18,0,3.8,235.3,31.5,1013.1
2008042718,14.2,0,1.7,19.4,53,1013.9
2008042800,9.2,0,1,266,72.2,1017.1
2008042806,12.6,0,1.1,334.9,59.7,1018
2008042812,18,0,4.2,141.8,48.8,1016.8
2008042818,14,0,2,225,67.5,1016
2008042900,10.3,0,0.3,348.7,83,1016.3
2008042906,15.5,0,0.9,106,67,1017
2008042912,25.6,0,3.8,215,43,1014.8
2008042918,20.3,0,2.2,252.1,66.8,1014.7
2008043000,15.7,0,0.4,341,84.2,1015.5
2008043006,19.7,0,1.1,190.3,63.8,1015.2
2008043012,26.3,0,3.9,183.3,37.8,1012.5
2008043018,20.7,0,2.1,218.3,47.5,1012.4
2008050100,16.6,0,1,350.8,68,1013.7
2008050106,18.4,0,1.4,82.2,70.2,1013.5
2008050112,23.2,0,4.3,141.8,52.7,1012.1
2008050118,19,0,2.1,204.3,68.8,1011.2
2008050200,14.3,0,0.6,311.9,87.8,1011.6
2008050206,19.4,0,0.7,153.7,67.5,1011.5
2008050212,24.4,0,4,135.1,46.8,1010.3
2008050218,19.5,0,1.4,80.8,60.3,1009.7
2008050300,14.8,0,0.5,315,82.3,1010.2
2008050306,21,0,1,232,63.3,1011
2008050312,28,0,2.6,125,42.2,1010.5
2008050318,21.1,0,1.1,71.6,62.3,1010.9
2008050400,16.4,0,0.4,314.9,84.3,1009.8
2008050406,18.7,0,1.4,235,73.3,1007.5
2008050412,22.9,0,3.2,181.1,52.7,1005
2008050418,18.8,0.5,3.5,195,72,1002.8
2008050500,16.8,0.5,3.8,164.5,93.8,1000.4
2008050506,17.7,0,4.4,360,76.5,1001.7
2008050512,18.4,0,3.7,101.5,61.2,1005.6
2008050518,14.4,0,2.7,194.7,78.2,1008.9
2008050600,10.2,0,1.4,309.8,84.8,1011.5
2008050606,16.4,0,1.2,227.6,44.2,1012.3
2008050612,24.8,0,5,199,21,1009.3
2008050618,20.6,0,3,252.4,28.2,1009.1
2008050700,15,0,1,321.4,42.7,1010.9
2008050706,18.2,0,0.8,272.7,37.3,1011.2
2008050712,25.8,0,2.8,107.1,37.3,1008.4
2008050718,20,0,1.2,74.3,60,1007.7
2008050800,16.3,0,0.9,300.7,66,1008.8
2008050806,19.4,0,1.7,21.3,60.5,1010
2008050812,22.8,0,3.9,70,33,1010
2008050818,18.8,0,1.2,12.7,37.8,1010.9
2008050900,15.9,0,1,2.4,55.5,1012.3
2008050906,17,0,4,48.4,56.2,1015.3
2008050912,17.6,0,4.3,50,47,1016.3
2008050918,14.7,0,4,50,68.5,1018
2008051000,13.7,0,4.9,60,65,1017.5
2008051006,13.4,0,5.6,63.4,68.2,1017.5
2008051012,13.4,0,5.5,50,63.8,1017.4
2008051018,12.5,0,5,45.1,67.3,1018.1
2008051100,11.2,0,2.8,13.4,72.8,1018.4
2008051106,13.3,0,4.1,35,62.2,1018.9
2008051112,15.5,0,5.1,66.7,51.5,1018.7
2008051118,12.7,0,3,50,66.2,1019.4
2008051200,10.4,0,1.4,0.5,79.3,1018.5
2008051206,13.6,0,5.3,56.7,65.8,1018.3
2008051212,15.6,0,5.8,63.4,59.3,1016.3
2008051218,13.3,0,4.2,50,66.5,1015.8
2008051300,12.3,4,3.2,24.8,77.2,1013.1
2008051306,12.7,4.5,3.2,337.1,76.8,1012.2
2008051312,14.1,6.5,2.9,41.3,76.5,1011.8
2008051318,10.4,4.5,1.7,315.1,92.5,1013.5
2008051400,9.6,0,1,285.2,95.3,1013.3
2008051406,13.1,0,0.9,276.3,74.5,1015.8
2008051412,16.8,0,3.7,151.1,59.7,1015.2
2008051418,14,0,1.6,228.9,76.2,1016.1
2008051500,10.4,0,0.2,0,92.5,1017
2008051506,15.1,0,0.8,353.4,71.7,1017.7
2008051512,20,0,4.5,136.8,54.5,1015.5
2008051518,16,0,1.7,235,61.3,1015.1
2008051600,11.9,0,0.4,335.9,80.7,1014.1
2008051606,16.2,0,1.3,235.7,64.8,1014.5
2008051612,21.2,0,3.2,125,44.7,1012.1
2008051618,17.2,0,1.5,66.1,59.3,1011.3
2008051700,12.2,0,0.5,312.1,83.7,1011.3
2008051706,17.4,0,1,220,65,1011.8
2008051712,22.1,0,3.7,125,47.7,1011
2008051718,18.4,0,1.7,172.4,62.8,1010.6
2008051800,14,0,0.6,331.9,82,1010.8
2008051806,17.8,0,1.1,290.6,59.2,1010.4
2008051812,22.8,0,4.6,200.2,50.2,1007.7
2008051818,20.7,0.5,5.9,186.6,80.3,1005.4
2008051900,18.2,9,3.1,225,88.2,1004.7
2008051906,16.9,0,1.8,10.2,85.3,1005.9
2008051912,19.9,0,2.9,205,54.5,1004.6
2008051918,17.6,0,2,188.2,61.7,1003.2
2008052000,12.4,0,4,310.8,59.8,1004.3
2008052006,14.7,0,3.8,321.8,55.3,1007.6
2008052012,20.4,0,3.8,86.8,47.8,1007.2
2008052018,16.7,0,1.7,64,75,1008.8
2008052100,13.1,0,0.6,324.1,83,1010.1
2008052106,17.6,0,0.9,312.1,64.5,1011.1
2008052112,26.8,0,4.4,215.5,30.3,1009.2
2008052118,21.1,0,3.2,222.4,40.2,1010.5
2008052200,16,0,0.7,13.9,73.8,1012.4
2008052206,19.7,0,1.1,170,64.8,1013.8
2008052212,26.4,0,2.7,216.2,45.2,1012.1
2008052218,21.5,0,1.8,262.1,61.8,1013.1
2008052300,17.4,0,0.6,327.8,78.5,1014
2008052306,21.5,0,0.9,0,66,1014
2008052312,25,0,3.1,93.3,57.7,1011.1
2008052318,21.1,0,1.3,31.6,73.8,1010.3
2008052400,18.1,3,1.9,254.2,85.8,1009.8
2008052406,16.6,11.5,1.1,8,95.7,1008.2
2008052412,17,15.5,1.3,31.8,96.2,1005.7
2008052418,16.9,0,0.8,346.6,96.2,1004.2
2008052500,15.9,0,1.8,292.2,98.2,1003.7
2008052506,19.9,0,1.4,218.8,84,1004.8
2008052512,24.2,0,2.8,111.6,69,1004.5
2008052518,20,0,0.9,45,85.8,1005.2
2008052600,19.1,0,1.7,341.5,83.5,1006.3
2008052606,23.2,0,2.2,27.9,58.8,1008.2
2008052612,24,0,3.7,73.4,54.5,1008.8
2008052618,18.9,0,2.3,115,68.8,1010.2
2008052700,15.4,0,1,334.2,89,1010.1
2008052706,18.3,0,1.4,70.2,81.8,1009.5
2008052712,23.9,0,3.3,105,65.5,1006.9
2008052718,21.3,0,1.8,95,74.7,1006.4
2008052800,19.3,0.4,1.1,28.8,81.5,1005.1
2008052806,16.3,28.1,1.2,224.2,93.7,1004.8
2008052812,16.8,30.5,1.7,34.5,98.2,1001
2008052818,17.3,2.5,2.3,48.1,96.5,1000.3
2008052900,17.2,0,2.3,10,95,1001
2008052906,18.1,0,2,20.2,89.2,1004.6
2008052912,20.6,0,3.9,28.5,74.7,1006
2008052918,17.7,0,2.2,37.7,85.7,1008.4
2008053000,16.8,0,1.3,14.7,88.2,1008.1
2008053006,17.4,0.1,1.1,19.3,90,1007.7
2008053012,20,0,1.4,52.4,77.3,1005.5
2008053018,18,0,1,107.2,87.7,1005.4
2008053100,15,0,1,310.4,69.5,1006.7
2008053106,18,0,2.2,301.5,46,1008.6
2008053112,23.5,0,3.7,5,31.8,1008.1
2008053118,19.3,0,2,218.4,44,1009.6
2008060100,15,0,0.5,341.6,65,1010.8
2008060106,19.2,0,1,193.8,59,1012.3
2008060112,24.7,0,3.9,114.9,33,1012.2
2008060118,20.6,0,1.3,84.7,47.7,1014.2
2008060200,16.4,0,0.9,285.9,68.5,1014.1
2008060206,19.3,0,1.8,354.7,73.7,1014.8
2008060212,21.1,0,3.7,73.3,71.8,1014.5
2008060218,18,0.5,2.1,36.5,83.3,1014.2
2008060300,16.5,0.4,2,18.2,91,1014
2008060306,17.5,0.1,3.2,24.9,83.3,1014.5
2008060312,18.3,0,3.4,26.6,80.7,1014
2008060318,17,0,3.1,40.1,89.5,1014.8
2008060400,16.5,0.1,2.5,56.6,89.2,1014.7
2008060406,16.3,0,3.2,63.4,83.5,1014.7
2008060412,16.5,0,3.8,56.6,76,1012.6
2008060418,13.9,13.4,1.3,324.2,94.7,1010.2
2008060500,13.8,1.5,1.4,322.3,95.7,1007.4
2008060506,14.8,0,1.4,286.9,95,1006.3
2008060512,16.6,3,1.6,40.4,89.7,1005.3
2008060518,14.9,2,0.8,348.6,96.2,1007
2008060600,14.8,0.5,0.4,348.8,99,1008.5
2008060606,18.1,0,1,272.1,84,1010.2
2008060612,22.1,0,3.2,120.2,65.8,1009.7
2008060618,19.6,0,1.4,278.3,78.3,1010.1
2008060700,17.9,0,1.3,273.4,84.8,1011
2008060706,19.7,0,1.5,291,71.8,1011.2
2008060712,23.6,0,2.1,114.6,57.7,1009.8
2008060718,21.1,0,0.9,281.6,72.7,1009.9
2008060800,17.8,0,0.2,0,83.7,1010.3
2008060806,20.5,0,1,280.5,74.5,1011
2008060812,25.3,0,3.7,125.6,51.8,1009.9
2008060818,20.9,7,2.5,199.6,69.2,1009.8
2008060900,15.9,0,1,318.3,94.7,1010.1
2008060906,20.3,0,0.9,28.1,76.8,1011.5
2008060912,24.6,0,3.3,141.8,61.3,1010.7
2008060918,20.7,0,1.8,158.7,72.3,1011.2
2008061000,17.9,0,0.2,0,89,1010.3
2008061006,22.2,0,1.5,217.4,74.3,1009.7
2008061012,27.1,0,3.1,114.9,57.3,1007.1
2008061018,22.5,0,1.5,70,78.5,1007.4
2008061100,20.2,0,0.9,14.9,85.5,1008.5
2008061106,20.2,0,2.6,26.6,81.8,1009.7
2008061112,20.9,0,3.8,50,71.3,1008.9
2008061118,18.8,0,2.8,16.5,64.8,1008.5
2008061200,16,0,1,345.1,69.7,1008
2008061206,20.8,0,1.5,19,51.7,1009.2
2008061212,26.3,0,2.7,76.8,30.2,1008.1
2008061218,21.2,0,1.7,308.6,41.7,1008.9
2008061300,16,0,0.2,348.7,66.8,1009
2008061306,23.3,0,1.1,265.5,52.8,1010.6
2008061312,31,0,3.2,159.1,31.5,1009.5
2008061318,24.9,0,1.4,247.9,45,1010.8
2008061400,19.4,0,0.6,356.7,70.8,1013.7
2008061406,20.6,0,3.8,50,73.8,1016.5
2008061412,20.8,0,4.6,53.3,70,1016.5
2008061418,18.4,0,3.8,53.3,76.5,1017.8
2008061500,17.3,0,3.3,35,77.8,1016.6
2008061506,18,0,5.8,60,74.3,1016.2
2008061512,19.1,0,5.8,56.6,67,1015.7
2008061518,17.4,0,3.8,53.3,71.3,1016.3
2008061600,15.9,0,2.4,35,75.8,1015.6
2008061606,17.5,0,3.9,50,71,1015.7
2008061612,19.1,0,4.6,56.6,70,1015.3
2008061618,18.1,0,3.1,50,76.8,1015.8
2008061700,17.5,0.4,1.4,10,83.8,1016.2
2008061706,18.6,0,1.6,16.5,85,1016.9
2008061712,21,0,3.8,63.4,76.8,1016.2
2008061718,19.4,0.1,1.4,37.1,84.5,1015.8
2008061800,17.9,2,0.6,309.2,95.8,1014.7
2008061806,18.3,8,0.9,0,99.3,1013.1
2008061812,22.9,24,4,177,96.8,1009.4
2008061818,23.6,14,4,183.3,94.3,1007.3
2008061900,22.1,10,2.2,48.8,97.2,1007.1
2008061906,23.6,0,1.9,290.7,73.7,1009.3
2008061912,27.6,0,3.1,96.8,64.2,1007.3
2008061918,25.7,0,2.2,242.9,73,1007
2008062000,22.2,2.5,1.3,298.4,85,1006.8
2008062006,22.4,1.5,1.4,312.1,90.5,1005.8
2008062012,27.2,0,2.5,124,72.8,1003.7
2008062018,24.3,0,1.1,70.8,85.8,1003
2008062100,22.4,0,0.8,35,94.7,1003.1
2008062106,21,1.5,1.2,37.1,87.2,1003.6
2008062112,20.7,3,2.2,56.6,89.5,1002.5
2008062118,19.7,0,1.9,26.6,93.7,1001.7
2008062200,19.9,0,2,3.4,94.3,1000.2
2008062206,21.2,0,3.2,20,86,1001.1
2008062212,19.9,0,3.7,26.6,84.8,1003
2008062218,18.5,0,2.8,16.7,84.3,1005
2008062300,17.6,0,2.4,31.8,85,1005.8
2008062306,18.8,0,3.2,21.6,72,1006.2
2008062312,20.2,0,3.9,53.3,69.3,1006.5
2008062318,18.4,0,2.8,48.4,79.5,1007.6
2008062400,17.4,0,1.6,23.2,83.3,1006.9
2008062406,18.4,0,1.6,21.6,82.2,1007.3
2008062412,20.3,0,3.4,56.6,76.3,1006.8
2008062418,18.9,0,2.1,29.9,82.3,1007.8
2008062500,18.1,0,1.6,3.3,87.7,1007.5
2008062506,19.1,0,2.3,10,84.3,1008.2
2008062512,20,0,3.2,31.8,76.5,1007.9
2008062518,18.6,0,2.2,0.4,71.8,1008.5
2008062600,16.3,0,1.4,323.3,88.2,1009.1
2008062606,19.7,0,1.5,21.3,73.7,1010.1
2008062612,22.2,0,3.3,76.5,64.7,1009.4
2008062618,19.2,0,2.1,55,77.8,1010
2008062700,18.1,0,1.4,264.1,85.8,1011.1
2008062706,20,0,1.4,213.7,79.3,1011.4
2008062712,23.9,0,3,140,67.8,1010.5
2008062718,20.8,0,2.2,116.6,80.3,1010.7
2008062800,19.3,0,1.2,86.7,86.3,1010.6
2008062806,18.9,4,0.7,25,91.5,1011
2008062812,17.7,46.5,1.2,59.9,97.3,1008.4
2008062818,17.8,19.5,1.8,274.1,99.3,1004.5
2008062900,17.8,4.5,0.8,306.5,99.2,1003.7
2008062906,18.3,1.5,1.4,316.1,96.7,1004.9
2008062912,19.7,0,2,0,88.8,1006.7
2008062918,19.7,0,2.7,3.3,84.5,1008.9
2008063000,18.9,0,1.3,13.4,88,1010.8
2008063006,20.3,0,1.8,38.4,84.5,1012.8
2008063012,22.6,0,2.8,80,75,1012.7
2008063018,20,0,1.8,80.2,84.8,1013.5
2008070100,18.9,0,1.3,295,89.7,1013.3
2008070106,20.7,0,1.2,199.1,82,1013.1
2008070112,22.9,0,3,125,74.7,1011.5
2008070118,20.6,0,1.8,157.6,86.2,1009.9
2008070200,19.5,0.1,1,288.2,92.5,1008.5
2008070206,20.9,0.4,1.8,195,93.8,1007.5
2008070212,21.8,55,1.5,87.8,96.5,1005.2
2008070218,22.5,2,3.5,207,94.3,1003.3
2008070300,22.3,2,2.3,260,90.5,1003.3
2008070306,24.5,0,2.6,226.8,83.8,1003.6
2008070312,29.7,0,4.2,225.1,61,1002.9
2008070318,26.2,0,2.7,209.9,78,1004.3
2008070400,22.8,0,0.8,347.4,90.8,1006.1
2008070406,25.6,0,1.2,257.6,76.3,1006.7
2008070412,30.4,0,3.6,220.9,59.3,1005.2
2008070418,26.8,0,2.1,209.3,79,1005.8
2008070500,23.8,0,0.8,352.4,90.5,1006.2
2008070506,25.4,0,0.9,344.3,82,1006.3
2008070512,29.4,0,3.3,194.1,66.8,1005.6
2008070518,25.8,0,2.2,164.1,83.8,1006
2008070600,25.4,0,3,180,83.3,1006.5
2008070606,28,0,2.9,196.7,71.3,1006.7
2008070612,31.5,0,4,190.2,61.5,1005.8
2008070618,27,0,1.4,88.9,77.2,1007.3
2008070700,24.5,0,0.9,318.1,89.8,1008.9
2008070706,28.2,0,0.8,309.8,73.5,1010.1
2008070712,32.6,0,2.7,96.6,60,1009.2
2008070718,28.1,0,1.5,44.2,75,1010
2008070800,26.5,0,0.6,336.3,88,1011.2
2008070806,29.4,0,1.2,340.5,71,1012.4
2008070812,31.3,0,3.6,80.2,56,1011.9
2008070818,26.1,0,1.8,110,66.8,1012.2
2008070900,24.6,0,0.3,0,77,1012
2008070906,27.2,0,1.5,125,69.2,1012
2008070912,29.8,0,3.5,140,51.5,1010.6
2008070918,25.6,0,1.8,80,62.7,1009.9
2008071000,23.4,0,0.2,350,72.5,1008.9
2008071006,26.8,0,0.9,31.8,67.7,1008.3
2008071012,29.5,0,3.6,93.3,62,1005.4
2008071018,26.9,0,1.7,50,72.2,1005.2
2008071100,26.4,0,1.4,283.3,80.7,1005.3
2008071106,27.7,0,1.8,259.8,76,1005.1
2008071112,31.6,0,2.7,250,59.8,1004
2008071118,27.6,0,2.2,275,72.8,1004.7
2008071200,25.4,0,0.8,323.9,81.8,1005.7
2008071206,27.4,0,1.2,247.7,74,1006.3
2008071212,28.2,0.5,2.1,177,75.2,1005.7
2008071218,26.5,0,2.2,215,79.5,1006
2008071300,24.6,0,0.8,185,83.2,1006.1
2008071306,27.9,0,2.3,190,71.8,1007.2
2008071312,30.3,0,4.8,215,65,1006
2008071318,27.9,0,3.1,223.4,75.2,1007.2
2008071400,26,0,0.8,310.9,85.2,1008.7
2008071406,28.6,0,0.8,77.8,74.3,1009.9
2008071412,27.1,35,2.2,48.4,85.3,1009.6
2008071418,25.8,0,1.3,37.2,83.5,1010.2
2008071500,23.6,0,0.9,33.8,93,1010.4
2008071506,26.2,0,1,77.2,82,1010
2008071512,28.2,0,3.1,130.1,76,1008.3
2008071518,25.8,0,1.4,77.4,89.8,1007.3
2008071600,23.7,0,0.3,335.9,95.7,1006.6
2008071606,26.8,0,2,230.8,76.7,1005.8
2008071612,30.8,0,5.3,204.9,60.7,1003.9
2008071618,27.5,0,4.1,209.6,73.2,1003.5
2008071700,26,0,2.5,225.7,77.5,1003.6
2008071706,28.6,0,2.4,246.7,69.8,1003.7
2008071712,31.4,0,4.1,209.9,63.3,1002.5
2008071718,29,0,2.1,244.9,73.7,1003.7
2008071800,26.2,0,1.5,298.4,83.7,1004.9
2008071806,28,0,1.8,266.2,73.7,1006.3
2008071812,32.6,0,2.5,65.3,55.8,1005.7
2008071818,29.3,0,1.5,300.2,72.8,1006.8
2008071900,26.8,0,0.8,322,79.3,1007.5
2008071906,28.6,0.4,1.2,193.8,77,1008
2008071912,28,0,3.3,101.9,80.2,1007
2008071918,28.9,0,2.9,190.1,75.8,1007.2
2008072000,25.7,0,1.5,56.4,90.2,1007.1
2008072006,25.8,17.5,1.6,67.1,90.8,1007.6
2008072012,27.3,20.5,2.8,130.7,89,1006
2008072018,26,5.5,2.6,176.6,93,1004.7
2008072100,25.5,0.5,2.5,215,91.5,1003.5
2008072106,26.5,0,3.8,209.9,79.3,1003.1
2008072112,30.2,0,4,225.1,68.5,1002.3
2008072118,27.7,0,2.2,248,77.3,1003.2
2008072200,24.6,0,0.4,324.9,89,1004.1
2008072206,27.1,0,2.2,251.8,75,1004.5
2008072212,31,0,4.2,230,58.7,1003.8
2008072218,28,0,1.5,306.7,74.2,1005.2
2008072300,25,0,0.5,320.2,88.2,1006.4
2008072306,27.1,0,1.1,279.2,77.5,1007.2
2008072312,31.5,0,3.2,220.4,59.2,1006.2
2008072318,28.8,0,2.6,210.9,72.2,1006.5
2008072400,25.8,0,0.7,356.7,90,1006.4
2008072406,29,0,3.1,209.6,74.7,1006
2008072412,32.3,0,4.3,218.2,56.8,1004.2
2008072418,29.1,0,3.2,204.9,68.8,1003.8
2008072500,26.2,0,1.8,128.1,80,1004.2
2008072506,25.1,0,1.5,96.8,86.2,1004.8
2008072512,24.6,7.5,2,62.6,91.5,1004.5
2008072518,23,3.5,0.9,359.9,96.3,1005.3
2008072600,22.6,10.5,1,301.5,98.3,1005.8
2008072606,22.8,56.5,1.1,359.2,98.2,1007.6
2008072612,25.2,0,1.4,73.4,88.3,1007.5
2008072618,24.6,0,1,96.6,90.8,1008.4
2008072700,23.6,0,0.2,350,96.5,1009.6
2008072706,25.1,0,1,57.3,88.3,1011.2
2008072712,26.5,0,2.5,108.9,80.8,1011.2
2008072718,25.2,0,1.5,165.6,88.7,1011.6
2008072800,23.8,0,0.3,348.7,96.3,1011.6
2008072806,27.6,0,1.1,281.8,81.2,1012.2
2008072812,32.7,0,4.2,215,60,1010.5
2008072818,29.3,0,2.5,243,75.3,1010.9
2008072900,26.5,0,1.3,299.2,85.2,1011.2
2008072906,29.5,0,1.6,273.4,73,1011.2
2008072912,33.8,0,2.2,240,56.2,1009.5
2008072918,29.9,0,1.3,4,73.3,1010
2008073000,27.1,0,1.2,277.9,82.8,1010.5
2008073006,27.8,0,1.1,285.2,79.5,1011.2
2008073012,31.5,0,1.8,211.1,61.3,1010.9
2008073018,25.4,0.5,1.4,329.9,84.3,1012.5
2008073100,24.2,0,0.7,297.3,88.5,1013.4
2008073106,26,0.3,1.4,289.3,81.8,1014.6
2008073112,32.3,0,1.6,43.1,55.3,1013.2
2008073118,28.1,0,1.6,102.4,65,1013.4
2008080100,24.8,0,0.5,339.5,83.2,1012.8
2008080106,28.1,0,1.8,239.7,72.3,1011.7
2008080112,32.8,0,4.8,215,53.8,1009
2008080118,29,0,3,204.9,64.3,1007.8
2008080200,27,0,3.8,232.7,73.8,1006.4
2008080206,28.9,0,3.5,206.6,65.3,1005.8
2008080212,32,0,6.2,215,54.7,1003.8
2008080218,28.2,0,5.6,215,70.3,1003.8
2008080300,27.5,0,4.7,196.7,75,1002.8
2008080306,28.6,0,3.4,217.2,74.5,1003
2008080312,30.4,0,3.6,213.9,65.7,1003.7
2008080318,25,0,1.5,73.5,81.8,1006.4
2008080400,23.4,0,0.5,16.2,89.3,1008.1
2008080406,26.2,0,0.8,169.4,77,1009.9
2008080412,30,0,3.3,146.6,63.7,1009.7
2008080418,25.8,0,1.9,70.8,82.5,1010.5
2008080500,24,0,0.7,358,89.7,1011.1
2008080506,26,0,1.1,235.4,80,1011.6
2008080512,29.4,0,3.5,133.4,66.2,1010.2
2008080518,26,0,1.8,98.9,82,1010.2
2008080600,23.5,0,1.1,23.3,91.7,1010.7
2008080606,25.8,0,1.1,28,78,1011.2
2008080612,28.5,0,4.4,79.8,55.8,1010.2
2008080618,24.5,0,1.7,20.2,62,1011
2008080700,21.2,0,1.4,329.8,86,1010.7
2008080706,24.8,0,1.8,5.1,75.8,1011.2
2008080712,28.5,0,4.4,73.4,65,1009.8
2008080718,25.3,0,2.5,3.4,72.5,1010.3
2008080800,23.6,0,0.9,321.6,85.7,1010.2
2008080806,24.6,8.5,1.4,4.2,86.7,1010.3
2008080812,25.4,15,1.2,24.5,87.7,1009.1
2008080818,24.8,4,2.1,49.3,90,1009
2008080900,22.8,0,0.7,359.5,96.2,1008.5
2008080906,25.9,0.1,1.2,73.9,85.2,1008.9
2008080912,29.4,0,3,91.3,71.2,1007.9
2008080918,26.9,0,1.5,46.3,83,1008.7
2008081000,24.7,0,0.7,329.5,91.2,1008.9
2008081006,27.1,0,2.4,48.7,78.8,1009.6
2008081012,29.8,0,4.4,63.2,66.7,1008.7
2008081018,26.6,0,2.5,40.1,83.3,1009.9
2008081100,25.2,0,0.9,340.7,88.5,1010.7
2008081106,27.9,0,1.8,40.7,80.3,1010.7
2008081112,30.6,0,3.2,86.6,69.8,1009.6
2008081118,27.7,0,1.9,73.2,83.5,1010.2
2008081200,26.6,0.5,1.2,37.1,87.2,1009.6
2008081206,28.3,0,2.1,109.4,85,1009.3
2008081212,30.3,0,3.2,130.1,73.5,1007.6
2008081218,27.9,6,2.4,90,84.8,1007.8
2008081300,24.1,115,3.4,6.3,96.7,1005.6
2008081306,27.1,0,1.5,236.5,82.7,1006.7
2008081312,31.7,0,4.2,201.6,62.3,1005
2008081318,28.6,0,2.5,248,71.7,1005.4
2008081400,25.8,0,1.4,285.6,85.2,1005.1
2008081406,28.1,0,1.2,258,74.8,1005
2008081412,32.2,0,2.5,266.5,57.7,1002.9
2008081418,28.5,0.4,1.8,215,74.7,1002.9
2008081500,24.6,29.6,1.8,350,94.7,1001.3
2008081506,24.8,58,2.7,324.1,91,999.5
2008081512,27.7,0.5,3.1,82.2,79,1000.2
2008081518,23.4,13,2,11.9,94.7,1001.8
2008081600,22,20.5,1.6,313.4,97.3,1001.2
2008081606,21.6,11.5,1.5,281.7,95,1002.4
2008081612,21.9,0.5,2,14.7,93.2,1003.7
2008081618,20.4,0.5,2.1,346.8,91,1006.6
2008081700,19.6,0.2,0.9,298.7,92,1008.2
2008081706,22,0,1,309.2,86.3,1009.7
2008081712,26.5,0,2.9,51.8,68.8,1009.8
2008081718,23.1,0,1.5,12.6,81,1010.9
2008081800,21.2,0,0.7,327.9,92.5,1009.7
2008081806,24.2,0,1,260,86,1007.3
2008081812,30.1,0,5.9,201.6,69.8,1003.1
2008081818,28.3,0,3.4,200,75,1003.3
2008081900,26,0,3.1,198.2,74.2,1003.9
2008081906,27.9,0,4.2,260,57.8,1003.9
2008081912,30.4,0,4.2,285,49.8,1003.4
2008081918,25.7,0,1.8,291.9,63.8,1004.2
2008082000,21.9,0,0.9,340.7,72.8,1005.2
2008082006,24.1,0,1.9,0.3,65,1006.7
2008082012,25.4,0,4.6,74.6,67.2,1006.9
2008082018,22,0,2.2,20.2,77.5,1009.3
2008082100,20.1,1.5,1.6,329.8,86.8,1010
2008082106,20.8,0,2.4,337.3,80.3,1011.2
2008082112,23.4,0,3.8,60,62.5,1011
2008082118,20.5,0,1.6,14.7,71.8,1011.5
2008082200,18,0,1.3,263.5,84.8,1009.9
2008082206,19.3,0.5,0.8,287,87.3,1007.9
2008082212,20.8,4.5,1,270,95.8,1002.7
2008082218,24,14,2.8,220.9,96.2,997.2
2008082300,24.8,0,2,206.6,88.5,996.7
2008082306,25.8,0,2,251.9,71.7,999.5
2008082312,26.2,0,3.4,39.3,69.8,1001.6
2008082318,21.7,1,1.8,22.4,86.5,1006.3
2008082400,21,0,2.1,353.2,85.2,1009.3
2008082406,22.4,0,2.3,14.2,73.3,1011.8
2008082412,22.8,0,2.7,40.1,74.8,1012.3
2008082418,21.2,0,2.3,31.8,79.3,1013.3
2008082500,20.4,0,1.5,7.9,81.3,1013.6
2008082506,21.4,0,2.8,19.8,76.2,1014.5
2008082512,23.4,0,3.8,56.6,67,1013.8
2008082518,20.7,0,2.5,35,77.2,1014
2008082600,20.2,0,1.6,1,81.2,1012.9
2008082606,21.9,0,3.3,23.2,72.8,1012.9
2008082612,23.7,0,4.5,53.3,63,1011.9
2008082618,21.1,0,2.3,1.4,74.5,1011.6
2008082700,19.9,0,1.3,305,85.3,1010.6
2008082706,22.2,0,2.6,353.9,73.3,1010.6
2008082712,25.4,0,3.7,58.8,63.8,1009.4
2008082718,21.6,0,2,3.9,80.5,1010.7
2008082800,19.5,0,1.2,308.7,90.2,1010.9
2008082806,22.6,0,1.9,17.8,74.3,1011.6
2008082812,26.2,0,3.7,51.8,66.7,1010.2
2008082818,22.5,0,2,37.1,82.2,1011.6
2008082900,21.2,0,2.1,0,88.5,1011.7
2008082906,22.9,0,2.8,21.9,78.8,1012.7
2008082912,24.8,0,4.7,63.4,69.2,1012
2008082918,22.1,0,2.7,40.1,77.2,1012.9
2008083000,21.2,0,2,0.4,76.7,1012.8
2008083006,22.4,0,3.4,28.5,72,1013
2008083012,24.7,0,4.2,56.6,66.2,1011.5
2008083018,21.9,0,2.9,26.6,76,1012.1
2008083100,20.1,0,1.5,0.9,81.5,1011.4
2008083106,21.2,0,2.5,10,81.5,1010.9
2008083112,22.9,0,2.4,35,78.5,1009
2008083118,22.1,0,1.3,10,86.7,1008.8
2008090100,21.2,0.6,1,280.9,96.3,1006.9
2008090106,21.9,9,0.9,317.9,98.3,1005.8
2008090112,23.6,12,1,330.1,96.5,1004
2008090118,22.6,2,0.6,21.9,95.8,1004.1
2008090200,21.2,11.5,1.2,353.6,98.8,1003.2
2008090206,21.6,0,2.2,48.4,93.7,1004
2008090212,22.3,0,1.9,45.1,81.3,1004.7
2008090218,21.2,0,1.3,6,82.7,1007.1
2008090300,18.9,0,1.5,318.7,89,1008.9
2008090306,21.8,0,1,15.2,78.5,1010
2008090312,25.5,0,4,69.6,65.8,1009.3
2008090318,21.2,0,2.2,15.3,75.5,1011.3
2008090400,18.3,0,0.7,273.8,90.7,1012.4
2008090406,21.7,0,2.2,26.2,78.5,1013
2008090412,25,0,4,70,64.3,1012
2008090418,20.8,0,1.7,15,83.3,1012.9
2008090500,18.5,0,0.9,253.3,91.3,1012.9
2008090506,22.5,0,1.6,25.7,77.5,1014.2
2008090512,25.1,0,4.1,66.7,69,1014
2008090518,22.6,0,1.4,345.2,80.8,1015.4
2008090600,21.5,0.5,1,337.3,89.7,1015.8
2008090606,22.8,0,1.5,354.1,82.8,1017.1
2008090612,24,0.5,2.5,23.2,71.5,1017.1
2008090618,20.8,0,1.1,303.2,89.2,1017.4
2008090700,19.2,0,0.8,312.8,92.8,1017.8
2008090706,22.6,0,1,346,72.7,1018.5
2008090712,26.9,0,3.9,70,52.5,1016.6
2008090718,21.2,0,1.1,17.2,71.8,1016.8
2008090800,17.2,0,0.5,292.8,89.3,1016.9
2008090806,21.1,0,1,358.5,72,1017
2008090812,25.7,0,4.2,63.4,55.5,1016.3
2008090818,22.1,0,2.1,23.2,76,1018
2008090900,20.3,0,1.3,356.7,86.5,1017.9
2008090906,22.3,0,1.8,10.1,76.7,1018.4
2008090912,25.4,0,3.3,80,62.5,1017
2008090918,21.5,0,1.9,47.9,78.5,1017.6
2008091000,17.7,0,0.4,342.8,93.3,1017.2
2008091006,20.9,0,0.9,184.9,77.3,1016.8
2008091012,27.4,0,2.4,121.8,60.3,1014
2008091018,23.5,0,1.1,302.4,82.7,1013.8
2008091100,20.9,0,0.4,320.7,92.8,1013.4
2008091106,23.7,0,0.8,328.6,79.5,1013.3
2008091112,28.4,0,2.5,112.4,58,1010.5
2008091118,25.1,0,1.2,184.3,70.8,1010.1
2008091200,23,0.1,0.7,301.5,85.8,1009.8
2008091206,24.4,0,1.3,261.7,78.5,1010.1
2008091212,28.3,0,2.5,169.8,62.7,1009.2
2008091218,25,0,1.1,291.1,80.5,1010.2
2008091300,22.2,0,0.9,302,88.3,1011.4
2008091306,25,0,0.9,20.3,73.5,1013.1
2008091312,27.2,0,3.4,73.1,68,1013.2
2008091318,21.8,6.5,1.2,265.6,94.8,1015.7
2008091400,21.1,0,0.9,270.7,94.5,1016.2
2008091406,23.4,0,2.3,18.3,82.5,1017.6
2008091412,25.4,0,3.6,70,71.7,1016.4
2008091418,22.5,0,1.4,31.1,83.2,1015.8
2008091500,21.1,0,0.9,317.4,89.3,1014.8
2008091506,22.2,0,0.8,320.7,85.3,1013.7
2008091512,25.4,0,2,48,72.5,1011.2
2008091518,22.5,0,1.3,5.8,88.7,1011
2008091600,19.7,0,0.6,299.2,96.2,1010.3
2008091606,22.6,0,1.1,314.7,82.2,1010.4
2008091612,28.8,0,2.1,98.1,50.8,1009.7
2008091618,23.2,0,1.2,0,78.5,1010.8
2008091700,18.8,0,0.6,310.9,92.5,1011.6
2008091706,22.3,0,1.2,314.7,78.2,1012.3
2008091712,27.2,0,2.7,86.7,58,1011.4
2008091718,23.4,0,1.3,21.1,82,1012
2008091800,22.2,0.3,0.9,261.4,88.3,1011.4
2008091806,24.6,0,1.4,25,82,1011.6
2008091812,27.7,0,4.1,66.6,66.5,1010.1
2008091818,24.3,0,1.8,14.7,75.8,1010.7
2008091900,21.4,0,0.6,277.6,89.3,1011
2008091906,23.9,0,2.3,29.8,80.8,1011.8
2008091912,27.9,0,3.8,48.4,60.3,1011.2
2008091918,23.6,0,1.9,5.1,75.7,1012.7
2008092000,22.1,0,1.1,303.5,83.3,1012.4
2008092006,23.4,0.1,1.5,348,81.2,1012.6
2008092012,25.8,0,1.9,76.8,72.2,1010.3
2008092018,23.1,0.1,1,5.7,88.3,1009.7
2008092100,22.1,2,1.1,20.4,92.2,1008.5
2008092106,22.1,0.5,1.8,342.4,88,1009.3
2008092112,24,0,2.8,40.4,73.8,1010
2008092118,21.6,0,1.4,354.2,83.3,1011.8
2008092200,18.9,0,0.8,297.3,93.5,1011.7
2008092206,21.5,0,0.7,14,81.8,1012
2008092212,26.3,0,3,141.8,58.3,1009.8
2008092218,22.8,0,1.9,218.4,76.7,1010.1
2008092300,21.2,0,0.5,308.8,87,1009.6
2008092306,22.8,0,0.8,2,83,1011.1
2008092312,24.6,0,2.2,26.2,77.8,1011.3
2008092318,22.8,0,2,43.4,85.3,1014
2008092400,21.8,0,1.9,50,81.8,1015.5
2008092406,22.1,0,1.7,51.8,73.7,1017.1
2008092412,22.8,0,2.3,80,67,1015.8
2008092418,20.8,0,1.2,291.4,82,1014.5
2008092500,19.8,0,0.6,308.3,87,1011.5
2008092506,23.5,0,1.3,342,78.2,1009.2
2008092512,26.5,0,3,330,68,1006.8
2008092518,21.5,0,2.4,357.3,70.7,1007.6
2008092600,18.8,0,3.7,350.2,72.5,1008.3
2008092606,19.5,0,3.5,333.7,64.8,1011.3
2008092612,20.8,0,3.8,335.6,39.5,1013.2
2008092618,16,0,1.5,346.8,45.2,1017
2008092700,12.2,0,0.2,0,51.7,1019.7
2008092706,13.5,0,1.4,279.3,52.7,1021
2008092712,19.8,0,1.8,40.6,45.3,1019.3
2008092718,15.8,0,1,348,71,1020.1
2008092800,13.4,0,0.6,299.2,82.5,1020.2
2008092806,15.6,0,0.8,314.9,74.3,1020.8
2008092812,19.1,0,1.4,32.3,66,1019.1
2008092818,17.1,0.1,1.1,319.5,72.2,1019.2
2008092900,14.9,1.7,0.7,356.8,89.8,1018.9
2008092906,14.4,2,1.5,328.5,86.8,1019
2008092912,17.7,0,1.5,336,78.5,1016.9
2008092918,17.4,0,1.1,347.1,86,1016.9
2008093000,15.6,0,0.1,0,93.2,1016
2008093006,18.1,0,0.7,6.6,83.2,1015.7
2008093012,21.9,0,2.4,48.4,67.7,1013.3
2008093018,18.9,0,1.1,354.2,82,1012.3
2008100100,15.9,0,0.2,3.3,92.8,1011.8
2008100106,20.5,0,3.2,20.7,73,1013.1
2008100112,23.2,0,4.6,56.6,58.8,1013.8
2008100118,19.6,0,2.1,21.6,70.7,1016.1
2008100200,15.4,0,0.5,319.8,86.2,1016.9
2008100206,17.9,0,1.3,39.6,73.8,1018.2
2008100212,22.5,0,3,90,51,1016.9
2008100218,17.2,0,0.8,16.3,72.8,1017.3
2008100300,14.1,0,0.3,332.1,87.7,1016.5
2008100306,17.3,0,0.8,230.8,76.2,1016
2008100312,25.3,0,2.5,180.9,51.7,1013.6
2008100318,20,0,1.4,245.3,79.2,1014.2
2008100400,16.4,0,2.2,280,85,1014.7
2008100406,20.1,0,1.6,330,70.8,1015.1
2008100412,24.2,0,3.1,83.9,64,1013.5
2008100418,20.8,0,1.6,28.5,83,1014.6
2008100500,19.1,0,0.8,323,89.3,1014
2008100506,19.9,0,0.7,344.5,86.5,1013.4
2008100512,22.7,0,2.1,38.4,73.8,1011.2
2008100518,19.1,0.4,1.3,357.5,87.7,1011.6
2008100600,17.7,0,1.3,334.5,93.2,1011.1
2008100606,19.7,0,1.2,250,78.3,1011.8
2008100612,23.8,0,2.2,79.8,58,1011.4
2008100618,20,0,1,23.7,77.7,1013.7
2008100700,16.3,0,0.6,316.2,80.6,1014.7
2008100706,17.8,0,1,352.6,73,1016.5
2008100712,22.3,0,1.6,355.8,56.8,1015.6
2008100718,18.1,0,1.8,351.6,76.8,1017.9
2008100800,15.3,0,1.3,298.7,86.2,1018.8
2008100806,18.5,0,1.6,343.7,75.2,1020.1
2008100812,22.4,0,3,63.4,61.7,1018.8
2008100818,18.7,0,0.8,12.8,79.3,1020.4
2008100900,16.2,0,0.2,335.9,91,1021.1
2008100906,18.2,0,0.6,11.9,82.3,1023.2
2008100912,24.4,0,2.9,125,54.2,1021.4
2008100918,19.4,0,1.2,247.1,81.7,1021.6
2008101000,16,0,0.8,297.3,92.5,1020
2008101006,18.7,0,0.6,305.7,81.8,1018.5
2008101012,23,0,1.5,227.6,61.8,1016
2008101018,19.8,0,1.2,353.6,75.7,1016
2008101100,16.8,0,2.3,350,70,1017
2008101106,16,0,2.1,6.6,59,1019.3
2008101112,20.2,0,3.3,46.9,50.8,1018
2008101118,15.3,0,1.5,327.3,71.2,1019.4
2008101200,12,0,0.6,317.6,86.3,1019.5
2008101206,14.7,0,0.7,326.9,75.7,1019.2
2008101212,20.7,0,2.1,136.9,50.8,1017
2008101218,16.1,0,0.6,0,70.5,1017.2
2008101300,12,0,0.9,304.7,84.8,1017.6
2008101306,15.1,0,1.2,228.7,64.7,1018.4
2008101312,22.5,0,2.2,174.3,41.3,1016.6
2008101318,17.5,0,0.9,248.7,67,1017.8
2008101400,13.9,0,0.4,348.7,82.8,1018.3
2008101406,16.4,0,1.1,355.4,66.2,1018.9
2008101412,23.5,0,1.9,232.9,34.8,1017.7
2008101418,16.7,0,0.5,307,59.7,1020
2008101500,12.5,0,1,269.7,73.7,1021.6
2008101506,16.1,0,1.3,296,62.8,1023.3
2008101512,24.1,0,2.2,128.2,33.3,1022.2
2008101518,16.9,0,0.8,262.1,65.8,1023.7
2008101600,12.4,0,0.3,334.8,81.2,1024.1
2008101606,15.3,0,0.7,226.7,71.7,1024.8
2008101612,23.9,0,2.5,127.1,48.8,1023.1
2008101618,18,0,0.9,289.3,78.7,1024
2008101700,14.3,0,0.3,348.6,90,1023.5
2008101706,17,0,0.4,308.3,75.5,1024.5
2008101712,24.7,0,1.8,63.4,46.3,1022.9
2008101718,17.8,0,1,359.3,69.8,1024.4
2008101800,13.7,0,0.2,0,90.5,1024.3
2008101806,16.8,0,0.4,303.1,77.2,1024.8
2008101812,24.8,0,2.6,83.5,44.3,1022.9
2008101818,17.4,0,1.1,346,71.5,1023.7
2008101900,13.2,0,0.5,310.4,83.7,1023.1
2008101906,16.5,0,0.7,211.4,75.7,1022.2
2008101912,23.8,0,1.3,71.1,50.5,1019.1
2008101918,18.6,0,1.1,338,78.3,1019.4
2008102000,16.1,0,1,354.2,81.8,1019.2
2008102006,17.8,0,0.7,6.5,73.2,1020.3
2008102012,22.7,0,4.2,76.8,60.2,1019.3
2008102018,18.2,0,1.5,336.6,80.7,1020.7
2008102100,14.5,0,0.5,318.7,93.3,1021.2
2008102106,16.9,0,0.8,303,82.5,1022.1
2008102112,22,0,2.8,86.6,63.7,1020.2
2008102118,18.6,0,0.8,18.3,80.7,1020.2
2008102200,17.2,0,0.4,334.8,88.2,1019
2008102206,17.9,1,1,13.5,86.3,1019
2008102212,17.5,1,1.2,11.5,81.5,1016.6
2008102218,16,0.5,1.5,274.4,94.5,1015.4
2008102300,16.4,0.1,0.4,333.4,96.7,1013.3
2008102306,17.8,5.4,0.8,313.3,98.7,1012.8
2008102312,21.1,1,1.5,203.1,95.3,1010.7
2008102318,20,0,0.9,293.5,96.5,1011.1
2008102400,18.5,0,3.3,298.7,81,1012
2008102406,15.8,0,5.3,333.2,57,1016.8
2008102412,19.8,0,2.9,321.8,41.2,1017.2
2008102418,15,0,2.4,3.4,55.5,1020.5
2008102500,11.1,0,1.9,353.9,54.2,1023.1
2008102506,10.9,0,1.1,223.6,56.8,1023.4
2008102512,16.4,0,2.4,206.6,42.8,1019.7
2008102518,14.2,0,3.3,209.9,60.2,1018.2
2008102600,14.8,0,1.6,145,68.2,1016.4
2008102606,16.3,0,1.6,207.6,64.3,1015.6
2008102612,20.3,0,4.9,250,34.8,1012.5
2008102618,14.2,0,1.6,299.8,45.7,1015.1
2008102700,10.6,0,0.9,281.9,63.3,1017
2008102706,12.9,0,1.6,314.4,57.3,1018.3
2008102712,16.1,0,4.3,298.1,39.5,1016.5
2008102718,11.9,0,1.4,279.6,57,1017.3
2008102800,9.9,0,2.3,292.4,68.3,1016.7
2008102806,10.9,0,2.1,249.5,65.8,1017.2
2008102812,18.5,0,2.9,257.5,35.8,1014
2008102818,14.9,0,2.5,343.4,50.3,1014.2
2008102900,12.8,0,2.4,329.8,53.3,1014.9
2008102906,14.3,0,2.5,343.1,53.7,1016.9
2008102912,18.1,0,2.5,340,41,1015.9
2008102918,13.9,0,0.7,307.6,61.8,1017.8
2008103000,11.5,0,0.3,330.5,75.3,1018.8
2008103006,13.1,0,2,304.2,61.3,1020.6
2008103012,18.5,0,2.7,326.1,36,1019.5
2008103018,13.2,0,0.8,286.6,53.5,1020.9
2008103100,9.9,0,0.7,304.7,67,1020.3
2008103106,12.1,0,1.1,249.4,62.7,1018.7
2008103112,18.2,0,2.7,215,42.3,1015.3
2008103118,14.4,0,1.9,317.8,62.3,1016.9
2008110100,10.5,0,1.7,339,68.3,1018.8
2008110106,12,0,1.1,255.8,62.3,1019.7
2008110112,17.8,0,2.4,173.5,37.7,1016.4
2008110118,12.7,0,1.6,266.1,56.2,1015.6
2008110200,9.1,0,0.5,313.4,75.2,1015.5
2008110206,11.9,0,0.4,301.8,71.3,1016.1
2008110212,19.7,0,3.5,223.5,42.5,1013
2008110218,15.9,0,1.9,264.1,62.5,1013.9
2008110300,12.3,0,0.2,359.1,69.8,1014.9
2008110306,12,0,0.4,303.9,64.2,1016.4
2008110312,18.5,0,2.5,220.4,43.8,1014.3
2008110318,14.1,0,1.3,276.3,62.2,1016.3
2008110400,10.9,0,2.2,356.6,46.8,1019.5
2008110406,10.8,0,2.8,16.9,36.3,1021.5
2008110412,17.6,0,2.4,29.6,21.3,1020.4
2008110418,11,0,0.4,341.6,50.5,1022.5
2008110500,6.7,0,0.2,348.6,63.7,1021.8
2008110506,10.1,0,0.5,303.9,55.3,1022
2008110512,19.8,0,1.5,160.7,37.7,1018.9
2008110518,13.3,0,1.2,278.5,63,1019.1
2008110600,9.6,0,0.3,348.7,75.8,1018.7
2008110606,13.1,0,0.3,8.6,71.2,1018.5
2008110612,20.9,0,2.7,184.8,65.5,1015.4
2008110618,17.8,0,1.7,219.5,81.3,1015.1
2008110700,15.4,0,0.8,300.7,90.8,1014.6
2008110706,16.4,0,1.2,330.5,82.7,1016.6
2008110712,18.2,0,2.3,50,45.3,1017.2
2008110718,15.5,0,0.8,350,63.8,1018.3
2008110800,13.1,0.1,1.1,285.6,78.8,1018
2008110806,12.8,0.3,3.2,29.1,88,1018.9
2008110812,11.7,1.6,3.1,34.5,91.8,1020.1
2008110818,11.1,1.5,2.5,21.6,90.2,1021.8
2008110900,10.3,1,2.1,0,87.5,1021.7
2008110906,11.1,0.5,1.9,322.3,82.3,1021.7
2008110912,12.9,1,2.2,21.6,76.8,1021
2008110918,9.9,0,1.3,334.9,87.5,1023.2
2008111000,7.8,0,1.3,310.9,90.3,1024.4
2008111006,10.6,0,2.7,353.2,78,1026.4
2008111012,12.8,0,4,35,65.7,1026.1
2008111018,10.4,0,2.9,10,73.7,1027.7
2008111100,9.8,0,2.4,356.6,69.5,1027.4
2008111106,11.7,0,3.5,19.7,56.7,1027.4
2008111112,14.3,0,3.4,48.4,54,1025.4
2008111118,11.4,0,3,350,70.2,1025.2
2008111200,8.8,0,0.7,272.6,83.3,1024.3
2008111206,11.6,0,0.6,18.9,74.2,1024.5
2008111212,16.9,0,2.8,70,50.5,1022.6
2008111218,11.6,0,1,316.6,77,1023.8
2008111300,8.7,0,0.5,338.1,89.5,1023.9
2008111306,11.8,0,0.7,224.8,79.8,1024.8
2008111312,18.5,0,2.4,113.2,51.8,1022.8
2008111318,13.2,0,0.6,355,75.2,1022.8
2008111400,9.1,0,0.2,348.7,89.5,1022.5
2008111406,11.4,0,0.9,223.6,78.5,1022.9
2008111412,17.5,0,2.4,75.6,53.3,1021.3
2008111418,13.2,0,1.1,353.1,75.5,1021.9
2008111500,10.4,0,0.2,332.3,85.5,1020.5
2008111506,12.8,0,0.4,350.6,78.3,1019
2008111512,19.2,0,3.4,175.1,56.3,1014.5
2008111518,14.2,0,0.9,299.2,73.7,1014
2008111600,12.7,0,1.1,4.3,68,1014
2008111606,13,0,2.2,350,68.5,1015.8
2008111612,16.5,0,2.4,2.6,48.2,1014
2008111618,11.4,0,1.7,18.2,57.7,1015
2008111700,8.4,0,3.5,4.4,45.8,1016.1
2008111706,8.7,0,3.8,350.2,35.8,1017.9
2008111712,12.5,0,4.5,321.8,31.8,1016.3
2008111718,9.3,0,1.3,300,45.8,1016.9
2008111800,5.2,0,3.8,339.6,50.7,1018.6
2008111806,1.7,0,5.7,318.4,29.8,1021.8
2008111812,5.6,0,3.8,293.2,22.3,1020.8
2008111818,3.3,0,2.9,332.4,36.3,1021.2
2008111900,0.3,0,3.3,333.4,46.7,1022.4
2008111906,-0.2,0,2.7,326.6,33.8,1025
2008111912,3.7,0,4.8,310.1,24.7,1023.9
2008111918,0.8,0,3.2,302.9,35.2,1026.2
2008112000,-0.8,0,4.2,305.5,44.3,1026.7
2008112006,1.5,0,2.4,125,49.2,1026.7
2008112012,8.2,0,4.9,253.3,37.2,1023.2
2008112018,5.5,0,1.5,215,53,1022.4
2008112100,6.8,0,2.4,211.8,61,1021.1
2008112106,7.9,0,2.5,278.1,59.2,1022.1
2008112112,11.4,0,6.2,289.3,29,1022.9
2008112118,6.2,0,2.7,336.7,32.3,1027.3
2008112200,2.1,0,1.2,7.3,44.7,1028.3
2008112206,3.7,0,0.8,350.6,45.5,1028.9
2008112212,11.5,0,2.2,298.7,26.3,1025.2
2008112218,8.7,0,1.2,330.6,45.5,1024.9
2008112300,8.7,0,1.8,12.4,56.5,1024.7
2008112306,10.1,0,2,18.2,59.3,1025.7
2008112312,14.4,0,2.5,36.4,35.2,1023.8
2008112318,9.6,0,0.8,343,58.3,1024.6
2008112400,8.4,0,0.3,0,65.3,1022.8
2008112406,8.1,3.5,0.7,341.6,84,1020.2
2008112412,9,6.5,3.1,340,87.3,1018.8
2008112418,6.6,0.5,2.1,350,84.7,1021.7
2008112500,4.8,0,1.1,268.5,88.3,1022.2
2008112506,5.8,0,1,241,82.2,1023.4
2008112512,11.2,0,3,342,56.3,1023.2
2008112518,6.7,0,1.1,334.9,74.8,1025.7
2008112600,3.3,0,0.4,321,89,1026.5
2008112606,4.8,0,1.1,271.3,81,1027
2008112612,11,0,2.9,41.5,49.8,1024.3
2008112618,7.2,0,1.2,329.5,61.3,1024.1
2008112700,4.2,0,0.4,322,74,1022
2008112706,4.9,0,0.5,319.6,74.2,1019
2008112712,10.4,0,1.4,288.4,50.3,1014.9
2008112718,7.3,0.2,1.7,289.3,70.8,1013.9
2008112800,6.1,0,3.4,332.9,75.2,1013.1
2008112806,7,0,4.2,310.1,67.7,1014.5
2008112812,11.6,0,3.6,357.2,54.2,1016.2
2008112818,7,0,1.4,336.3,72.8,1018.7
2008112900,3.8,0,1,291.3,80.8,1017.9
2008112906,6.6,0,3.1,241.1,64.7,1015.5
2008112912,9.9,0,6.8,259.8,40.8,1013.4
2008112918,4.2,0,3.2,321.8,46.2,1020.7
2008113000,2.8,0,3.7,296.6,50.5,1024.5
2008113006,3.7,0,2.2,354.3,43.5,1027.3
2008113012,9.5,0,2.8,356.6,28.3,1027.1
2008113018,4.2,0,0.7,324.9,47,1028.2
2008120100,0.5,0,0.3,350,66.2,1027.5
2008120106,2.6,0,0.4,295.6,65.5,1027
2008120112,12.4,0,2.8,227.4,29.8,1022.8
2008120118,7.1,0,0.6,320.4,56.5,1022.3
2008120200,4.1,0,0.1,0,77.7,1021.1
2008120206,7,0,0.2,355.2,75.5,1020.6
2008120212,16.2,0,2.8,220,37.3,1018.5
2008120218,9.3,0,0.5,333.4,61.3,1019.6
2008120300,5.1,0,0.5,297.3,80.3,1020.6
2008120306,6.8,0,0.2,0,71.7,1022.5
2008120312,14.6,0,1.7,93.9,44.3,1021.5
2008120318,10,0,1.2,319.6,72.3,1022.6
2008120400,8.2,0,0.8,305,79.2,1021.2
2008120406,11.3,0,1.5,261.7,71.2,1019.1
2008120412,16,0,4.4,215,65.5,1015.4
2008120418,11.7,0,3.8,302.9,59.2,1015.9
2008120500,6.1,0,5.1,323.9,46.2,1017.6
2008120506,3.1,0,3,5.1,50.3,1021
2008120512,1.5,0,5.5,322.3,42.5,1020.9
2008120518,-3.5,0,2,301.8,40.2,1025
2008120600,-6,0,2.3,313.4,44.2,1026.5
2008120606,-5.6,0,2.9,331.3,36.2,1028.9
2008120612,-0.9,0,4.3,320,24.8,1028.7
2008120618,-2.8,0,1.5,294.7,37.8,1030.5
2008120700,-4.9,0,0.6,341,54.7,1030.8
2008120706,-2.9,0,1.1,252.4,58.7,1030.8
2008120712,5.3,0,2.1,250,39.7,1027.5
2008120718,2.2,0,1,305,55.3,1027.6
2008120800,-1.1,0,0.2,359.2,74.3,1025.5
2008120806,1.5,0,0.4,340.5,78,1023
2008120812,11.8,0,3.3,248.9,48,1019.5
2008120818,6.8,0,0.8,23.4,60.5,1020.3
2008120900,1.9,0,0.3,348.7,81.2,1020.2
2008120906,4.2,0,0.2,348.6,74.8,1021.2
2008120912,15,0,2.7,253.3,24.7,1018.9
2008120918,7.9,0,0.8,301.5,41.3,1020.3
2008121000,3.5,0,0.3,332.1,60.3,1020.6
2008121006,6.3,0,0.3,11.4,63.8,1020.9
2008121012,17.1,0,3.2,243.4,42,1018.2
2008121018,11.7,0,1.3,281.6,68,1018
2008121100,9.7,0,0.9,316.2,82.2,1014.7
2008121106,12.6,0,2.2,238.4,68.7,1013.8
2008121112,12.7,0,3.2,307.8,45.2,1014.8
2008121118,7.1,0,1.7,34.5,53.8,1017.9
2008121200,3.5,0,3.7,354.1,55.7,1020.2
2008121206,4.9,0,2.1,4,50.8,1022.7
2008121212,10.7,0,2.4,85.7,39.3,1021.3
2008121218,6.1,0,0.9,282.6,60.3,1022.5
2008121300,4.7,0,0.8,310.9,59.8,1021.7
2008121306,6.2,0,1.1,10,58,1022.3
2008121312,10.9,0,2.6,5,44.5,1019.6
2008121318,7.7,0,2.2,15,48.3,1020.1
2008121400,3,0,4,356.6,28.5,1019.5
2008121406,2,0,2.1,346.8,39.5,1020.2
2008121412,6.6,0,3.8,338.1,25.2,1018.9
2008121418,3.2,0,4.2,333.4,20.8,1020.9
2008121500,2.3,0,3.7,350,41.7,1021.8
2008121506,3.8,0,2.6,12.4,52.2,1022.7
2008121512,8.6,0,3.3,307.1,40.7,1022.2
2008121518,4.1,0,1.2,329.3,58.7,1024.6
2008121600,0.4,0,1.2,285.2,73.7,1025
2008121606,2.7,0,1.2,261.3,64.3,1025.3
2008121612,11.6,0,1.4,237.7,27.5,1022.2
2008121618,5,0,0.3,330.5,44.7,1022.8
2008121700,0.3,0,0.2,348.6,62.8,1022.5
2008121706,2.2,0,0.8,227.2,61.7,1021.5
2008121712,12.6,0,2.9,217.9,41.8,1018
2008121718,8.6,0,1.1,301.8,61.3,1017
2008121800,6.2,0,2.3,336.6,59.7,1017.1
2008121806,4.8,0,3,353.5,41.5,1020.3
2008121812,9.2,0,3.2,350.5,23.7,1020.1
2008121818,4.6,0,1.6,353.5,29,1022.2
2008121900,0.7,0,0.8,306.5,41.5,1022.5
2008121906,1.1,0,1.5,266,44.5,1022.6
2008121912,11.1,0,2.9,232.7,15.3,1020
2008121918,4.7,0,0.7,315,30.5,1021.2
2008122000,2.5,0,0.7,355.7,52.8,1020.6
2008122006,9.4,0,2.4,208.7,64.5,1019.5
2008122012,11.3,0,3.6,336.6,71,1018.7
2008122018,7.9,0,1.5,353.9,68.5,1021.1
2008122100,6.2,0.3,1.1,311.2,88.2,1020.6
2008122106,4.4,0.2,2.1,7.9,90,1021
2008122112,2.7,9.5,2.1,23.7,93.2,1020.5
2008122118,2.3,0.5,1.3,14.7,86.5,1021.6
2008122200,1.1,0,4.4,330,66.7,1022.3
2008122206,-0.2,0,5.5,315,54.7,1024.7
2008122212,1.8,0,5.4,333.2,38.5,1025.2
2008122218,-0.6,0,3.5,346.6,38.3,1026.8
2008122300,-1.7,0,1.6,323,55.7,1026.4
2008122306,-0.1,0,1,306.7,61.5,1027.7
2008122312,5.1,0,4.2,346.4,45.7,1026
2008122318,1.8,0,1.5,299.1,58.3,1026.4
2008122400,-1.1,0,1,291.3,71.8,1025
2008122406,0.7,0,0.9,271.4,69.7,1023.4
2008122412,5.8,0,1.2,89.1,51.3,1019.3
2008122418,2.9,0,0.3,344.4,65.8,1018.5
2008122500,0.6,0,1,316.2,75.3,1015.8
2008122506,4.4,0,2.3,287.3,57,1015.4
2008122512,5.7,0,6.1,301.8,28.7,1017.2
2008122518,1.1,0,2.2,323.1,29.7,1022.2
2008122600,-2.1,0,3.3,331.1,36.8,1024.9
2008122606,-2.3,0,3,13.4,33.8,1027.2
2008122612,3.7,0,2.9,340,20.3,1025.8
2008122618,0.3,0,2,353.5,22.7,1026.6
2008122700,-3,0,2.1,28.5,30.5,1026
2008122706,-1.7,0,1.6,34.4,28.2,1026.4
2008122712,6.4,0,2.8,4.4,18.2,1023.5
2008122718,2.7,0,3,340.6,33.5,1024.3
2008122800,1.7,0,5.4,308.2,52.8,1024.1
2008122806,2.1,0,1.7,16.9,57,1024.2
2008122812,7.6,0,1.2,70.8,39.7,1021.7
2008122818,4.9,0,0.4,0,52.8,1021.5
2008122900,3.4,0,0.3,348.7,59.7,1019.5
2008122906,4.1,0,0.8,324.9,56.2,1018.7
2008122912,9.5,0,2.7,281.5,40.8,1016.5
2008122918,5.4,0,1.8,328.4,56.3,1019
2008123000,1.3,0,0.4,339.4,66.8,1019.5
2008123006,1.6,0,1.8,334.3,61.8,1020.9
2008123012,4.1,0,3.7,288.2,41.8,1019.7
2008123018,0,0,3.5,328.5,44.8,1022.2
2008123100,-3.1,0,2.6,356,55.2,1023.3
2008123106,-3.2,0,3.1,20.2,52.2,1023.4
2008123112,2.5,0,4,332.1,27.7,1020.1
2008123118,-0.8,0,3.3,323.3,36.5,1020.7
2009010100,-3.4,0,3.4,331.9,50.3,1020.9
2009010106,-4.5,0,3.5,334.9,42.8,1022
2009010112,1.1,0,4.3,330,31.3,1021
2009010118,-1.6,0,2.3,3.4,37.2,1024
2009010200,-3.7,0,1,13.6,45.3,1024.8
2009010206,-2.1,0,2.3,357,44.3,1026.7
2009010212,5.5,0,3.1,29.9,28.8,1025.5
2009010218,1.1,0,1.8,10,40.2,1027.4
2009010300,-1.5,0,0.6,346.4,48.7,1027.6
2009010306,-0.7,0,0.9,218.9,45.3,1028.4
2009010312,8.3,0,2.4,41.6,20.3,1025.4
2009010318,2.6,0,0.7,274.1,36.5,1026
2009010400,-0.5,0,0.8,275.3,46,1025.5
2009010406,0.2,0,0.9,269.7,45.5,1025.6
2009010412,7,0,2.2,21.3,24.3,1023.3
2009010418,2.6,0,1.2,357.3,36,1023.8
2009010500,0.1,0,0.9,276.7,48.7,1023.9
2009010506,2.6,0,2.2,356.9,38.3,1024.3
2009010512,7.4,0,3.8,328.8,28.8,1022.3
2009010518,2.1,0,3,1.9,50.8,1025.3
2009010600,-1.3,0,0.9,323.5,61.3,1026.7
2009010606,0.1,0,0.7,331.8,56.8,1027.6
2009010612,8.3,0,1.1,325,38.5,1025
2009010618,4.4,0,1.1,330.6,38,1025.9
2009010700,3,0,0.7,358.9,35,1025.6
2009010706,3.1,0,1.2,357,33.3,1026.7
2009010712,8.9,0,2.5,6.8,36.5,1025.1
2009010718,3.7,0,1.4,282,41.8,1027
2009010800,0.1,0,0.5,311.7,46.2,1026.8
2009010806,0.8,0,1,255.9,45.3,1026.8
2009010812,8.8,0,2.5,40.4,24.7,1023.1
2009010818,4,0,1.7,12.8,31.5,1023.3
2009010900,-0.2,0,2,29.9,35.2,1021.8
2009010906,0.5,0,3.5,10.2,32.8,1020.5
2009010912,4.3,0,5.4,311.5,28.2,1017.5
2009010918,0.8,0,3,349.8,41.5,1017.8
2009011000,-2.2,0,5,330,49.5,1017.4
2009011006,-3.1,0,4.8,325.3,45,1018.7
2009011012,0.5,0,5.7,313.4,28.7,1017.4
2009011018,-2.1,0,4.6,318.4,33.8,1019.7
2009011100,-3.9,0,4.2,318.4,41.8,1020.9
2009011106,-3.4,0,1.5,28.4,44.2,1022
2009011112,2.7,0,3.3,253.4,36.5,1018.4
2009011118,-0.3,0,2.3,326.5,47.2,1018.9
2009011200,-3.8,0,3.8,288.2,43.5,1020.5
2009011206,-4,0,4.5,326.4,40.7,1023.3
2009011212,0.9,0,5.5,291.6,30.5,1021.8
2009011218,-2.3,0,5.5,308.2,45,1024.4
2009011300,-4.6,0,2.9,349.8,52.2,1026.8
2009011306,-4.2,0,3.6,331.9,41,1027.8
2009011312,2.4,0,2.7,353.9,26.8,1026
2009011318,-0.4,0,3.2,318.4,32.7,1026.7
2009011400,-1.6,0,2.2,335.5,45.7,1025.7
2009011406,-1.9,0,1.3,352.4,59.7,1025.7
2009011412,1.9,0,4.4,288.2,28.7,1024.9
2009011418,-2.7,0,3.3,331.3,24.8,1028.7
2009011500,-6.8,0,1.8,6.4,41.3,1030.3
2009011506,-5.7,0,2.5,328.1,35,1030.9
2009011512,2.5,0,2.7,332.1,14.3,1028.5
2009011518,-1.4,0,2.1,316.7,20,1029.3
2009011600,-3.4,0,1.2,330.6,40.2,1029.4
2009011606,-2,0,1.8,280,47.3,1029.6
2009011612,6.2,0,3.1,253.1,34,1026.1
2009011618,1.5,0,0.5,334.8,51.5,1028.2
2009011700,-2.4,0,0.2,353.6,69.2,1028.4
2009011706,-1.1,0,0.3,348.6,68,1028.5
2009011712,8.4,0,1.7,146.2,39.5,1025.3
2009011718,4.6,0,0.8,280.5,56.7,1025
2009011800,1.3,0,0.3,353.6,76.3,1022.8
2009011806,2.2,0,0.4,0,84.8,1019.2
2009011812,9.5,1,2.1,276.1,76.3,1013.7
2009011818,7,0,1,245.4,68.3,1014
2009011900,3.5,0,0.9,36.7,67.8,1016.9
2009011906,3.2,0,3,332.1,39.8,1022
2009011912,7,0,2.8,302.3,23.8,1021.8
2009011918,3.3,0,1.6,315,41,1022.3
2009012000,1.6,0,0.9,334.4,57.5,1023.8
2009012006,1.9,0,1,310.5,52.3,1024.1
2009012012,9,0,1.7,112.4,23.3,1022
2009012018,5.4,0,1,0,40,1022.8
2009012100,2.4,0,0.5,357.1,48.3,1021.5
2009012106,2.5,0,0.5,336.6,53,1021.3
2009012112,5.2,0.2,1.6,303.4,74.7,1019.5
2009012118,2.7,0,1.5,296.5,81.5,1019.9
2009012200,-0.1,0,0.7,284.3,83.5,1018.5
2009012206,1.1,0,0.7,277.4,73,1017.8
2009012212,9.8,0,1.2,250.1,45,1013.8
2009012218,4.7,0,1.1,284.6,59,1013.3
2009012300,1.8,0,1.5,265.6,69.3,1012
2009012306,0.7,0,3.6,8.7,54.3,1014.7
2009012312,-1.1,0,4.4,317.4,39.3,1017.4
2009012318,-5.1,0,4.9,321.8,39.3,1022.2
2009012400,-7.5,0,5,318.4,35.2,1023.8
2009012406,-5.9,0,2.5,260.2,39,1022.6
2009012412,-0.3,0,5.5,250,32,1017.7
2009012418,-2,0,3,253.4,40.3,1018.8
2009012500,-4,0,1.3,220.4,54.2,1020.8
2009012506,-2.8,0,1.6,246.8,55,1022.2
2009012512,3,0,4.2,263.2,32.5,1019.5
2009012518,0.3,0,2,270,42.5,1020.8
2009012600,-3.4,0,0.5,327.8,58.3,1022.2
2009012606,-2.2,0,0.9,334.8,61.8,1023.7
2009012612,3.9,0,3.5,263.2,36.5,1022.3
2009012618,0.2,0,0.9,334.3,55.8,1024.8
2009012700,-2.6,0,0.7,5,67,1028.2
2009012706,-1.6,0,2,338.7,52.5,1030.8
2009012712,4.9,0,2.7,74.8,28.2,1028.6
2009012718,0.3,0,0.6,14.1,52.5,1029.1
2009012800,-3,0,0.1,0,66.7,1029.2
2009012806,-0.6,0,0.3,280,63.5,1029
2009012812,9.9,0,2.2,106.1,49.7,1026.4
2009012818,4.4,0,0.9,14.5,74,1026.6
2009012900,-0.1,0,0.2,355.2,88.7,1025.8
2009012906,1.4,0,0.3,0,85.3,1024.6
2009012912,6.1,0,0.5,39.8,76.5,1022.6
2009012918,5.3,1.5,0.8,293.5,94.7,1022.2
2009013000,6.2,1,1.5,348.7,95.5,1019.5
2009013006,8.1,7,2.8,0,91.2,1017.9
2009013012,8.7,1,5.4,10,85.2,1014.9
2009013018,8.4,0,5.8,0,84,1015.5
2009013100,7.8,3,4.2,6.8,87.3,1017.2
2009013106,8.1,0,3.9,13.4,67,1021.3
2009013112,7.3,0,5.6,16.9,64.8,1023.1
2009013118,4.5,0,2,6.8,80.8,1027.2
2009020100,2.7,0,1.1,331.3,83.8,1028.8
2009020106,3.8,0,1.4,5,78.7,1030.5
2009020112,8,0,3,51.8,60.5,1029.3
2009020118,5.2,0,0.5,358.4,77.7,1029.9
2009020200,2.5,0,0,0,88.3,1028.3
2009020206,4.2,0,0.3,348.7,80.8,1027.5
2009020212,13.3,0,2.6,128.2,50.8,1023.4
2009020218,9.2,0,1,324.3,72,1022.8
2009020300,6.4,0,0.3,359.2,80.5,1021.9
2009020306,7.8,0,1.9,16.2,75.5,1021.8
2009020312,9.3,0,4,29.9,66.7,1021
2009020318,7.7,0,2,353.1,76,1022.6
2009020400,5.1,0,0.4,330.5,87.5,1022.7
2009020406,6.2,0,0.2,350,83.5,1023.1
2009020412,11.6,0,2.9,133.8,60.2,1020.3
2009020418,8.6,0,1.4,284.1,75,1020
2009020500,4.2,0,0.5,315,90.8,1019.7
2009020506,5.8,0,1.4,339.5,70.7,1020.2
2009020512,12.8,0,4.4,313.8,36,1019
2009020518,8,0,2.2,330.7,54.5,1022
2009020600,4,0,0.6,341.1,70.3,1023.9
2009020606,4.7,0,0.7,263,70,1025.4
2009020612,10.5,0,2.7,121.8,58.8,1023.3
2009020618,7.9,0,1.4,241.2,69.5,1022.2
2009020700,3.3,0,0.2,11.4,86.7,1021.5
2009020706,6.1,0,3,322.3,63.5,1021.2
2009020712,12.3,0,4.9,318.4,37.5,1018.9
2009020718,8.7,0,3,357.7,49.5,1020
2009020800,5.3,0,2,359.5,65,1022.4
2009020806,5.3,0,1.2,329.3,63,1024.8
2009020812,11.4,0,2.8,98.1,49,1022.6
2009020818,7.4,0,0.8,268.6,67.2,1021.4
2009020900,4.8,0,0.2,348.7,78,1019.4
2009020906,5.6,0,0.7,328.1,69.3,1017.1
2009020912,8.9,0,2.2,237.4,50,1013
2009020918,7.2,0,3.5,333.4,40.3,1013.3
2009021000,4.7,0,3.1,333.4,55.5,1015.3
2009021006,5.2,0,3.2,335,58.3,1015.8
2009021012,10.6,0,2.5,111.4,43,1013.6
2009021018,6.3,0,1.6,10.3,58.5,1012.2
2009021100,1.8,0,1.1,297.3,70.3,1011.6
2009021106,2.6,0,0.8,235.3,70.3,1011.6
2009021112,13.9,0,1.6,266.6,36.5,1009.2
2009021118,10.5,0,2,0.6,39.2,1011.7
2009021200,3.9,0,1.1,259.5,61.7,1014.6
2009021206,4.2,0,0.3,2.7,62.5,1016.2
2009021212,14.5,0,3.4,149.6,46,1013.4
2009021218,13.3,0,2.8,211.6,67.2,1011.3
2009021300,14.8,0.1,4.4,191.2,86,1008
2009021306,15.7,3.4,6,186.6,89.3,1002.3
2009021312,17.6,5.5,5.8,200,84.7,996.8
2009021318,17.1,0,4.2,206.6,79.5,997
2009021400,13.1,0.5,3.8,348.4,70.5,1002.7
2009021406,8.9,0,2,37.1,67.5,1009.8
2009021412,15.3,0,2,66.1,42.8,1010.5
2009021418,10.4,0,1,25,73.8,1013.2
2009021500,6.1,0,0.8,256.3,68.3,1015.1
2009021506,6.9,0,0.8,288.2,63,1016.6
2009021512,9.5,0.2,3.4,330,50,1017.2
2009021518,5,0,2.8,338,38.2,1018.9
2009021600,-0.1,0,4.8,315.1,34.3,1022
2009021606,-1.4,0,6.7,330,27,1024.9
2009021612,2.8,0,4.6,321.5,18,1025.1
2009021618,-0.6,0,3.1,320.3,22.2,1027.1
2009021700,-3.3,0,1.9,327.2,34.8,1029.1
2009021706,-3.1,0,1.8,7.9,36.7,1030.1
2009021712,4.7,0,2.4,347,16.7,1027.7
2009021718,1.2,0,2,325.4,21,1026.8
2009021800,-0.1,0,2.8,311.2,21.5,1026.5
2009021806,0.4,0,3.1,339.6,23.2,1026.8
2009021812,6.4,0,3.3,328.8,30,1024.9
2009021818,2.9,0,1,342.9,41,1025.4
2009021900,0.8,0,1.4,23.2,50.5,1025.7
2009021906,2,0,1.2,278.7,50.7,1025.5
2009021912,6.5,0,1.3,13.2,67,1019.7
2009021918,3.5,7,1.6,250,95.3,1014.5
2009022000,3,4,1.5,309.5,93.8,1009.6
2009022006,4.8,0,3.8,312.3,65.5,1010.9
2009022012,5.8,0,6.2,284.7,40.5,1012.2
2009022018,1.3,0,2.3,327.8,44.3,1017.2
2009022100,-2.6,0,2.3,2.4,48,1021.1
2009022106,-1.6,0,2.2,46.8,48.5,1022.8
2009022112,7.2,0,3.3,139.3,30.5,1019.4
2009022118,4.2,0,1.7,230.3,39.3,1018.5
2009022200,2.8,0,1.1,340.7,63.8,1017.6
2009022206,4.3,0,0.8,15.8,84.2,1016.6
2009022212,4.8,12.5,2.2,21.6,93.3,1013
2009022218,5.5,5.5,1.2,356.6,95.3,1012
2009022300,6.3,0,2.7,353.2,83,1013.2
2009022306,7.4,0,2,3.4,77.8,1016.8
2009022312,9.7,0,3,66.7,72.8,1018.5
2009022318,9.1,0,3,80,68.2,1019.9
2009022400,7.9,0,1.5,42.6,69.3,1018
2009022406,8.1,0,1.3,284.4,71.8,1018.3
2009022412,13.1,0,2.5,150,57,1014.9
2009022418,10.6,0,1.5,245.7,77.5,1014.7
2009022500,8.7,1.4,0.6,328.1,93.7,1012.8
2009022506,8.8,0.5,1.9,338.1,89.3,1015.2
2009022512,13.1,0,2.6,349.8,58.2,1015.6
2009022518,9.6,0,2.1,59.6,78.7,1018.6
2009022600,6.5,0,0.9,335.9,78.5,1020.6
2009022606,6.3,0,1.7,7.7,43.2,1022.5
2009022612,9.7,0,2.2,20.2,57.3,1021.2
2009022618,8.3,0,1.2,293.9,76.5,1020.8
2009022700,7,6,0.9,311.7,97.2,1019.6
2009022706,6.3,2,1,353.5,77.2,1019.7
2009022712,8.4,0,0.8,38,59.7,1018.7
2009022718,7.5,0,1.1,322.9,69.7,1020.2
2009022800,4.1,0,0.8,261.6,87.5,1021.9
2009022806,5.4,0,0.7,26.9,79.8,1023.5
2009022812,10.7,0,3.8,83.4,53.7,1022.3
2009022818,7.6,0,1.4,344.9,68,1023.8
2009030100,4.6,0,0.2,0,82.5,1024.7
2009030106,6.3,0,2.6,0.3,49.2,1026.1
2009030112,12.6,0,3.2,43.4,24.2,1023.9
2009030118,7.3,0,0.9,300.8,48.8,1024.3
2009030200,3.3,0,2.5,2.4,43.2,1026.4
2009030206,3.9,0.1,3.1,10,81.8,1028.7
2009030212,5.3,0.4,3.5,45.1,72.2,1028
2009030218,4.6,0,2.5,11.5,65.2,1026.9
2009030300,3.7,0,1,332.1,73.7,1023.5
2009030306,3.8,1.5,2.5,343.3,90.3,1020.2
2009030312,5.7,1,2.8,339.1,88.7,1017.7
2009030318,4.7,0,1.4,356.7,86.2,1018.8
2009030400,3.9,0,1.4,0,82.7,1019.1
2009030406,4.8,0,0.9,30.2,76.7,1019.6
2009030412,10,0,2.7,70,64.7,1019.2
2009030418,7.3,0,1,24.7,80.5,1022
2009030500,4.6,0,0.1,0,92.3,1021.7
2009030506,7.2,0,1,8.6,85.8,1020.2
2009030512,11.2,0,3.3,106.1,63.2,1015.7
2009030518,7.8,4.5,0.9,327.9,95.2,1012.5
2009030600,7.9,2.5,2,353.5,92.2,1010.6
2009030606,7.2,0,5.8,323.3,62.3,1012
2009030612,9.8,0,6.1,305,36.5,1013.3
2009030618,6,0,4.2,315.1,24,1017.7
2009030700,1.5,0,4.9,9.7,36.3,1021.5
2009030706,2.5,0,2.6,329.1,35.2,1024.7
2009030712,10.3,0,2.9,329.6,23.5,1022.2
2009030718,7.4,0,1.1,257,42.5,1022.1
2009030800,5.4,0,1.3,323.4,49.3,1021.5
2009030806,7.6,0,0.6,302,40.7,1021.4
2009030812,13.8,0,4,143.3,40.5,1018.7
2009030818,9.6,0,1.6,226.1,55.3,1018.6
2009030900,5.9,0,0.8,325,72.7,1018.8
2009030906,8.6,0,1.6,328.4,41,1018.1
2009030912,14,0,1.5,190.3,29.3,1016.1
2009030918,9.7,0,0.7,49.5,59.8,1016.2
2009031000,7.5,0,2.3,0,59.8,1017.4
2009031006,7.5,0,2.9,335.4,46.8,1020.3
2009031012,13.6,0,3.2,303.4,21,1018.9
2009031018,8.5,0,1.8,51.8,45.8,1020
2009031100,5.4,0,1.9,17.3,36.7,1021.3
2009031106,5.4,0,1.8,335.6,37.2,1024.4
2009031112,10.9,0,2.2,102.8,38.2,1024.3
2009031118,7,0,1.2,2.1,61.7,1026.8
2009031200,3,0,0.4,342,79.7,1028.3
2009031206,6.2,0,1,27.9,67.8,1029.4
2009031212,12.3,0,4.2,135.1,43.2,1026.7
2009031218,10,0,1.3,60.6,47.2,1024.1
2009031300,8.2,0.5,1.1,336.3,77.2,1018.8
2009031306,10.7,13,3,171.5,95.3,1009.6
2009031312,13.8,3.5,5.3,263.8,77,1003.9
2009031318,7.8,0,4,327.6,56.7,1008.3
2009031400,1.6,0,5.7,313.4,39.3,1012.3
2009031406,0.3,0,6.9,305,38.2,1016.5
2009031412,6.8,0,6.9,294.9,26.3,1016.1
2009031418,4.7,0,1.8,334.2,31.2,1018.6
2009031500,2.2,0,2.3,346.1,36.2,1019.5
2009031506,4.3,0,1.1,253.3,35.7,1019.7
2009031512,13.2,0,4.1,211.8,19.5,1014.8
2009031518,9.1,0,4.1,217.1,51,1014.2
2009031600,7.7,0,1.4,163.1,60.5,1013.8
2009031606,10.1,0,2.2,248.6,58.3,1014.3
2009031612,18.1,0,5.8,221.5,40.5,1011.6
2009031618,14.4,0,2.5,260.4,60.3,1011.4
2009031700,10.9,0,1.2,308.9,51,1014
2009031706,11.4,0,0.8,233,48.5,1016.3
2009031712,20.4,0,4.8,190,25,1013.4
2009031718,16.2,0,4.4,209.9,43.3,1013.6
2009031800,14.9,0,3.2,218.4,69.5,1013.6
2009031806,17,0,3.5,201.6,71,1014.8
2009031812,20.1,0,5.9,233.3,61,1013.7
2009031818,18,0,4.1,204.9,72.3,1013.9
2009031900,16.4,0,2,225.1,81.5,1013.1
2009031906,18.1,0,2,203.2,78.3,1012.6
2009031912,20.4,0,2.7,175,74.7,1009.6
2009031918,15.4,0,3.2,83.5,81.8,1010.3
2009032000,9.7,0,4,26.6,78.5,1015.3
2009032006,9.4,0,4.4,40.1,59.3,1020
2009032012,10.7,0,4.2,66.7,56,1021.1
2009032018,7.8,0,1.9,64.9,69.3,1021.7
2009032100,4.5,0,0.5,300.7,84.8,1021.1
2009032106,7.8,0,0.5,335.4,75,1019
2009032112,15.6,0,3,153.1,53.5,1012.7
2009032118,15.2,0,3,163.1,73.2,1006.6
2009032200,13.8,7.5,4.2,173.6,94.5,998.4
2009032206,17.2,0.5,2.3,136.9,81.7,996
2009032212,17.4,0,4.1,353.9,67.5,999.8
2009032218,12.1,0,2.7,23.7,78.3,1008
2009032300,8.8,0,2.5,18.2,73.3,1013.3
2009032306,8.4,0,3.3,8.1,69,1016.8
2009032312,10.6,0,3.6,83.2,64.5,1015.8
2009032318,9.5,0,1.7,219.7,73.5,1016.1
2009032400,5.8,0,3.7,356.8,44.7,1017.4
2009032406,5.8,0,3.6,325,37.2,1018.6
2009032412,11.3,0,2.8,80.7,29.8,1016.5
2009032418,8.2,0,2.5,229.7,50,1015.3
2009032500,4,0,4.2,328.8,53.3,1015
2009032506,3.2,0,5.3,305,46,1017
2009032512,8.5,0,3.9,298.5,21.7,1015.4
2009032518,6.1,0,2.1,305,27.8,1016.8
2009032600,2.3,0,1.1,300,37.5,1017.5
2009032606,5.2,0,1.5,258.6,39.5,1018.4
2009032612,13.2,0,5.8,228.4,25,1015.3
2009032618,10.5,0,3.9,266.4,40.5,1016.5
2009032700,5.5,0,2.8,340,38.8,1020.2
2009032706,5.4,0,2.7,350.2,36.7,1022.9
2009032712,10.1,0,3.5,64.5,30.3,1021.6
2009032718,6.4,0,1.8,47.9,56.5,1022.5
2009032800,4.2,0,2,358,53.5,1022.3
2009032806,5.9,0,3.5,331.3,33.2,1021.8
2009032812,11.1,0,3.2,87.9,27.2,1019.9
2009032818,7.3,0,1.5,54.1,48.8,1021.9
2009032900,4.2,0,0.3,338.1,64,1022.5
2009032906,5.7,0,2.6,28.5,73.5,1024
2009032912,6.8,0,3.6,48.4,69.5,1024.9
2009032918,5.8,0,2,21.9,70.8,1027
2009033000,6,0,1.4,3.9,65,1027.3
2009033006,7.2,0,1.1,75.9,62.2,1027.8
2009033012,9.8,0,3.3,96.6,55.8,1025.7
2009033018,8.8,0,1.8,68.7,60.7,1024.9
2009033100,7.4,0,0.7,298.4,69.3,1023.6
2009033106,9.2,0,0.7,15.2,64.8,1022.2
2009033112,12.9,0,3.5,90.9,54,1019.7
2009033118,9.6,0,2.2,43.3,60.8,1019.6
2009040100,5.7,0,4.1,326.6,49.8,1019.7
2009040106,5.8,0,4.2,308.2,47.5,1020.6
2009040112,9.2,0,3.9,342.8,44.5,1019.6
2009040118,5.2,0,2.8,344.5,70.7,1022.7
2009040200,3.9,0,1.5,332.2,69.5,1024.3
2009040206,7.1,0,2.8,359.5,49.2,1025.8
2009040212,14.3,0,3.3,175.1,32.3,1023.2
2009040218,9.6,0,1.6,215.8,51.3,1023.3
2009040300,7,0,0.4,350.3,60.8,1023.2
2009040306,10,0,1.3,254.6,52.7,1022.7
2009040312,17.5,0,5.2,190.2,25.2,1018.9
2009040318,13.4,0,3.4,208.5,31.2,1019.2
2009040400,11.9,0,2.4,249.6,30.5,1018.5
2009040406,12.9,0,1.8,352.6,27.2,1018.2
2009040412,17.2,0,3.5,139.5,25.7,1015.5
2009040418,12.5,0,1.8,18.1,44,1016.7
2009040500,9.2,0,0.9,7.7,55.2,1016.7
2009040506,11.6,0,1.4,332.7,51.3,1017.1
2009040512,16.8,0,3.6,137.2,39.3,1015.1
2009040518,12.3,0,1.6,179.9,64.2,1015.7
2009040600,7.6,0,0.6,286.9,78.5,1015
2009040606,11.5,0,1.9,306.4,50.5,1014.2
2009040612,19.5,0,3.4,17.1,24.7,1011
2009040618,15,0,1.2,336.3,44.2,1012.2
2009040700,9.9,0,0.9,0,53.3,1014.4
2009040706,13.4,0,1.1,100,43.3,1016.2
2009040712,21.7,0,3.8,136.8,28.5,1015.2
2009040718,14.4,0,2.1,63.1,71.2,1017.1
2009040800,10.9,0,0.3,350,78.8,1019.1
2009040806,13.9,0,1.1,38.4,62.3,1020.7
2009040812,19.7,0,3,97.9,45.7,1019.1
2009040818,13.8,0,0.9,55,72.3,1021.1
2009040900,9.4,0,0.6,294.7,88,1022.6
2009040906,13.8,0,0.5,3.3,64.3,1023.4
2009040912,21.7,0,3.6,125,25.8,1021.4
2009040918,15.9,0,1,19.5,48.5,1021.4
2009041000,10.4,0,0.4,318.7,56.2,1021.2
2009041006,15.1,0,0.4,238.6,43.3,1021.7
2009041012,25,0,3.8,127.1,27.3,1018.7
2009041018,17.1,0,1.4,43.7,58.2,1018.8
2009041100,13,0,0,0,59.7,1019.5
2009041106,16.5,0,1.2,9.8,45,1020.3
2009041112,20.9,0,3.7,66.6,35.5,1018.8
2009041118,14.5,0,1.3,358.8,60.8,1018.7
2009041200,9.4,0,0.3,335.9,80.5,1017.8
2009041206,13.7,0,0.6,0,66.8,1016.2
2009041212,23.9,0,2.3,147.9,34.7,1011.4
2009041218,19.3,0,2.3,259.7,50,1011
2009041300,14.8,0,0.7,325,63.5,1010.6
2009041306,17,0,0.9,200,53.7,1009.6
2009041312,22.2,0,4.2,191.6,37.7,1005.7
2009041318,19.4,0,2.7,228.4,62,1005.7
2009041400,14.3,10,1.5,272.1,90,1005.2
2009041406,11.6,2,5.5,13.4,83.2,1006.9
2009041412,14,0,5.4,35,58.5,1006.5
2009041418,10,0,2,2,72.7,1007.7
2009041500,6.9,0,0.4,324.9,88.2,1007.7
2009041506,12.3,0,0.8,340.5,73.7,1007.7
2009041512,20.9,0,3.5,215,43.2,1004.8
2009041518,15.4,0,2.9,260,67.2,1006.1
2009041600,11.6,0,4,33.8,73.5,1011
2009041606,9.9,0.1,2.5,46.8,82.7,1014
2009041612,11.1,0,2.1,60,66.3,1012.7
2009041618,10.3,0,1.2,37.5,72,1012.9
2009041700,7,0,0.5,329.3,87.8,1014.3
2009041706,11.8,0,1,350.1,71.3,1016.1
2009041712,17,0,4,119.9,57,1014.8
2009041718,13.3,0,2,194.1,73.8,1014.9
2009041800,9.2,0,0.3,308.8,89.3,1014.6
2009041806,14.9,0,0.9,195.7,66.2,1015.3
2009041812,22,0,3.2,93.4,46.7,1013.2
2009041818,18.5,0,0.9,44.7,60,1014.5
2009041900,13.4,0,0.2,348.6,72.7,1016.6
2009041906,16.4,0,0.7,60.7,65.2,1016.8
2009041912,21,0,3.4,136.8,57.3,1014.4
2009041918,16,0,2.3,61.7,77.3,1014.6
2009042000,13.8,0,0.5,327.6,83.2,1012.5
2009042006,14,0.1,1.3,348,82.3,1009.8
2009042012,15.1,11.9,3,103.1,92.7,1004
2009042018,15.4,21,4.9,149.8,97.5,997.4
2009042100,15.3,0,2.7,160,89.3,996.1
2009042106,16,0,4.6,203.7,64.3,999.8
2009042112,19.4,0,5.2,253.4,39.3,1000.5
2009042118,14.5,0,3,253.4,44.5,1004.8
2009042200,13.1,0,5,260,44.8,1006.5
2009042206,16,0,4.4,250,36.3,1009.1
2009042212,21.4,0,6.4,290.2,21.8,1007.9
2009042218,16,0,3.8,351.9,36,1011.7
2009042300,9.9,0,2.4,357.3,56.5,1016.7
2009042306,12.2,0,2,35.8,54,1019.9
2009042312,15,0,4.9,79.8,50.8,1019.3
2009042318,12.6,0,3.1,62.3,66.2,1020.9
2009042400,11.6,0,1.7,59.8,71,1020.8
2009042406,12.6,0,1.6,55,71.2,1020.5
2009042412,13.4,0,3.4,76.5,71.3,1016.7
2009042418,12.1,5.5,1.1,19.4,86.5,1013.3
2009042500,11.2,10.5,0.8,325,97.7,1007.8
2009042506,12.8,1.5,0.8,340.5,92,1004.6
2009042512,17.8,0,4.9,308.2,50.2,1001.5
2009042518,11.1,0,4.7,305,52.7,1003.7
2009042600,9.6,0,5,308.2,60,1006
2009042606,11.1,0,2.7,329.6,54.2,1009.7
2009042612,12.8,0,2.8,127.1,52,1010.2
2009042618,10.5,0,1.1,325,71.2,1011.3
2009042700,8.7,0,1.1,311.3,82.5,1011.5
2009042706,11.8,0,1.2,5.7,62.8,1012.3
2009042712,15.3,0.3,3,107.1,44.2,1011.6
2009042718,12,0,2.7,260.4,66.8,1013.7
2009042800,8.4,0,0.9,261.7,78.5,1015.4
2009042806,13,0,1.6,253.4,58.8,1017.8
2009042812,19.2,0,3.6,111.6,30.5,1017.7
2009042818,14,0,1.8,315,51.7,1021.2
2009042900,9.2,0,0.5,298,70.7,1022.8
2009042906,14.4,0,0.8,223.6,54.2,1023.8
2009042912,21.1,0,4,132.9,29.2,1022.2
2009042918,16.5,0,1.2,229.5,34,1022.4
2009043000,10.9,0,0.3,333.4,49.2,1023
2009043006,16.4,0,1.6,240.5,41.7,1024.3
2009043012,23,0,4.5,159.1,27.3,1021.7
2009043018,17.8,0,2,219.3,36,1022.4
2009050100,13.9,0,0.8,312.1,41.7,1023.2
2009050106,16.4,0,1.9,232.1,42.3,1024.2
2009050112,22.6,0,4,116.2,37.2,1021.5
2009050118,18.2,0,1.1,115,54.7,1021.7
2009050200,14.2,0,0.3,0,67.5,1021
2009050206,17.6,0,2.4,226.7,60.3,1020.4
2009050212,21.3,0,5.9,209.9,56.8,1017.8
2009050218,17.7,0.1,3,277.1,71.2,1019.2
2009050300,15.4,0.6,0.8,348,89,1019.4
2009050306,15.9,2,0.7,328.2,89.3,1020
2009050312,20,0,2.6,196.7,63.7,1017.8
2009050318,16.8,0,1.3,14.1,80.2,1017
2009050400,14.2,0,1.1,295,88.3,1017
2009050406,18.6,0,1.8,215.4,66.2,1017
2009050412,23.5,0,3.6,127.2,46.5,1014.6
2009050418,18,0,1.3,79.5,72.8,1014.5
2009050500,14.6,0,1,305.5,82.3,1014.1
2009050506,19.1,0,1.6,218.7,62.7,1014.5
2009050512,23,0,4.2,115.5,49.8,1013.5
2009050518,17.9,0,1.4,197.7,73.2,1014.8
2009050600,13,0,0.2,355.2,85.7,1015.3
2009050606,17.5,0,1.2,49.8,62.7,1015.7
2009050612,22.9,0,4.1,70,45.8,1013.5
2009050618,16.4,0,2.1,36.7,74,1013.2
2009050700,12.6,0,0.6,0.9,81.7,1011.7
2009050706,16.1,0,1.4,177.5,67.7,1010.9
2009050712,21.8,0,3,138.4,52.8,1008.1
2009050718,17.7,0,1.5,81.1,68.8,1007.1
2009050800,13.8,0,0.7,359.2,81.2,1006.7
2009050806,21.6,0,1.7,18.2,47.5,1008.2
2009050812,24.7,0,4.2,95.7,35.2,1009.2
2009050818,18.6,0,1.7,87.4,67.5,1010.9
2009050900,14.5,0,0.4,308.8,70.3,1010.6
2009050906,20.2,0,0.7,235,50.2,1010.2
2009050912,29.4,0,2.5,152.7,33,1007.7
2009050918,23.7,0,2.1,154.9,38.2,1009.6
2009051000,18.5,0,0.6,347.9,44.2,1011.1
2009051006,21.8,0,1,18.2,34,1013.5
2009051012,27.4,0,3.8,101.6,30,1011.3
2009051018,18.8,0,2,74,70.2,1013.3
2009051100,15,0,1,296.5,88,1013.8
2009051106,18.5,0,1.6,100,77.8,1013.5
2009051112,27,0,4,172.4,46.3,1010.3
2009051118,20.9,0,3.9,183.4,62.7,1010.5
2009051200,19.4,0,2.5,203.2,69.3,1009.4
2009051206,19.4,2,2.6,204.9,81.3,1007.7
2009051212,20.9,0.5,2.9,229.8,82.2,1005.5
2009051218,20.1,0,2.6,353,76.8,1006.2
2009051300,16.8,0,1.4,353.5,82.7,1008.6
2009051306,18.5,0,4.4,32.8,66.2,1012.2
2009051312,19.8,0,4.1,87.3,46,1011.3
2009051318,17,0,2.2,163.6,62.3,1010.5
2009051400,17.9,0,4.1,350.2,31.5,1010.7
2009051406,20,0,3.5,40.7,34,1013.6
2009051412,21.8,0,3.9,123.8,32.2,1015.3
2009051418,17.5,0,1.6,56.2,44.8,1017.3
2009051500,13.9,0,0.7,285.2,62.5,1019
2009051506,16.8,0,1.5,224.4,60.2,1020.6
2009051512,19.4,0,2.6,125,48.2,1019.1
2009051518,15.9,0,2,115.4,71.8,1019
2009051600,14.8,0.1,1.2,37.4,80,1016.7
2009051606,14.2,2.5,1.2,347.2,89.7,1015.9
2009051612,14.4,8.5,0.6,14,95,1011.3
2009051618,17.4,3.5,1.7,152.9,95.8,1007.2
2009051700,19.3,8.5,2.9,203.2,95.3,1002.4
2009051706,21.5,0,4.5,228.4,75.5,1000.9
2009051712,23.8,0,4.6,281.5,51.8,1001
2009051718,17.6,0,2.9,310.9,47.7,1006.3
2009051800,13.7,0,2.4,350.4,48.3,1010.8
2009051806,17.2,0,1.6,223.6,43,1011.2
2009051812,25.7,0,3.1,144.4,32.3,1008.6
2009051818,21.1,0,2.2,226.7,42.5,1008.6
2009051900,15.6,0,0.9,290,61.3,1009.5
2009051906,20.8,0,1.9,245.2,43,1010.4
2009051912,25.6,0,3.2,90,37.5,1008.2
2009051918,22.4,0,0.8,88.7,49.2,1009.8
2009052000,17.8,0,1.2,291.6,59.5,1012
2009052006,21.6,0,1.5,231.8,52.7,1013.5
2009052012,27.4,0,2,101.3,40.5,1012.3
2009052018,23.2,0,1,28.8,52.8,1013.2
2009052100,20.9,0.5,2.6,225,53,1012.3
2009052106,14.9,49.5,2,35,93.8,1010.2
2009052112,15.9,14,1.3,240.2,94,1005.6
2009052118,17,0,3,196.7,90.7,1004.3
2009052200,15.5,0,1.1,272.7,89,1005.9
2009052206,18.6,0,2,343.9,77.5,1009.5
2009052212,22.5,0,2.8,76.4,61.8,1009.6
2009052218,19.9,0,0.9,332.4,75.7,1010
2009052300,17.9,0,1.4,256.1,80.5,1010.1
2009052306,18.1,0,0.7,307.6,78.8,1010.5
2009052312,20.8,0,1.7,116.6,60.7,1008.2
2009052318,18.2,0,1.8,80,80.3,1007.5
2009052400,16.9,0,2.2,356.6,76,1008
2009052406,18.6,0,2.8,3.4,68.3,1010.1
2009052412,20.1,0,4.2,51.8,66.2,1011.3
2009052418,17.1,0,1.5,14.6,76.2,1013.8
2009052500,13.8,0,0.7,298.4,89.2,1014.8
2009052506,19,0,1.1,350,70.2,1016
2009052512,25,0,2.7,149.8,53.2,1014.5
2009052518,20.4,0,1.2,81.5,61.3,1014.8
2009052600,16.1,0,0.6,329.5,76.8,1014.8
2009052606,20.5,0,0.8,220.4,60.3,1014.8
2009052612,24.2,0,3.2,114.9,40.5,1013.2
2009052618,20.6,0,1.3,59.3,43.7,1013.5
2009052700,18.2,0,2.5,356.2,57.2,1013.6
2009052706,21.5,0,3.2,20,50,1014.8
2009052712,21.8,0,6.3,63.2,53.2,1014.1
2009052718,18.7,0,2.4,5.1,60.8,1014.5
2009052800,16.4,0,1.9,1.3,76.2,1015
2009052806,18.5,0,4.8,20.2,66.2,1015
2009052812,22.6,0,6.2,31.8,49.3,1012.9
2009052818,17.9,0,5.4,35,63.7,1013.5
2009052900,15.3,0,4.9,6.6,77.5,1012.9
2009052906,17.8,0,6.5,24.9,64.3,1013
2009052912,20.3,0,6,35,56.3,1010.8
2009052918,15.9,0,3.7,29.9,69.7,1011.5
2009053000,14.4,0,2.7,37.1,73.7,1009.9
2009053006,16.1,0,1.7,25.3,68.2,1008.5
2009053012,18.6,0,2.5,101.5,63.2,1005.8
2009053018,15.9,0,2.2,140.2,74.8,1005.9
2009053100,13,0,0.8,317.1,87.8,1005.5
2009053106,17.9,0,1.9,330.7,62.2,1005.2
2009053112,25,0,3.1,313.6,29.7,1002.3
2009053118,21.4,0,1.1,284.7,35.8,1002.2
2009060100,16.1,0,1.6,289.5,47.7,1003.7
2009060106,21.2,0,2.4,305,33.2,1005.5
2009060112,27.6,0,3.5,164.2,31,1003.6
2009060118,23.4,0,3.5,193.4,50,1003.8
2009060200,19.2,0,0.6,356.6,70.5,1005.2
2009060206,22.6,0,2.8,139.2,56.5,1005.7
2009060212,24.9,0,6.3,206.6,51.2,1003.7
2009060218,21.6,0,4.6,209.9,61.7,1004.6
2009060300,18.8,0,4.4,215,74.7,1003.9
2009060306,19.4,0,4.3,215,67.7,1003
2009060312,20,0,4.1,201.6,72.2,1001.8
2009060318,18.6,0,2.6,190,81.2,1002.7
2009060400,17.2,0,0.5,327.8,87.7,1002.1
2009060406,20.5,0,1.6,41.3,71.5,1002.8
2009060412,22.9,0,3.9,90,62.3,1002.2
2009060418,18.5,0,2.3,63.6,82.7,1003.5
2009060500,17.2,0,1.6,16.2,86.5,1003.2
2009060506,19.2,0,3,35,74.2,1003.6
2009060512,22.1,0,4.1,47.4,64.2,1002.9
2009060518,18.5,0,3.7,42.3,78.7,1003.6
2009060600,17.6,0,2.4,13.6,82.5,1004.4
2009060606,17.5,0,2.8,26.6,84.8,1006.3
2009060612,20.2,0,3.5,38.2,68,1006.7
2009060618,17.6,0,3.2,45.1,76.7,1009
2009060700,16.6,0,2,23.2,81.3,1010
2009060706,17.4,0,2,34.5,75.7,1011.6
2009060712,18.7,0,2.8,66.7,71.7,1011.4
2009060718,17.1,0,2.5,56.6,78,1012.3
2009060800,15.9,0,1,354.9,80.8,1013.7
2009060806,18.3,0,1.6,136.7,74.2,1015.4
2009060812,20.8,0,2.7,136.8,66.2,1015
2009060818,18.1,0,1.4,94.5,76.5,1015.3
2009060900,16.5,0,0.9,325.7,86.2,1014.9
2009060906,18,0,0.9,253.3,85.3,1014
2009060912,21.7,0,2.6,162,71.5,1010.8
2009060918,20.2,0.5,2.4,196.7,83.5,1008.7
2009061000,18.4,0.5,4.1,194.7,89,1004.4
2009061006,20,5,2.5,177.6,94.5,999
2009061012,25.9,0,3.8,218.2,64.8,996
2009061018,24,0,3,239.8,58.8,996.7
2009061100,20.1,0,1.3,18.9,67.7,997.5
2009061106,22.6,0,3.6,299.1,47.5,1000
2009061112,28.8,0,4.6,246.1,34.3,999.8
2009061118,25,0,3.1,209.9,50.7,1000.3
2009061200,22.5,0,2,190.2,45.5,999.7
2009061206,23.5,0,2.6,197.2,40.7,999.2
2009061212,26.8,0,2.4,214.5,48.7,998.5
2009061218,23.1,0,2.4,256.1,75,999.3
2009061300,19.6,0,1,319.3,81.5,1001.1
2009061306,22.7,0,1.2,302.7,48.2,1003
2009061312,24.8,0,4.2,121.8,50.2,1002.5
2009061318,20.5,0,2.4,63.1,56.2,1005.1
2009061400,18.3,0,0.8,13.1,69,1006.5
2009061406,20.9,0,1.9,43.3,68.3,1008
2009061412,21.1,0.2,4.3,66.7,70.7,1008.4
2009061418,18.9,0,2.6,50,79.3,1010
2009061500,17.5,0,1.2,31.8,85.8,1011.5
2009061506,19.2,0,1,36,76.3,1012.9
2009061512,23.2,0,2.6,139.1,61.2,1012
2009061518,19.3,0,2.2,107.3,74.8,1012.8
2009061600,16.9,0,0.9,23.7,88,1014
2009061606,20.1,0,1.4,81.8,74.2,1014.5
2009061612,24,0,3.9,119.9,63.3,1012.5
2009061618,20.3,0,2.3,137.3,80,1013.7
2009061700,19.1,0,1.4,59.8,85.7,1014.6
2009061706,21.1,0,1.9,51.5,75.8,1015.8
2009061712,24.4,0,2.6,125,53,1014.8
2009061718,20.7,0,1.7,60,67.3,1014.5
2009061800,18.3,0,1.1,298.4,83.5,1013.6
2009061806,22.6,0,0.8,27.7,64.2,1013.3
2009061812,28.1,0,2.9,135.7,41.8,1011.4
2009061818,23.9,0,1.6,236.8,54.8,1011.1
2009061900,19,0,1,289.5,78.8,1011.2
2009061906,22.9,0,1.6,181.3,68.7,1011
2009061912,28,0,3.7,119.9,56.5,1008.3
2009061918,24.7,0,2.5,157,62.7,1007.7
2009062000,21.5,0,0.9,288.5,80,1007.3
2009062006,25.4,0,2.8,206.7,66.7,1006
2009062012,26.9,0.3,4.2,194.7,61.7,1003.3
2009062018,22.7,2.2,2.1,95.7,87.3,1003.3
2009062100,22.6,0,2.3,193.4,91,1002
2009062106,24.6,0,1.5,206.2,84.8,1001.9
2009062112,28.3,0,3.7,168,71.8,999.5
2009062118,25.7,0.5,1.8,143.3,83.7,999.6
2009062200,22.9,4.5,1,24.1,93.5,999.3
2009062206,20.3,55,2.1,23.3,96.8,998.8
2009062212,18.8,34,1.2,283.3,97,996.9
2009062218,20.4,0,0.6,293.5,94.5,997.8
2009062300,18.1,0,1,271.3,97,1000.4
2009062306,22.5,0,1.8,276.5,73.2,1001.9
2009062312,29,0,2.7,149.8,43.2,1000.6
2009062318,23.4,0,1,32.1,63.7,1000.9
2009062400,23.2,0,2.5,319.8,59.5,1001.2
2009062406,26.3,0,3.5,328.5,45,1003.7
2009062412,30.4,0,3.3,138.9,39.7,1004.1
2009062418,27,0,2.4,256.6,45.7,1005
2009062500,22.3,0,1.1,271,58.7,1005.6
2009062506,25.4,0,1.2,257.6,53.7,1007.2
2009062512,32.6,0,4.6,228.4,31,1005.5
2009062518,26.9,0,2.8,177.9,43.8,1007.2
2009062600,21.6,0,0.6,11.2,56.2,1008.5
2009062606,25.5,0,1,74.3,45.3,1010.2
2009062612,31.5,0,2.2,115.3,43.7,1009
2009062618,26.9,0,2,157.6,53,1009.1
2009062700,22.2,0,0.6,293.1,62,1009.5
2009062706,24.4,0,1,298.9,67.8,1009.5
2009062712,29.6,0,3.3,143,57,1006.6
2009062718,26.5,0,2.7,198.2,69.5,1006
2009062800,21.7,0,1,37.2,85.7,1006.2
2009062806,25.6,0,1.5,176.5,71.5,1005.8
2009062812,29.3,0,4.5,206.6,58.7,1004.2
2009062818,26.1,0,3.5,186.6,73.5,1004
2009062900,24,60,2.1,204.7,92.5,1002.4
2009062906,22.9,31.5,0.6,39.3,97.3,1000.4
2009062912,24.8,0.5,1.5,108.2,86.3,1000.8
2009062918,23.2,0,1.6,173.7,86.7,1002.8
2009063000,22.3,0,0.6,353.2,92.7,1003.9
2009063006,24.1,0,0.8,349.3,87.3,1004.4
2009063012,22.4,26.5,2.2,24.5,89.2,1004.5
2009063018,18.4,7,1.1,311.2,95.2,1004.7
2009070100,18,5.5,1.4,301.7,97.8,1003.1
2009070106,21.2,0,1.9,6.6,83.3,1003.5
2009070112,25.5,0,2.5,99,64.2,1002.8
2009070118,22.3,0,2.4,145.8,80.3,1003.7
2009070200,20.3,0,1.4,232.2,90.3,1004.2
2009070206,22.5,0,1.1,254.1,79,1003.8
2009070212,26.7,0,3.9,127.1,64,1001.8
2009070218,19.7,14,1.9,322.2,91.2,1003.6
2009070300,17.8,0,0.5,332,96.5,1003.4
2009070306,21.4,0,1,8.1,82.3,1003.9
2009070312,24.6,0,3.3,125,68,1003.2
2009070318,21.2,7.5,2,75.9,87.2,1004.7
2009070400,19.6,0.5,0.6,2.7,95.2,1005.8
2009070406,22.5,0,0.8,35,78.3,1007.9
2009070412,23,3,2.3,135.9,79.8,1008.7
2009070418,21.7,0,0.7,326.3,88.8,1010.5
2009070500,20.8,0,0.7,318.4,94.5,1011.7
2009070506,22.9,0,1.7,234.9,83.3,1012.8
2009070512,26.4,0,2.7,104.7,65.7,1012.6
2009070518,22.9,0,1.6,74,81.5,1013.5
2009070600,20,0,0.6,314.4,93.8,1013.5
2009070606,23,0,1.4,65.5,80.8,1013.2
2009070612,26.9,0,2.6,93.3,69.5,1011.6
2009070618,24,0,2.1,164.5,84,1011.6
2009070700,21.9,0.2,0.5,312.8,90.8,1010.8
2009070706,17.9,66.8,1.6,298.7,96.3,1009.7
2009070712,19.6,65,1.5,221.5,99.3,1005.5
2009070718,22.3,1.5,1.6,41.5,99,1005
2009070800,21.1,0,0.8,37.8,99,1006.3
2009070806,23.2,0,1,95.1,88,1007.2
2009070812,27.3,0,2.2,187.5,74.2,1005.2
2009070818,26.5,0,2.2,207.7,81.3,1004.9
2009070900,24.8,7.5,2.9,204.8,90.7,1003.7
2009070906,26.5,0,4.6,211.8,76.8,1002
2009070912,27.1,0,7.4,209.9,74.7,998.5
2009070918,25.9,2.5,6.3,209.9,84,997.6
2009071000,22.7,2,1.2,235.4,93.2,1000.7
2009071006,24.6,0,1.9,302,73.3,1004.2
2009071012,28.5,0,2.5,81.4,58.5,1004.8
2009071018,25.5,0,1.6,304.2,63.7,1006.5
2009071100,22,0,1.2,294.7,80,1008.3
2009071106,24.5,0,1.3,285.2,72.7,1009.9
2009071112,28.3,0,1.3,350,60,1009.3
2009071118,23,5,2,339.2,82.8,1010.2
2009071200,19.2,4.5,0.5,4.3,96.5,1009
2009071206,23,6.5,1.7,63.7,93.8,1007.8
2009071212,27.5,0,5.7,203.2,77.5,1005.2
2009071218,27.2,0,6.8,204.9,77.2,1005.3
2009071300,25.7,0.2,4.4,215,85.2,1007.5
2009071306,27,0,2.3,207.4,78.2,1010.1
2009071312,26.8,0.8,2.7,223.7,79.5,1010.8
2009071318,26.9,0,2.2,223.4,79.5,1011.3
2009071400,25.7,0,1.6,177.6,85.5,1010.3
2009071406,27.3,0,3.2,190,79.3,1009.2
2009071412,29,0,6,201.6,71.2,1006.6
2009071418,27.7,0.1,6.1,204.9,77,1004.3
2009071500,24.8,24.5,6.7,222.9,83.8,1002.2
2009071506,19.8,10.5,1.8,196.9,95,1005.5
2009071512,21.2,2,2.9,200.7,88,1007.7
2009071518,22.1,0,2.2,255.8,81,1008.3
2009071600,22.1,0.5,0.9,10,90.8,1008.6
2009071606,21.1,36,1.6,96.6,99.3,1008.3
2009071612,23.6,1,1.7,337.8,89.7,1006.3
2009071618,23.8,0,0.9,70.5,84.5,1005.3
2009071700,23.1,0,0.4,25.2,93,1005
2009071706,25.1,0.1,0.8,53.1,89.8,1006.4
2009071712,30.1,0,2.8,203.1,70.8,1005.7
2009071718,26.4,0,2.2,147.8,82.2,1006.8
2009071800,26.9,0,4.1,206.6,76.7,1006.2
2009071806,28.3,0,4.1,204.9,70.3,1005.7
2009071812,30.2,0,5.7,230,65.8,1004
2009071818,28.3,0,5.4,220.1,71.7,1003
2009071900,27.8,0,4.9,209.9,73.8,1002
2009071906,25.6,33.5,2,236.9,90.5,1004.2
2009071912,23.6,30.5,1.1,159.1,98,1005.2
2009071918,22.3,0.5,1,230.8,97.7,1006.6
2009072000,21.4,0,0.9,23.1,97.8,1006.4
2009072006,22.5,0.1,0.8,39.1,95.8,1006.1
2009072012,24.8,0.3,1.2,132.6,90.5,1005.2
2009072018,22.6,0,1.3,76.2,95.2,1003.9
2009072100,23.4,6.5,0.4,2.1,96.7,1001
2009072106,24.6,2.5,1.2,39.2,95,998.9
2009072112,28.1,0,1.6,93.9,75,997.2
2009072118,27,0,0.7,313.4,79.7,997.1
2009072200,23.6,0,2.5,350.2,77.7,998.4
2009072206,24.1,0,1.8,33.5,76.7,999.8
2009072212,24.8,0,3.6,73.3,71.8,1001.3
2009072218,21.4,0,1.9,53.1,82.8,1003.9
2009072300,19.7,0,0.8,7.3,90.8,1004.8
2009072306,22.2,0,1,21.3,81.7,1005.7
2009072312,24.8,0,2.3,100,71.5,1005.4
2009072318,22,0.1,1.4,61.9,82.3,1005.3
2009072400,20.9,0.4,1.4,22.4,90.3,1004.7
2009072406,20.1,25.1,2.5,45.7,94.8,1003.5
2009072412,20.5,26,4.3,29.6,95.5,1000.8
2009072418,20,0.5,3.7,339.1,92.3,1001.4
2009072500,20.7,0,1.9,326.1,90.7,1002.2
2009072506,21.7,0,2.4,6.8,82,1004.5
2009072512,22.5,0,3.2,40.1,72.2,1006.4
2009072518,20.8,0,1.7,46.8,80.2,1008.4
2009072600,19.4,0,0.7,4.3,86.5,1008.3
2009072606,20.6,0,1.5,34.4,82.5,1008.2
2009072612,22.3,0,2.7,42.3,79.7,1006.6
2009072618,20.7,0,2,12.9,83.2,1007.2
2009072700,19.4,0,0.8,331.7,88.7,1007.4
2009072706,21.4,0,1.9,31.6,78.5,1007.7
2009072712,22.6,0,2.2,48.4,75.7,1007.4
2009072718,21.2,0,1.7,32.7,83.3,1007.2
2009072800,19.5,0,0.9,287.5,89,1007.1
2009072806,21.9,0,2.1,35,81,1007.3
2009072812,22.8,0.3,3,50,77.8,1007
2009072818,20.5,8.7,1.6,16.9,91.5,1005.9
2009072900,19.6,45,2.5,19.7,97.3,1003.8
2009072906,20.8,3.5,2.5,13.4,91,1004.9
2009072912,25.1,0,3.3,29.1,68.7,1006.5
2009072918,22.3,0,1.9,43.8,81.2,1009
2009073000,20.6,0,0.8,11.5,88.5,1010.1
2009073006,22.3,0,1.8,37.9,81.2,1011.2
2009073012,24.4,0,3.9,73.3,71.2,1010.4
2009073018,21.8,0,2.6,43.4,79.2,1011.3
2009073100,21.1,0,1.7,350,80.8,1011
2009073106,22,0,2.1,23.7,78.7,1011.3
2009073112,23.2,0,3,53.3,76.8,1010
2009073118,21.8,0,2.2,55,82.5,1009.7
2009080100,20.9,0,1,11.5,85.7,1008.7
2009080106,22.2,0,1.9,45.7,79.5,1008.5
2009080112,24.8,0,3.5,70,67,1007.4
2009080118,21.5,0,2.4,40.4,78.7,1007.9
2009080200,20.2,0,1.3,346.5,80.7,1007.7
2009080206,21.9,0,1.7,343.4,74.5,1008.3
2009080212,25.3,0,3.3,58.8,62.5,1007.2
2009080218,22,0,2.1,53.3,77.5,1008.3
2009080300,20.4,0,1.3,2.7,85.8,1008.9
2009080306,22,0,1.9,26.6,76.3,1009.5
2009080312,22.8,0.3,2.5,43.4,79,1008.8
2009080318,20.9,0.1,1.4,333.6,88.2,1009.5
2009080400,20,0,0.9,350,87.8,1009.4
2009080406,22.2,0,1.6,4.5,79.3,1009.6
2009080412,24.9,0,3.4,37.1,70,1009
2009080418,22.5,0,2.9,45.1,79.2,1009.5
2009080500,21.7,0,1.8,40.1,83.8,1009.4
2009080506,23.1,0,3.4,48.4,76.8,1010.2
2009080512,25.4,0,4.9,60,63.2,1009.5
2009080518,22.8,0,2.7,29.9,76.3,1010.4
2009080600,21.8,0,2.2,37.1,85.3,1010.7
2009080606,21.5,4.5,1.2,18.2,91.7,1011.5
2009080612,22.8,2,2.1,23.7,89.3,1011
2009080618,21.7,2,1.3,330.5,95.2,1011.1
2009080700,21,0.5,0.6,335.9,97.7,1010.9
2009080706,22.4,0,0.9,6.6,92.3,1011.3
2009080712,23.4,3.5,1.8,339,92.2,1010.8
2009080718,22.9,0,1.6,11.2,90.7,1010.9
2009080800,22,0.5,0.3,353.6,96.7,1010.7
2009080806,23.9,0,1.4,14.7,89.8,1010.6
2009080812,25.5,0,3.6,60,81.5,1009.2
2009080818,23.3,0,2.7,45.1,89.2,1009.5
2009080900,22.4,0,2.3,26.6,89.3,1008.6
2009080906,22.7,0,3.3,40.1,88.2,1008.2
2009080912,24.1,0,4.8,53.3,77.7,1007
2009080918,22.6,0,2.7,29.9,86.8,1007.4
2009081000,22.5,0,3,10,89.3,1006.9
2009081006,23.3,0,2.2,3.4,89.7,1008
2009081012,25.1,0,3.2,16.7,81.7,1007.5
2009081018,23.2,0,1.8,6.8,89.2,1008.8
2009081100,22.4,0,0.5,322.4,93.3,1009.2
2009081106,23,0.4,0.9,47.6,95,1009.5
2009081112,23.6,2.1,1.9,83.4,93.5,1007.7
2009081118,23.2,4,0.8,325,97.5,1006.1
2009081200,23.3,4,0.4,326.2,98.8,1003.1
2009081206,27,0.5,3.9,194.7,87.2,1000.9
2009081212,28.6,0,5.1,209.9,76.7,999
2009081218,25.5,0,2.9,146.9,86.8,1000.2
2009081300,22.2,6,0.8,321.9,97,1001.3
2009081306,22.9,0.5,0.7,7.1,93.8,1003.9
2009081312,25.6,0,1.4,63.7,80.3,1004.8
2009081318,24,0,1.6,175,87,1006.1
2009081400,22,0,0.5,333.4,95.5,1007.5
2009081406,26,0,1,243.8,80.3,1008.7
2009081412,29.1,0,2.7,122.1,63.3,1008.3
2009081418,25.9,0,1.1,319.5,79.5,1008.9
2009081500,23.5,0,0.9,320.2,89.8,1009.2
2009081506,26.1,0,1,353.7,69.8,1010.6
2009081512,28.2,0,3.4,118.5,61.3,1010.5
2009081518,24.7,0,2.5,50,72.7,1011.8
2009081600,23,0,1.9,11.5,87.2,1012.8
2009081606,23.5,0,1.9,25.6,86.3,1014.4
2009081612,24.9,0,3.2,50,76.7,1014.2
2009081618,23.7,0,2.2,24.9,79.5,1015.2
2009081700,23,0.2,1.4,5.1,86.5,1015.6
2009081706,23.9,0,2.3,18.6,86,1016.2
2009081712,25.7,0,2.5,53.3,81.5,1014.9
2009081718,24.2,0.3,1.5,20.2,86.5,1015.2
2009081800,22.8,1.1,0.4,345.6,93,1014.6
2009081806,25.4,0,0.7,45,82,1014.5
2009081812,29,0,2.7,133.4,69.7,1013.3
2009081818,26,0,1.8,79.7,82,1013.7
2009081900,23.4,0,0.4,353.5,94,1013.8
2009081906,25.8,0,1.3,231,82.3,1013.4
2009081912,30.4,0,3.3,145,66,1011.5
2009081918,27.5,0,1.5,190,76.7,1010
2009082000,24.6,0,0.8,296,86.5,1009
2009082006,27.2,0,4.6,231.8,71.7,1007.2
2009082012,30.9,0,5.5,220.1,60.8,1004.7
2009082018,27.9,0.2,3.4,200,73.3,1005.2
2009082100,26.7,3.5,2.9,257.6,81.7,1005.2
2009082106,26.9,0,1.4,13.4,79.7,1006
2009082112,31.8,0,2.2,289.3,36.2,1004.7
2009082118,26.5,0,1.6,302.9,52.8,1005.4
2009082200,22.7,0,1.3,263.5,64,1005.9
2009082206,27.2,0,1.5,338.9,46.7,1006.5
2009082212,31.3,0,2.9,76.5,37.3,1005.3
2009082218,27.3,0,1.9,24.8,49.3,1006.6
2009082300,24.6,0,3.2,10.2,55.7,1007.2
2009082306,25.2,0,2,309.5,54.2,1008.5
2009082312,30.7,0,2.8,356,38.3,1008
2009082318,25.2,0,1.6,340,51.7,1009.6
2009082400,20.4,0,0.7,348,70.7,1011
2009082406,23.5,0,2.1,4.6,68.3,1012.8
2009082412,26.3,0,5.2,70,58.3,1012.8
2009082418,22.9,0,2.3,32.6,70.7,1013.5
2009082500,20.1,0,0.5,322,83.3,1013.3
2009082506,23.1,0,0.9,11.9,72.2,1013.6
2009082512,24.9,0,2.9,90,65.3,1012.5
2009082518,22.3,0,1.4,59.3,69.3,1012.6
2009082600,19.3,0,0.6,324.9,86,1011.8
2009082606,22.6,0,1.1,237.7,74.3,1011.2
2009082612,28.2,0,3.8,136.9,62.3,1008.5
2009082618,24.8,0,2.1,202.6,74.8,1007.8
2009082700,22.7,0,1.9,230.3,81.5,1006.5
2009082706,25.8,0,5,204.9,70.3,1005.8
2009082712,27.8,0.2,5.8,220.1,69.3,1004.2
2009082718,25.8,0.1,1.8,212.2,85,1005.2
2009082800,24.8,3.5,0.5,336.1,91.2,1004.6
2009082806,25.9,0,1,257.4,83.8,1005.9
2009082812,32,0,2.3,256.5,54,1004.7
2009082818,27.6,0,2.5,339.6,59.7,1006.5
2009082900,22.4,0,1.3,329.9,66.7,1009.7
2009082906,24,0,2.9,13.1,64.8,1012.1
2009082912,24.1,1,4.1,51.8,77.7,1012.6
2009082918,21.8,1.5,2.8,45.1,82.8,1014.7
2009083000,21.7,0,2.4,48.4,75.7,1015.3
2009083006,22.2,0,3.1,53.3,69.7,1015.8
2009083012,21.6,0.3,3,31.8,74,1015.3
2009083018,20.5,0.2,2.1,350.2,78.5,1015.7
2009083100,20.7,0,2.5,353.4,77,1015.5
2009083106,21.9,0,3.5,25.5,74.5,1016.5
2009083112,23.4,0,4.6,53.3,62.2,1016.2
2009083118,20.9,0,3,11.2,69.8,1017.3
2009090100,19.7,0,2.5,0,70.3,1017.4
2009090106,21.5,0,3.6,19.7,69.5,1018.9
2009090112,24.3,0,5.1,53.3,59.8,1018.1
2009090118,21.1,0,3.5,29.9,71,1018.3
2009090200,19.4,0,2.4,346.6,76.2,1018.3
2009090206,21.6,0,3,8.7,69.2,1018.6
2009090212,24.9,0,5.1,60,59.8,1016.9
2009090218,21.1,0,2.7,13.1,73.8,1018
2009090300,18.6,0,0.7,350.3,83,1017.2
2009090306,21.3,0,1.8,40,76.8,1017.3
2009090312,23.8,0,3.6,56.6,70.7,1015.4
2009090318,22.2,0,1.5,6.8,76.3,1015.2
2009090400,21.4,0,1,318,81.2,1014
2009090406,21.9,0,1.5,353.7,82.5,1013.9
2009090412,22.6,0,2.8,48.4,79.3,1012.4
2009090418,21.7,0,1.5,17.7,79.8,1012
2009090500,20.5,0,1.2,342,83.5,1011
2009090506,22.6,0,1.6,19.8,74.5,1010.7
2009090512,25.5,0,4.1,76.6,63.3,1008.8
2009090518,21.8,0,1.5,23.3,74.7,1008.9
2009090600,18.5,0,0.6,341.6,88.3,1008.6
2009090606,21.8,0,0.8,9.7,75.8,1008.4
2009090612,27.9,0,2.6,143.9,59.5,1006.5
2009090618,23.3,0,1.3,58.3,77,1007.5
2009090700,20.9,0,0.6,345.3,88.7,1007.2
2009090706,23.3,0,1.1,67.7,78.5,1007.8
2009090712,27.4,0,2.5,115.5,66,1005.6
2009090718,23.6,0,1.5,89.4,80,1005.4
2009090800,21.8,0.4,1.4,20.2,90.7,1005.5
2009090806,21.1,0.1,2.4,353.5,85,1006.8
2009090812,23.2,0,4.1,40.1,69,1007
2009090818,20.9,0,1.7,20,73.3,1008.2
2009090900,20,0,0.7,270.7,80.5,1008.4
2009090906,21.4,0,0.6,16.2,74.7,1009.5
2009090912,24.4,0,2.7,129.8,63.5,1008.2
2009090918,21.4,0,2.4,212,77.3,1008.8
2009091000,18.3,0,0.8,306.4,90.8,1009.6
2009091006,21.7,0,1.5,259.2,71.2,1010.7
2009091012,26,0,3.1,94.3,59.5,1009.4
2009091018,22.7,0,1.6,59.2,79,1010.1
2009091100,20.8,0,0.6,295.4,87.8,1009.8
2009091106,22.9,0,0.9,17.1,75.3,1010
2009091112,26.2,0,2.8,134.1,52.2,1008.5
2009091118,22.5,0.5,1.2,299.3,78.7,1008.4
2009091200,19.5,0.4,1.4,253,86.3,1006.8
2009091206,20.2,0,1.3,255.1,71,1005.9
2009091212,26.1,0,2.4,274.1,49.7,1003.8
2009091218,21.2,0,2.5,7.5,65.5,1007.5
2009091300,18.2,0,1.1,327.1,69.7,1011.3
2009091306,20.5,0,1.4,245.7,65.7,1014.7
2009091312,25,0,3.1,105,50.5,1014.3
2009091318,21.1,0,1.2,254,70.5,1015.6
2009091400,17.5,0,0.7,307.2,86.5,1015.8
2009091406,19.3,0,0.9,306.4,79.8,1015.5
2009091412,23.1,0,1.6,150.7,66.3,1012.9
2009091418,21.1,0,1.4,2.7,76.8,1012.5
2009091500,17.6,0.5,0.8,317.2,90,1011.5
2009091506,20.3,0,1.8,6.6,69.2,1011.8
2009091512,26.6,0,3,62.3,42,1009.7
2009091518,21.5,0,1.6,270,62.8,1011.5
2009091600,18.8,0,1.5,315,75.5,1012.4
2009091606,21,0,1.3,308.7,67.2,1013.9
2009091612,25,0,3.5,73.3,54.2,1013.2
2009091618,21.1,0,1,25,73,1014.6
2009091700,17.5,0,0.8,291.6,88.3,1015
2009091706,20.7,0,1.1,354.7,75.7,1015.5
2009091712,25.1,0,3.1,119.9,52.3,1013.8
2009091718,20.9,0,1.6,50,69.5,1014.2
2009091800,17.4,0,0.5,325,84,1014.2
2009091806,20.8,0,1.3,326.4,70.5,1013.8
2009091812,26.6,0,4.2,45.4,47.5,1011.8
2009091818,21.7,0,3.8,24.9,68.5,1014.6
2009091900,19.8,0,3.6,13.4,66.3,1014.8
2009091906,20.4,0,4.5,35,63.2,1015.5
2009091912,22.1,0,5.7,50,56.5,1014.2
2009091918,19.5,0,3.2,14.7,66,1015.1
2009092000,18,0,2.6,356.7,68.5,1015.1
2009092006,20,0,3.3,28.1,64,1016
2009092012,22.8,0,4.2,73.4,56,1015.2
2009092018,19.4,0,2.1,12.3,72.2,1015.3
2009092100,17.4,0,0.8,305,81.7,1014.3
2009092106,19.8,0,0.4,336.3,75.3,1013.9
2009092112,23,0,1.6,12.4,63.5,1013.4
2009092118,19.1,0,1.2,318.3,86.5,1015.2
2009092200,17.5,0,0.8,292.9,91,1016
2009092206,21.1,0,1.6,332.1,72.8,1017.4
2009092212,23.7,0,3.9,73.3,65.2,1017.1
2009092218,21.5,0,1.5,20.2,77,1017.8
2009092300,20.2,0,0.4,352.4,82.8,1017.7
2009092306,20.4,0,1.2,339.7,84,1018.2
2009092312,22.5,1,1,30.2,86.3,1017.6
2009092318,21.1,0,0.6,1.1,90.5,1018
2009092400,18.8,0,0.5,340.3,97.3,1018.6
2009092406,21.1,0,0.8,228.7,85,1019.1
2009092412,26.4,0,3,123.8,68,1017.2
2009092418,22.2,0,1.4,37.4,84.2,1018.1
2009092500,19.7,0,0.6,314.9,92.2,1017.3
2009092506,21.2,0,0.6,10.2,83.5,1017.6
2009092512,23.5,0,1.7,70,74.3,1015.9
2009092518,21.4,0,1.2,43.7,81,1016.1
2009092600,19,0,0.4,322,90.7,1016.6
2009092606,21.6,0,2,35,81.2,1017.6
2009092612,24.6,0,4.5,55,67.8,1017
2009092618,22.1,0,2.3,35,80.8,1018.1
2009092700,21.2,0,2.1,45.1,81.3,1017.7
2009092706,21.7,0.4,2.4,19.7,77.5,1017.5
2009092712,20.2,7.1,2.9,3.4,91.5,1016.4
2009092718,19.5,16,1,315,97.8,1015.7
2009092800,19.5,23.5,1.2,326.2,99.5,1012.3
2009092806,20.2,0,1.5,12.1,95.8,1013
2009092812,20.6,0,1.6,344.1,86,1015.1
2009092818,20,0,1,310.9,87.3,1017.4
2009092900,19.4,0,0.9,340.5,91.3,1018
2009092906,20.9,0.5,1.7,29.1,85.5,1019.7
2009092912,22.5,0,3.6,53.3,75,1019.6
2009092918,20.9,0,1.6,6.6,82,1020.5
2009093000,19.4,0,0.8,300.8,89.3,1020.2
2009093006,20.6,0,1.5,357.7,84.7,1021.1
2009093012,22,0,2.9,56.4,75,1020.3
2009093018,19.3,0,1.4,320.8,83,1020.6
2009100100,16.5,0,0.7,322.4,93.5,1019.5
2009100106,19.8,0,1.2,19.6,80,1019
2009100112,25,0,2.8,116.6,61.5,1015.2
2009100118,21.1,0.5,1.1,355.2,82.8,1013.5
2009100200,19,38.5,1.2,358.9,97.5,1010
2009100206,19.9,10.5,1.2,311.5,89.7,1008
2009100212,25.2,0,2.6,346.5,52.7,1005.7
2009100218,20.4,0,1.1,345.9,69.8,1007
2009100300,16.9,0,2.1,0.4,55.5,1010
2009100306,18,0,2.3,338.8,47.2,1013
2009100312,24,0,1.8,342,29,1013.1
2009100318,17.7,0,1.2,257,58.5,1014.6
2009100400,13.1,0,0.6,308.1,77.2,1015.3
2009100406,17.5,0,0.6,45.1,63.2,1016.1
2009100412,24.8,0,1.5,132.9,45.7,1015.1
2009100418,19.2,0,0.9,274.1,54.7,1017.1
2009100500,15.1,0,0.9,296,60.5,1017.8
2009100506,18,0,1.8,22.4,46,1018.8
2009100512,22.8,0,2.2,51.5,39.2,1016.9
2009100518,17.1,0,1.1,331.8,66.3,1017.7
2009100600,13.1,0,0.3,350,79.2,1018.3
2009100606,16.7,0,1.2,190.3,67.7,1018.9
2009100612,21.5,0,3.5,48.4,54,1018.4
2009100618,18.9,0,2.5,10,63.3,1018.7
2009100700,17.4,0,3.5,356.7,79.2,1018
2009100706,19.5,0,5.2,38.2,67,1016.7
2009100712,19.2,2.5,7.1,48.4,72.7,1013.2
2009100718,17.5,0,6.6,24.9,65.3,1011.3
2009100800,16.9,0,4.7,3.4,65.5,1009.3
2009100806,18,0,4.8,15,61.7,1011
2009100812,19.8,0,5.3,26.6,52,1011.7
2009100818,17,0,3.5,7.9,62,1013.2
2009100900,14.5,0,1.8,350.3,67.3,1013.5
2009100906,16.2,0,1.9,339.7,63,1015
2009100912,19.8,0,3.7,41.9,51.5,1013.9
2009100918,15.4,0,1.1,331.8,75,1016
2009101000,12.4,0,0.4,338.7,87.5,1017.2
2009101006,14.7,0,1.1,256,75.8,1018.7
2009101012,21,0,2.6,215,46.3,1017.7
2009101018,15.7,0,1.1,286.9,69.2,1019.9
2009101100,12.1,0,0.5,325,83,1021.2
2009101106,15.2,0,0.6,280,70.7,1022.5
2009101112,21,0,3,121.8,54.7,1021.2
2009101118,17.6,0,1,11.9,66.7,1021.2
2009101200,13.7,0,0.5,308.1,84.3,1020.3
2009101206,16.4,0,0.6,169.3,75.2,1019.4
2009101212,21.2,0,3.4,173.4,59.2,1015.4
2009101218,17.6,0,1.8,269.5,77.7,1015.2
2009101300,15.3,0,2,354.2,64,1015
2009101306,16.4,0,1.8,330.8,56,1015.8
2009101312,21.9,0,2.2,104.1,33.8,1014.1
2009101318,16.6,0,0.6,284.5,60,1014.5
2009101400,13.6,0.5,1.7,1.3,80.2,1014.2
2009101406,14.2,0.5,2.7,333.6,79,1014.9
2009101412,18.1,0,3.5,318.4,52.5,1015
2009101418,15.4,0,1.3,346.1,64,1017.7
2009101500,12.6,0,1.2,257.5,77.7,1019.2
2009101506,15,0,1.3,256.1,68.3,1019.7
2009101512,21.3,0,2.2,178.2,46.2,1016.9
2009101518,15.3,0,1.1,249,60.7,1017.3
2009101600,10.9,0,0.3,348.7,80,1016.9
2009101606,14.1,0,1.3,252.4,69.2,1016.2
2009101612,21.5,0,2.7,213,39,1011.9
2009101618,16.8,0,1.7,265.9,59.2,1010.9
2009101700,14.6,0,1.1,266,74.5,1007
2009101706,15.6,1.5,2.3,238.7,69.8,1005
2009101712,20.4,0,4.2,243.4,42.2,1003.6
2009101718,15.9,0,1.4,281.6,54.3,1005.8
2009101800,13.1,0,0.9,326.1,62,1007.1
2009101806,14.8,0,2.8,302,54.2,1008.5
2009101812,20.4,0,2.5,295.8,36.3,1007.2
2009101818,15.8,0,1.1,332.7,52.5,1007.8
2009101900,13.1,0,1.2,282.6,64.2,1007.5
2009101906,17.4,0,2.6,265.2,62.7,1005.7
2009101912,22.3,0,6.1,253.3,38.7,1003.5
2009101918,15.6,0,3.6,277.9,41.7,1009
2009102000,12.1,0,1.8,311.3,54.3,1013.6
2009102006,13.1,0,1.8,277.8,52.8,1016.6
2009102012,18.5,0,2.4,311.3,31.8,1015.9
2009102018,13.1,0,1.2,314.2,50,1018.1
2009102100,8.9,0,0.9,308.1,66.8,1019.8
2009102106,13,0,0.7,324.9,59.2,1020.8
2009102112,22,0,2,180,33,1019
2009102118,15.4,0,1.2,305,55.7,1020.5
2009102200,10.6,0,1,265.9,66.2,1021.3
2009102206,12.4,0,1.4,226.9,57.5,1022.2
2009102212,20.6,0,2,71.1,38.7,1019.5
2009102218,14.7,0,0.6,325,64.3,1019.7
2009102300,10.2,0,0.3,330.5,80.5,1019.7
2009102306,12.8,0,0.4,350.1,66,1020
2009102312,22.2,0,2.2,119.1,30,1017.7
2009102318,15.5,0,0.8,251.8,54,1019.5
2009102400,13.3,0,1.4,263.9,80.7,1020.2
2009102406,16,0,2.2,344.3,81,1020.9
2009102412,19.6,0,4.1,60,62.3,1019.9
2009102418,16.1,0,2.6,6.6,73.7,1020.9
2009102500,14.5,0,2.8,3.7,73.2,1020.7
2009102506,16.5,0,3.5,19.7,66,1021.3
2009102512,18.7,0,4.4,40.1,60.2,1019.1
2009102518,15.6,0,2.1,343.9,72.8,1018.8
2009102600,14.8,0,2.8,356.7,78.2,1017
2009102606,16.5,0,3.8,0,70,1015.8
2009102612,21.3,0,3.4,31.3,44.8,1013.2
2009102618,15.6,0,0.6,329.5,73.7,1014.1
2009102700,11.5,0,0.7,285.8,85,1014.6
2009102706,15.5,0,2.2,346.1,72.2,1016.7
2009102712,21,0,3.2,353,51.5,1017
2009102718,15.6,0,0.9,343.5,77.3,1020.3
2009102800,12.4,0,0.1,0,90.8,1022.4
2009102806,14.5,0,0.6,280,77.2,1023.6
2009102812,21.7,0,2.6,181,56.7,1022.1
2009102818,17.5,0,1.2,270.4,72.3,1023.5
2009102900,14.9,0,0.2,0,85,1023.5
2009102906,17,0,0.6,231.2,74,1023.3
2009102912,23.1,0,1.6,171.1,51,1020.5
2009102918,18.4,0,0.7,328.7,66.8,1020.9
2009103000,14.9,0,1,310.9,78.8,1022
2009103006,16.5,0,1.3,301.5,72.2,1023.4
2009103012,21.7,0,3.3,63.4,55.5,1023.3
2009103018,16.9,0,1.1,300.8,76,1025.1
2009103100,14.2,0,0.4,333.4,89.2,1023.3
2009103106,15.9,0,0.7,256.8,84,1021.4
2009103112,23.3,0,3.9,183.4,59.2,1016.1
2009103118,21,0,2.1,151.3,70.3,1014.4
2009110100,20,0,2.3,280,71.8,1012.9
2009110106,17,0,3.3,340,59.5,1014.8
2009110112,16.8,0,3,349.8,53.5,1014.8
2009110118,12.6,0,1.9,3,69.8,1017.4
2009110200,9.9,0,3.6,331.9,58.7,1018.1
2009110206,8.8,0,4.5,328.5,47.2,1021
2009110212,9.2,0,5.9,302.9,31.2,1022.8
2009110218,3.9,0,3.8,340,31.2,1027.7
2009110300,1.4,0,3.5,335.7,32.2,1030.4
2009110306,4.2,0,3.8,350.2,22,1032.5
2009110312,11.9,0,2.9,311.3,28.2,1030.3
2009110318,7.3,0,0.8,299.6,54.7,1030.3
2009110400,3.6,0,0.3,350,72.3,1029.6
2009110406,6.9,0,1.6,214.2,65.5,1029.5
2009110412,14.9,0,3,223.4,46,1027.1
2009110418,12.2,0,1.8,215.5,63,1027
2009110500,9.8,0,0.8,261.7,77.5,1025.7
2009110506,13.7,0,1.3,224.3,71.5,1025.2
2009110512,20.1,0,2.6,249.1,48.2,1022
2009110518,15,0,0.8,292.8,71.2,1021.9
2009110600,11.1,0,0.2,11.4,89.2,1021
2009110606,13.4,0,0.8,258.7,80.7,1020.7
2009110612,20.7,0,4.2,203.2,55.7,1017.4
2009110618,16.4,0,1.4,257.9,81.2,1017.8
2009110700,13.4,0,0.9,327.8,91,1017.8
2009110706,15.6,0,0.8,42.9,79.7,1018.6
2009110712,23.6,0,3.8,231.8,48.3,1016.9
2009110718,19.3,0,0.9,276.3,74.3,1018
2009110800,17.9,0,1.2,241.8,86.3,1017.3
2009110806,19.7,0,1.2,137.4,81.5,1017.1
2009110812,20.4,1.5,3.1,186.6,76,1015
2009110818,18,1,1.1,263,92.7,1015
2009110900,16.8,0.1,0.9,1.3,95.3,1014.2
2009110906,17.2,0,1.4,24.7,90.5,1015.2
2009110912,19.5,0,3.3,29.9,74,1014.5
2009110918,17.1,0,3.4,35,81.5,1015.5
2009111000,15.8,0,3.9,16.7,79.5,1015
2009111006,15,0,3.7,13.4,85.3,1014.8
2009111012,14.1,3,5.2,21.6,90.3,1012.2
2009111018,13.1,5.5,5.8,21.6,89.3,1012
2009111100,12.2,0.7,6.9,35,87.2,1013.1
2009111106,11.1,0.3,6.5,35,80,1017.6
2009111112,10.1,0,6.4,24.9,73.5,1021.2
2009111118,9.2,0,4.8,29.9,71,1026.4
2009111200,10,0,6.2,50,61.7,1027.6
2009111206,10.4,0,5.9,50,61.7,1029.3
2009111212,10.9,0,4.7,45.1,73,1027.3
2009111218,11.9,0,4.4,56.6,75.5,1025.4
2009111300,11.5,0,2.2,13.9,92.2,1021.3
2009111306,12.1,0.5,2.1,0,95.7,1018.2
2009111312,12.8,3,2.2,343,94.3,1013.6
2009111318,11.9,5,2.8,343.4,93.3,1011.6
2009111400,11.5,0,2.2,338.6,87.2,1010.7
2009111406,12.6,0,3.6,339.1,68.3,1011.5
2009111412,14.6,0,4.2,308.2,47.8,1010.6
2009111418,7.6,0,3,335.7,51.3,1014.5
2009111500,5.3,0,0.9,319.2,53.5,1016.5
2009111506,5.5,0,2.2,301.6,51.3,1019.3
2009111512,8.1,0,3.7,295,40.2,1020.4
2009111518,4.2,0,2.2,330,48.8,1024.2
2009111600,2.8,0,4.3,346.6,49.7,1026.1
2009111606,3.2,0,4.5,325.3,46.2,1027.2
2009111612,6.4,0,3.5,313.4,33.5,1026
2009111618,4.1,0,2.5,336.1,38.8,1026.7
2009111700,2.7,0,1,338.7,41.7,1026.1
2009111706,3,0,1.6,0.9,43.5,1024.5
2009111712,5.6,0,3.4,333.2,31,1021.6
2009111718,3.1,0,2.5,340,33.2,1023.6
2009111800,0.4,0,4.8,330,36.8,1025.3
2009111806,1.6,0,3.6,328.5,31.2,1027.7
2009111812,7.9,0,2,349.8,21.3,1027.1
2009111818,3.9,0,0.9,350.2,29.8,1028
2009111900,2.8,0,1,3.4,34.8,1028.9
2009111906,4.4,0,2.5,10.2,38.2,1030.1
2009111912,9.6,0,3.5,292.4,39.7,1029.2
2009111918,5.6,0,1.8,350,54.5,1030.1
2009112000,2.4,0,1.5,6.6,63.8,1030
2009112006,3.3,0,1.9,3.9,50.7,1029.5
2009112012,9.6,0,2.5,352,23.5,1025.4
2009112018,5.8,0,2.4,333.2,38.8,1026.4
2009112100,3.2,0,0.7,342.7,58.8,1026.6
2009112106,4.8,0,3.5,325,48.7,1028.5
2009112112,8.6,0,3.3,43.4,21.5,1026.8
2009112118,3.5,0,0.5,327.2,36.7,1027.5
2009112200,0.4,0,0.5,311.7,46.7,1026.4
2009112206,1.2,0,0.8,284,45.2,1026.1
2009112212,9.7,0,2.4,225.4,40.5,1023.2
2009112218,4.4,0,0.9,296.4,50,1024.4
2009112300,0.6,0,0.2,348.6,68.5,1025.6
2009112306,3.5,0,0.7,234.8,64.5,1027
2009112312,13.6,0,2.2,175.8,44.5,1025.1
2009112318,7.3,0,0.4,334.8,69.5,1025.7
2009112400,2.9,0,0.1,0,83.8,1025.3
2009112406,5.1,0,0.1,0,75.7,1023.8
2009112412,13.7,0,1.3,80,51.7,1019.5
2009112418,7.5,0,0.2,348.7,78.8,1019.4
2009112500,3.7,0,0.2,348.6,90.2,1019.3
2009112506,5.3,0,0.4,334.8,80.3,1019.6
2009112512,14.9,0,1.9,62.1,43.5,1017.5
2009112518,9.6,0,1,15.8,61,1020.6
2009112600,5.7,0,0.6,293.5,82.2,1022.6
2009112606,7.6,0,0.4,346,79.2,1024.7
2009112612,15.8,0,2,122.3,56.8,1022
2009112618,10.1,0,0.7,343.6,80.7,1022.9
2009112700,6.8,0,0.4,348.7,89.5,1022.1
2009112706,8.7,0,0.8,357.7,82.5,1022.3
2009112712,15.1,0,2.8,35,54.7,1020.6
2009112718,9.9,0,1.5,18.6,64.8,1022.9
2009112800,6.6,0,0.7,266.6,74,1023.8
2009112806,7.9,0,1,335.9,72.7,1024.4
2009112812,12.6,0,3.5,33.8,67.7,1023.7
2009112818,9.7,0,2,0,82.7,1024.7
2009112900,8.4,2,1.4,329.3,93.7,1024.6
2009112906,9,3,1.3,345,94.8,1023.2
2009112912,9.6,4,1.4,0,93.8,1020.9
2009112918,8.6,6.5,1.5,348.2,95.7,1021.4
2009113000,7.5,0,0.7,270.4,91.7,1020.7
2009113006,7.5,0,0.9,354.9,83.3,1021.6
2009113012,8.9,0.2,2.2,3.4,75.3,1021.2
2009113018,7.5,0,1.1,11.9,67.7,1022.7
2009120100,5.1,0,1.4,14.7,67.7,1023
2009120106,6.3,0,3,350,61,1024
2009120112,11,0,3.9,343.1,45.8,1023.6
2009120118,6.6,0,1.4,329.3,63.7,1026.1
2009120200,2.8,0,0.6,322,80.3,1026.2
2009120206,4.7,0,0.6,344.3,75.7,1025.8
2009120212,12.7,0,1.4,75.1,49.7,1022.3
2009120218,7.9,0,1.4,260,61.7,1020.8
2009120300,5.9,0,1.1,350,69.7,1018.3
2009120306,7.7,0,1.6,354.2,59.2,1017
2009120312,11.6,0,4.3,331.3,43.2,1016.3
2009120318,6.6,0,4,335.7,59,1020.3
2009120400,3.7,0,1.1,335.6,73.5,1021.8
2009120406,5,0,0.7,327.3,70.2,1022.5
2009120412,12.7,0,1.9,103.6,50,1019.7
2009120418,8.6,0,0.8,282.3,73.5,1018.6
2009120500,7.9,0,1.2,238.5,78,1013.6
2009120506,9.9,0.1,4.7,243.4,59.5,1009.5
2009120512,7.9,0,5.2,263.2,40,1010.8
2009120518,3.1,0,3.2,289.7,39,1016.1
2009120600,0.2,0,1.9,296.6,48.2,1019.3
2009120606,0.6,0,3.2,318.4,34.5,1022.1
2009120612,4.7,0,3.6,323.1,20.3,1022.1
2009120618,1.3,0,2.8,358.8,30.2,1024.4
2009120700,-1,0,0.9,1.3,34.3,1026
2009120706,0.9,0,2,357.6,29.7,1028.2
2009120712,8.4,0,2,42.9,25.7,1027.4
2009120718,3.2,0,1,306.8,47.7,1029
2009120800,0,0,0.3,346.4,55,1028.1
2009120806,2.6,0,0.4,340.5,52.8,1027.4
2009120812,12.4,0,2.2,51,38.3,1024.2
2009120818,8.3,0,0.8,325,40.8,1025.1
2009120900,4.4,0,0.4,350,50.8,1024.1
2009120906,5.8,0,0.6,348.7,53.7,1024.7
2009120912,10.4,0,1.4,23.2,55.3,1022.6
2009120918,9.5,0,1.1,301.5,70.3,1022.7
2009121000,8.2,2.5,0.9,261.7,93.7,1021.2
2009121006,9.1,1.5,0.9,281.9,98.5,1020.7
2009121012,11.4,2,1.7,51.8,96.2,1017.3
2009121018,11.2,5.5,1.7,352.4,97.3,1016.3
2009121100,10.1,1.5,1.4,283.3,98.2,1014.1
2009121106,11,3,1.4,354.9,93.2,1014.8
2009121112,15.2,0,2.2,357.3,69.5,1015.1
2009121118,11.2,0,1,320.1,83.7,1017.2
2009121200,9.4,0,1.1,351.8,82.8,1017.7
2009121206,10.6,0,3.9,342.7,64.2,1019.1
2009121212,13.4,0,3,338.6,51.3,1018.8
2009121218,8.9,0,1.2,331.4,74,1020.3
2009121300,7.3,0,0.9,301.6,71,1020
2009121306,6.9,0,0.5,12.6,65.7,1020.1
2009121312,10.1,0,1.6,23.2,45.5,1017.9
2009121318,7.1,0,1.9,17.7,43.2,1019.4
2009121400,4.5,0,2.5,328.1,40.5,1020.6
2009121406,5.2,0,5.3,343.3,26,1023.1
2009121412,8.5,0,3.9,333.4,23.3,1024.2
2009121418,4.2,0,1.3,1.9,27.2,1025.8
2009121500,2.1,0,2.4,349.8,30.7,1025
2009121506,2.2,0,4.9,346.8,22.2,1025.9
2009121512,3,0,3.4,343,22,1024.5
2009121518,1,0,2.3,350,27.7,1024.4
2009121600,-1.5,0,4.3,343.4,29.3,1024.4
2009121606,-3.8,0,4.4,346.5,30.2,1025.6
2009121612,-0.3,0,5.3,321.8,20.5,1023.5
2009121618,-1.5,0,3.3,315.1,35.5,1024
2009121700,-2.8,0,1.8,315.1,53.8,1023.6
2009121706,-2.2,0,2.7,307.2,51.8,1023.8
2009121712,1.1,0,3.8,291.9,32.5,1021
2009121718,-1.3,0,3.3,308.4,41.3,1021.4
2009121800,-3.4,0,2.7,305,45.2,1021.8
2009121806,-3.7,0,3.6,339.1,41.7,1023
2009121812,0.4,0,4.1,305,30.3,1021.3
2009121818,-2.9,0,3,343.4,34.2,1022.7
2009121900,-4.3,0,4,338.7,47,1022.2
2009121906,-2.9,0,3.8,331.1,42,1022.6
2009121912,1.9,0,3.4,288.6,27.7,1021
2009121918,-0.5,0,2.3,340,39.2,1021.5
2009122000,-1.4,0,2.1,315.1,54.8,1020.3
2009122006,-0.5,0,2.4,270,55.8,1019.6
2009122012,3.6,0,4.8,284.7,44.8,1016.2
2009122018,1.1,0,3.2,321.8,53.3,1018.3
2009122100,-2.4,0,3,1.9,52.3,1022.2
2009122106,-3,0,3.6,353.6,37,1025.2
2009122112,4,0,2.3,22.8,19.5,1024.1
2009122118,0,0,0.8,342.8,32.3,1024.8
2009122200,-3.6,0,0.7,316.2,51.3,1024.3
2009122206,-1.3,0,0.5,285.8,58,1024.4
2009122212,9.3,0,3,235.3,34.8,1021.6
2009122218,3.9,0,0.2,0,54.7,1021.9
2009122300,0.4,0,0.3,342.8,72.2,1020.6
2009122306,2.8,0,0.4,4.8,74.3,1019.6
2009122312,12.1,0,2.3,0,42.8,1018.5
2009122318,6.5,0,0.8,284.5,65.5,1020.9
2009122400,2.3,0,0.5,330.5,80.5,1021.5
2009122406,3.8,0,0.4,348.7,75.3,1022.1
2009122412,11.2,0,1.4,72.6,61.7,1018.8
2009122418,7.8,0,0.6,334.2,79.5,1018.9
2009122500,4.8,0,0.2,348.7,89.8,1017.1
2009122506,5.3,0,0.3,350,88.8,1015.2
2009122512,12.8,0,2.5,252.7,41.7,1011.5
2009122518,8.1,0,3.1,307.2,51.7,1012.3
2009122600,1.8,0,3.5,323.3,49.3,1014.3
2009122606,-0.4,0,3,350,45.8,1018.7
2009122612,4.3,0,4.5,340,20,1018.4
2009122618,-0.3,0,1.3,40.4,28.7,1021.5
2009122700,-2.6,0,0.5,322,38.3,1021.8
2009122706,-1.1,0,0.5,325.9,42.7,1020.1
2009122712,7.6,0,2.1,22.8,38,1014.8
2009122718,1.5,0,4.5,346.4,30.5,1015.7
2009122800,-2.1,0,3.8,328.8,49.2,1017.8
2009122806,-2.5,0,3.3,311.5,45.7,1020.7
2009122812,1.9,0,4.3,321.8,26.5,1019.1
2009122818,-1.5,0,2.9,353.2,31.8,1021.1
2009122900,-4.8,0,0.7,316.9,42.8,1020.5
2009122906,-3.2,0,0.8,356.4,40.7,1019.8
2009122912,5.4,0,1.7,325,27.7,1017.2
2009122918,1.7,0,0.7,321.4,50.5,1016.7
2009123000,3.6,0,1.2,25,66,1013.2
2009123006,5.4,0,3.1,277.9,56.5,1011.1
2009123012,6,0,5.8,284.7,30.3,1010.3
2009123018,-0.4,0,2.3,308.2,43.2,1014.6
2009123100,-3.1,0,3.2,288.2,46.2,1015.7
2009123106,-3.8,0,4.1,291.3,38,1018.1
2009123112,-1.8,0,5.1,323.3,24.2,1018.7
2009123118,-5.3,0,3.4,315.1,23.8,1021
2010010100,-6,0,4.2,310.1,36,1020.8
2010010106,-3.6,0,4.8,320,42.5,1021.3
2010010112,1.9,0,3.2,302.7,29.8,1019.2
2010010118,-0.6,0,2.1,299.6,42.2,1020
2010010200,-2.7,0,0.8,2.1,55.5,1019.5
2010010206,-2.1,0,0.7,307.5,59.7,1017.8
2010010212,7.7,0,1.9,287.7,54.8,1012.5
2010010218,5.2,0,2,346.6,58.7,1014.3
2010010300,0.2,0,3.2,353.2,49.5,1017.4
2010010306,-1.5,0,3,343.1,44.5,1020
2010010312,3,0,3.7,332.1,20.5,1019
2010010318,-0.2,0,1.4,14.3,28.2,1019.4
2010010400,-1.7,0,0.6,319,37.3,1017.9
2010010406,-0.4,0,0.4,332.1,38.7,1013.7
2010010412,4.8,0.5,2.6,312.1,70,1005.3
2010010418,3,0,5.3,276.8,48.7,1009.7
2010010500,-1.3,0,3.5,311.6,52.5,1014.8
2010010506,-2.2,0,5.4,323.3,49.5,1017.9
2010010512,-0.3,0,6.2,320,33.7,1018.2
2010010518,-3.3,0,4.5,291.6,37.3,1020.5
2010010600,-5.7,0,6,325.3,43.5,1020.8
2010010606,-5,0,3.7,354.3,40.3,1022
2010010612,-0.2,0,6.5,299.9,27.2,1020.2
2010010618,-4,0,3.3,318.9,38.5,1022.3
2010010700,-6.8,0,2.9,0.9,54.3,1023.2
2010010706,-5.5,0,3.9,0,53.3,1023.4
2010010712,1,0,3.1,339.1,36.2,1021.5
2010010718,-3,0,2.2,356.9,46.7,1022.6
2010010800,-5.8,0,1.6,341.2,58,1021.9
2010010806,-4,0,1.9,0.4,52,1022.3
2010010812,3.8,0,3.1,353.2,33.7,1020.2
2010010818,-0.1,0,2.7,349.8,43,1022.1
2010010900,-3,0,0.8,18.4,51.7,1023.1
2010010906,-0.6,0,1.2,24.4,41.5,1023.8
2010010912,5.4,0,3.1,50,26,1021.9
2010010918,1.7,0,1.6,353.5,41.3,1024.5
2010011000,0.6,0,1.4,348.3,59.8,1025.8
2010011006,-0.2,0,2.3,21.6,63.7,1026.7
2010011012,4,0,2.2,40.1,45.5,1024.6
2010011018,1.7,0,0.8,10,51.8,1023.9
2010011100,-0.4,0,1.5,346.2,60.7,1022.4
2010011106,-0.6,0,2.8,1,58.3,1021.6
2010011112,4.1,0,3.9,325.3,37,1018.5
2010011118,1.6,0,2.7,325.3,48.5,1019.2
2010011200,-0.5,0,3.9,340,52.3,1018.4
2010011206,-2.8,0,4.2,332.1,46.3,1018.5
2010011212,-1.1,0,4.9,310.1,28.8,1016.1
2010011218,-3.6,0,2.7,288.2,29.5,1017.5
2010011300,-5.8,0,3,299.9,47.8,1017.1
2010011306,-6.4,0,4.3,311.5,40,1019
2010011312,-2.8,0,5.6,316.8,26,1019.6
2010011318,-5.1,0,1.5,270,39.3,1023.1
2010011400,-6.8,0,1.7,6.6,47.3,1025.9
2010011406,-5.5,0,1.2,37.4,49.7,1028.5
2010011412,1.1,0,2.2,283.5,34.7,1026.5
2010011418,-2.3,0,0.9,345.6,50,1027.4
2010011500,-5.2,0,0.4,336.3,64.3,1027.8
2010011506,-3,0,1,240,63.5,1028.9
2010011512,5.3,0,2.4,0,41.7,1027.6
2010011518,1.5,0,2.1,322.3,52.5,1029.5
2010011600,-2.5,0,2.2,15.8,58.2,1031
2010011606,-2.2,0,0.7,10,49,1032.2
2010011612,5.8,0,1.9,125,18.8,1029.6
2010011618,0.9,0,1.9,346.2,27.3,1030.7
2010011700,-2.4,0,1,338.2,33.5,1031.6
2010011706,-2.1,0,0.8,342,39,1032.7
2010011712,7.1,0,2.2,56.4,15.2,1030.9
2010011718,1.3,0,0.8,13.6,26.3,1030.8
2010011800,-2.7,0,0.4,335.9,40.5,1029.3
2010011806,-1.5,0,0.8,276.7,46,1030.1
2010011812,9.6,0,2.1,141.4,25.2,1028.4
2010011818,4.2,0,1.1,347,49.2,1030.3
2010011900,-1,0,0.5,308.8,70.5,1030.9
2010011906,0.3,0,0.2,355.2,70.5,1030.9
2010011912,12.6,0,1.6,158.7,36.7,1026.8
2010011918,10.6,0,1.7,215,64.2,1026.3
2010012000,11.1,0,1.8,228.7,79,1024.3
2010012006,12.9,0.1,1.5,217.1,91.2,1021.3
2010012012,15,4.4,3.8,206.5,91,1013.9
2010012018,13.8,0,1.5,311.1,85.7,1013
2010012100,10.9,0,0.6,30.7,95.5,1011.3
2010012106,8.2,0.5,3.3,23.2,81,1015.1
2010012112,9.3,0,4.1,340,33.7,1017.2
2010012118,2.6,0,4,346.4,39,1021.3
2010012200,-1.9,0,3.1,22.4,42.5,1023.7
2010012206,-1.5,0,4.4,357.6,40.3,1024.5
2010012212,2.5,0,5.2,318.4,26.8,1022.7
2010012218,-1,0,3.3,288.2,34.2,1024.4
2010012300,-3,0,3.4,333.4,39.3,1023.7
2010012306,-2.1,0,5.1,321.8,46.5,1023.7
2010012312,3.3,0,4.1,323.3,32.3,1022
2010012318,0.1,0,1.8,353.4,41,1023.5
2010012400,-1.4,0,3.1,354.1,50.5,1023.9
2010012406,0.3,0,2.8,328.8,52.2,1024.4
2010012412,7.9,0,2.4,247.1,26,1020.5
2010012418,3.7,0,0.9,293.1,45.8,1020.3
2010012500,1.2,0,0.8,299.6,58,1019.3
2010012506,2.5,0,1,334.8,58.2,1018.4
2010012512,7.6,0,5.7,311.5,24.8,1018.7
2010012518,1.8,0,3.3,346.4,22.5,1024.9
2010012600,-1.6,0,3.7,1.3,34.8,1026.2
2010012606,-1.1,0,3.3,360,33,1029.3
2010012612,5.4,0,2.9,41.6,20.8,1028.5
2010012618,0.9,0,1,323.8,32,1028.6
2010012700,-3,0,0.3,348.6,50.7,1026.6
2010012706,-0.5,0,0.6,290.2,49,1023.9
2010012712,9.6,0,3.5,215,52.7,1017.8
2010012718,7.7,5.5,0.6,315,95.5,1011.8
2010012800,7.3,6,2.8,6.1,90.2,1010.1
2010012806,6.1,0,3.6,350,69.8,1014.6
2010012812,10,0,4.7,319.1,37,1015.8
2010012818,5.8,0,2.5,310.1,38.5,1019.2
2010012900,2.8,0,2.1,308.7,37,1021.2
2010012906,1.2,0,1.7,353.2,39.5,1022.9
2010012912,6.7,0,3.3,242.5,30.3,1020.7
2010012918,3.8,0,2.8,266,42.2,1021
2010013000,1.2,0,2.9,335.2,43.5,1022.7
2010013006,2.4,0,2.6,306,50.3,1024
2010013012,8.7,0,2.2,113.3,37.3,1020.8
2010013018,6.9,0,1.5,274.8,42.2,1021.3
2010013100,4.9,0,0.8,4.2,49.5,1020.5
2010013106,4.4,0,0.8,314.3,54.2,1020.2
2010013112,10.6,0,2,64.9,39.7,1018.7
2010013118,5.8,0,1.2,327.1,65.2,1020.1
2010020100,2.6,0,0.6,329.4,71.5,1018
2010020106,4.3,0,0.6,346.4,67.5,1015.5
2010020112,7.9,0,2.2,356.9,64.7,1012.5
2010020118,5,0,2.1,338.7,63.8,1014.7
2010020200,1.9,0,3.4,313.4,58.7,1017.3
2010020206,1,0,3,333.4,41.8,1019.9
2010020212,2.7,0,4.1,336.7,18.7,1019.7
2010020218,0.2,0,2.5,333.2,17.3,1021.7
2010020300,-3.4,0,3.7,310.1,24.5,1023.2
2010020306,-4.1,0,4,310.1,35.2,1024.7
2010020312,1,0,4.9,326.6,18.8,1022.9
2010020318,-1.8,0,2.4,339.1,21.8,1024.5
2010020400,-4.5,0,3.3,313.4,34,1025.9
2010020406,-3.1,0,2.2,336.7,48.2,1025.9
2010020412,2.9,0,3.4,301.1,28.2,1022.3
2010020418,0.4,0,1.9,351.6,31.7,1023
2010020500,-0.6,0,3.3,326.6,46.5,1023.1
2010020506,0.4,0,1.6,293.3,49.5,1024
2010020512,5.4,0,3.8,321.8,18.7,1021.6
2010020518,1,0,2,47.2,27,1023.4
2010020600,-2,0,2,41.3,27,1025.2
2010020606,-2.5,0,3.1,3.4,30.3,1027.8
2010020612,4.7,0,2.5,37.8,18.3,1027.5
2010020618,0.6,0,0.9,17.6,48.5,1030.2
2010020700,-3,0,0.1,348.7,62.2,1030
2010020706,-1.3,0,0.4,332.3,58.5,1029.6
2010020712,8.7,0,2.7,162.4,46,1026.1
2010020718,7.1,0,1.4,256.4,60.8,1025
2010020800,5.6,0,0.5,308.8,70.7,1023.1
2010020806,5.2,1,0.2,350,93.7,1021.1
2010020812,7.9,2,0.2,10,97,1016.8
2010020818,7.4,1,0.6,34.2,98.3,1015.8
2010020900,6,0,0.5,314.9,99,1017.1
2010020906,6.1,0,0.4,341,98.5,1017.7
2010020912,8.1,4,0.9,11.9,97.5,1016.1
2010020918,6.6,5,1.3,339.6,96.8,1016
2010021000,5.7,4.5,1.1,293.2,97.3,1015.2
2010021006,6.8,0.5,1.6,298.4,96.8,1016.2
2010021012,7.6,6.5,2.3,345.9,95.8,1015.9
2010021018,6.9,2,2.4,50,96.3,1019
2010021100,6.7,2,3.4,56.6,93.5,1019.2
2010021106,4.6,7.5,4.5,60,92.3,1018.3
2010021112,2.8,12,4.2,28.5,91.5,1017.2
2010021118,1.8,2.5,3.5,13.4,90.8,1020.3
2010021200,1.6,0.5,3,3.3,86.7,1022.6
2010021206,1.8,0,3.5,10,80.3,1024.4
2010021212,2.5,0,3,15,80.7,1024.5
2010021218,0.8,0.5,1.4,315.3,94.5,1025.4
2010021300,0.2,3,0.7,300.6,98.3,1024.7
2010021306,0.8,2.5,0.9,341.3,96.2,1024.1
2010021312,2.4,0,3.6,357.6,74.3,1023.4
2010021318,0.1,0,2.4,19.7,67.2,1026
2010021400,-2,0,1.7,3.3,71.7,1026.4
2010021406,-1.5,0,0.8,356.6,64,1027.6
2010021412,3.5,0,2.1,32.9,46,1026.6
2010021418,2.2,0,1.8,303.9,58.5,1026.6
2010021500,0.6,0,0.8,326.9,71.7,1024.8
2010021506,1.6,0,2.9,353.4,64.7,1024.1
2010021512,7.1,0,3.2,345.3,46.3,1021.2
2010021518,3.3,0,2.2,6.3,63.8,1022
2010021600,0,0,1.9,353.1,58.8,1023.4
2010021606,0.7,0,3.7,356.7,65.5,1025.3
2010021612,4.4,0,3.7,43.4,54.8,1025
2010021618,1.1,0,1.9,25.8,71.2,1026.3
2010021700,-1,0,0.3,338.1,51.3,1027.2
2010021706,0,0,1.5,5.7,35.3,1026.2
2010021712,5.5,0,2.3,45.1,25.8,1022.4
2010021718,2.1,0,0.9,352.1,37.2,1021.1
2010021800,-0.9,0,1.1,297.4,49.7,1019.8
2010021806,0.9,0,2.3,326.4,51.8,1021
2010021812,4.3,0,4.9,318.4,29.2,1019.7
2010021818,0.3,0,4.4,291.6,26.7,1021
2010021900,-1.8,0,4,321.8,35.8,1020.9
2010021906,0,0,2.3,262.6,49.3,1021.1
2010021912,5.9,0,4,291,37.3,1018.7
2010021918,2.8,0,2.2,326.7,43,1020.3
2010022000,-1.6,0,0.4,335.9,59.3,1021.4
2010022006,0.3,0,0.7,297.7,54,1022.5
2010022012,9.9,0,2.3,45.3,32,1021.1
2010022018,5.1,0,1.3,208.8,50.8,1022.3
2010022100,-0.3,0,0.6,292.8,70.2,1022.9
2010022106,2.1,0,0.2,334.8,64.2,1022.7
2010022112,10.7,0,2.8,161,45.7,1020.5
2010022118,7.3,0,2.1,239.4,60.8,1020.7
2010022200,2.9,0,0.5,335.2,83.2,1019.3
2010022206,5.9,0,0.4,19.5,76,1018.3
2010022212,15.7,0,2.6,2.7,34.2,1016
2010022218,10.3,0,2.3,20,63.5,1017.9
2010022300,4.8,0,0.6,308.1,78.5,1017.9
2010022306,5.9,0,0.7,192.9,71.7,1018.8
2010022312,14.8,0,2.7,121.8,45.3,1016.5
2010022318,9.1,0,1,80,77.5,1017
2010022400,4,0,0.2,332.3,90.8,1017.5
2010022406,6.5,0,0.3,336.3,76.8,1017.3
2010022412,18.9,0,5.1,206.6,53.2,1015.1
2010022418,16.5,0,2.3,206.6,77.7,1016
2010022500,16.3,0,3.1,173.4,80.5,1014.9
2010022506,15.4,0,4.2,180,83.2,1012.9
2010022512,15.4,10,4.2,190,92.8,1009.6
2010022518,15.6,18.5,2.1,194.7,96.3,1008.5
2010022600,13.8,0,1.7,35.8,97.7,1008.9
2010022606,8.8,0,3.2,16.7,90.7,1012.5
2010022612,6.6,21.5,2.9,10,91.8,1014.1
2010022618,6.1,1,2.7,350,81.2,1016.1
2010022700,6.1,0,3.3,10,79.5,1017.1
2010022706,6.2,0,3.9,40.1,76.5,1018.5
2010022712,7.2,0,3.6,45.1,73.2,1016.5
2010022718,6.3,0,3.3,343.3,77.2,1017.3
2010022800,5.8,0,1.4,330.6,83.8,1018.2
2010022806,7.2,0,0.9,240,79.2,1020.3
2010022812,13.8,0,3.2,116.6,63,1017.9
2010022818,10.2,0,1.2,354.9,81.3,1018
2010030100,7.4,0,0.9,319.9,88.5,1016.9
2010030106,7.9,5,1.4,336.1,95.3,1013.3
2010030112,6.9,9.5,4.5,16.7,93.3,1012.5
2010030118,5.1,0.5,3.5,10,88.7,1016.4
2010030200,5,0,2.4,333.4,85.8,1016.9
2010030206,4.9,0,1.6,289,90.7,1016.8
2010030212,8.2,0,1,10.1,81.8,1014.8
2010030218,7,0,2,29.9,85.2,1016.9
2010030300,4.4,0,2.3,22,74.2,1019.1
2010030306,4.7,0,3.2,358.4,65.8,1023.2
2010030312,8.9,0,5.3,53.3,54.3,1023.9
2010030318,7.3,0,3.5,56.6,64.7,1024.7
2010030400,7.4,0.1,2.4,58.8,77.7,1021.2
2010030406,7.9,1.9,2.6,70,90.5,1016.7
2010030412,8.1,5,2.2,4.4,95,1011.7
2010030418,6.9,4,1.6,333.4,94.2,1013.7
2010030500,6.3,0,1.2,298.7,94.3,1016.5
2010030506,7,0,0.8,290.8,93.2,1017.7
2010030512,9.5,0,1.1,9.8,86.7,1017
2010030518,8.6,0,1.4,345.7,94.3,1017.7
2010030600,8.3,0.2,2.2,357.3,89.8,1017.7
2010030606,8.4,0,3.3,21.6,80.7,1019.3
2010030612,7.2,0,4.1,37.1,82,1021.5
2010030618,4.7,0.5,3.8,24.9,86.3,1024.5
2010030700,3.3,3,3.3,6.8,89.2,1025.4
2010030706,3.5,0,4.5,20,77.2,1026.6
2010030712,4.9,0,4.4,24.9,67.5,1026.1
2010030718,4.4,0,3.6,16.7,69.3,1028
2010030800,4.2,0,4.2,20,73.3,1030.2
2010030806,3.9,0,4,45.1,70.3,1031.9
2010030812,4.3,0.1,4.7,35,70.8,1030.7
2010030818,3.2,0,3.2,16.2,82.2,1029.6
2010030900,2.2,6.9,2.3,346.6,94.5,1027.3
2010030906,1.4,11,2.5,3.4,96.7,1025.2
2010030912,3.3,8.5,3.8,10.2,88.2,1020.8
2010030918,1.9,1,1.5,328.5,92.3,1017.6
2010031000,0.1,7,2.8,318.1,98.2,1013.1
2010031006,-1.8,3.5,4.5,330,88.2,1014.8
2010031012,2.2,0,4.5,319.8,67.5,1016.9
2010031018,1.1,0,3.3,338.7,65,1021.1
2010031100,-0.9,0,1.1,303.1,75.5,1023.3
2010031106,1,0,1.9,282.8,59.8,1024.6
2010031112,8.7,0,3.6,233.5,31,1022.6
2010031118,5.9,0,3.6,209.9,56.2,1023.2
2010031200,5.3,0,2.4,209.1,67.3,1021.5
2010031206,8.7,0,4.7,223.8,66,1019.7
2010031212,13.6,0,8.2,204.9,59.3,1015.3
2010031218,13.6,0,5.1,225.1,61.8,1015.8
2010031300,10.3,0,1.6,185.2,66.8,1019.5
2010031306,8.5,0,2,48.7,37.5,1024.8
2010031312,13.4,0,2.8,106.9,31.8,1024.2
2010031318,8.9,0,1.3,82.5,64.3,1026.6
2010031400,5.1,0,0.3,335.2,82,1027.2
2010031406,7.3,0,0.9,23.5,78,1028.2
2010031412,10.9,0,3.5,80,68,1026.7
2010031418,10.1,0,1.5,58.1,71.3,1024.5
2010031500,8.8,0.5,0.9,323.9,84.2,1018.3
2010031506,10.7,4,1.1,264.9,98,1011.1
2010031512,15.6,6,2.2,223.8,95,1004.9
2010031518,12.4,0,4.3,318.4,54.3,1009.3
2010031600,6.7,0,5.6,290.9,34.5,1012.8
2010031606,4.8,0,3.9,323.3,39.8,1017.2
2010031612,9.2,0,5.5,278.1,27.3,1017.8
2010031618,4.9,0,2.9,313.8,30.5,1022.5
2010031700,1.1,0,2.1,346.4,39.5,1026.3
2010031706,2.6,0,2.6,4.7,39.3,1027.5
2010031712,8.5,0,2.9,122.6,30.5,1024.1
2010031718,6,0,1.9,1.1,46.7,1022.7
2010031800,4.2,0,0.8,287.7,66.5,1019.3
2010031806,3.6,0.5,2.4,8.1,86.5,1017.5
2010031812,6.2,0,3.5,356.6,63.8,1017.2
2010031818,4.2,0,2.5,346.6,41.3,1018.2
2010031900,-0.2,0,0.7,317.6,58.2,1018
2010031906,3,0,0.7,20.8,48,1016.2
2010031912,14.3,0,5.2,204,27.8,1010.9
2010031918,12.1,0,4.6,183.4,66,1009.1
2010032000,15.5,0,4.8,215,76,1004.5
2010032006,18.1,0,7,230,71.3,1001.2
2010032012,20.7,0,6.6,215,61.8,996.5
2010032018,15,0.1,5.7,245.6,48.7,998.7
2010032100,9,0,6.8,270,38.5,1004.6
2010032106,5.6,0,6.6,290,30.8,1011.2
2010032112,9.8,0,5.3,315.1,21.2,1013.6
2010032118,7.3,0,2.2,323.5,25,1016.6
2010032200,4.5,0,2.2,342.8,35,1018.5
2010032206,6.2,0,1.6,32,38.3,1020.5
2010032212,9.6,0,2.5,105,34,1017.2
2010032218,8.5,0,1.6,227.6,55.7,1016.9
2010032300,6.8,0.1,1,16.2,69.7,1016.2
2010032306,5.6,2,0.6,330.6,81.7,1016.6
2010032312,9.6,1,2.5,52.7,63.2,1015.8
2010032318,8.3,0,3.3,42.3,70.2,1018.8
2010032400,7.4,0,2.7,3.4,70.7,1019.9
2010032406,9,0,4.1,41.5,68.2,1019.7
2010032412,9.9,0,4.9,50,56,1018.1
2010032418,7.7,0,3,1.3,64.2,1016.7
2010032500,6.3,0,2.6,343.4,71.3,1015.5
2010032506,6.6,0.2,2.5,356.9,74.3,1015.7
2010032512,7.2,0.3,3.2,6.6,76.5,1014.1
2010032518,3.2,3,2.3,320.2,90,1016.6
2010032600,1.4,0.5,3.1,334,49.2,1019.4
2010032606,2,0,3,336.6,36.2,1024.2
2010032612,7.1,0,3.9,272.3,27.5,1023.7
2010032618,5.1,0,2,227.9,44.7,1024.4
2010032700,0.6,0,0.4,335.9,65.7,1026.2
2010032706,4.1,0,0.8,0,55.2,1026.7
2010032712,12.1,0,3.8,240,37,1023.9
2010032718,8.2,0,1.9,70,68.8,1023.8
2010032800,5.3,0,0.1,0,84,1023.5
2010032806,7.2,0,0.5,335.3,71,1023.4
2010032812,12.7,0,4.1,342.9,42,1020.7
2010032818,5.9,0,2.5,16.9,74.3,1024.1
2010032900,2.9,0,0.6,348.6,84.2,1026.4
2010032906,5.3,0,1.8,50.4,59.2,1028.2
2010032912,9.4,0,4.4,49.2,47.8,1027.6
2010032918,5.9,0,3,25,63.3,1031
2010033000,4.8,0,1.1,341.6,66.5,1032.2
2010033006,6.3,0,0.8,42.9,62.3,1032.4
2010033012,11,0,3.5,141.8,48.7,1029.9
2010033018,8.6,0,2.3,193.9,58.7,1027.7
2010033100,8.3,0,0.9,247.7,64.5,1025.4
2010033106,6.8,2.5,0.7,301.9,92.5,1023
2010033112,9.6,6,0.8,16.1,97.8,1018.1
2010033118,11.9,4.5,1.9,210.2,98,1015.4
2010040100,11.8,0,1.2,305.5,99,1012.8
2010040106,13.4,0,1.1,264.6,90,1011.5
2010040112,12.9,24,1.8,31.6,94.5,1007.8
2010040118,9.3,15,1.6,8.7,94.5,1008.6
2010040200,6.7,0,2.7,338,68.5,1012.9
2010040206,8,0,2.5,331.8,37.7,1017.7
2010040212,12.9,0,3.4,265.7,23.3,1016.3
2010040218,10.1,0,1.1,311.6,36.8,1018.2
2010040300,7,0,2.6,276.4,40.3,1020.3
2010040306,6.4,0,3.6,326.1,28.8,1024.7
2010040312,12,0,3.7,129.3,27.3,1023.6
2010040318,7.7,0,2.2,230,42.3,1024.3
2010040400,3,0,0.8,294.7,64.8,1024.1
2010040406,6.9,0,1.4,341.6,57.5,1023.5
2010040412,14.5,0,4.3,133.4,45,1018.8
2010040418,11.5,0,2,206.2,43.5,1017.2
2010040500,7.6,0,0.8,317.3,61.7,1016.6
2010040506,11.8,0,0.9,280,45.3,1016
2010040512,18.2,0,3.2,119.9,30,1013.7
2010040518,13.8,0,1.7,164.9,61,1014.5
2010040600,10.2,0,0.7,297.3,83.8,1014
2010040606,12.6,0,0.9,212.4,77.7,1015
2010040612,20.6,0,2.1,187.1,43.8,1012.3
2010040618,11.4,0,4.5,40.1,70.2,1016.3
2010040700,7.5,0,3.2,35,68.3,1020.9
2010040706,8,0,4.4,31.8,55.2,1023.9
2010040712,8.9,0,5.7,60,51.7,1023.9
2010040718,5.9,0,2.1,27,62.5,1025.3
2010040800,2.8,0,0.6,317.1,76.8,1025.5
2010040806,6.4,0,0.8,305.9,65.5,1025.4
2010040812,13.1,0,4,125,48.2,1022.9
2010040818,9.8,0,1.9,186.1,64.5,1022.6
2010040900,6.3,0,0.6,297.3,78.8,1021.9
2010040906,9,0,0.4,303.9,72.2,1020.9
2010040912,16.2,0,2.8,172.6,54.8,1016.7
2010040918,13.1,0,2.5,209.6,73.8,1016.8
2010041000,8.5,0,0.6,310.4,88.8,1015.7
2010041006,12.6,0,0.8,238.1,71.3,1015
2010041012,19.4,0,3.1,190,56,1011.5
2010041018,16.4,0,1.4,339.8,73.8,1013.3
2010041100,13.9,0,2.3,68,71.7,1015.3
2010041106,10.9,0,3.9,29.9,70.5,1019.2
2010041112,11.9,0,3.5,40.1,71.8,1017.4
2010041118,10.8,0,2.6,7.9,79,1016.4
2010041200,9.3,9.2,1.8,336.6,93.3,1014.2
2010041206,9.6,0.5,3.2,0,91.2,1013.1
2010041212,10.4,0,3.6,3.3,88,1011
2010041218,9.4,0,1.5,330.5,85.2,1011
2010041300,8.8,0,0.9,319,90.2,1009.5
2010041306,11.5,0,4,321.6,67,1009.6
2010041312,13.8,0,5.2,308.2,27.2,1013
2010041318,7.7,0,3.9,320,29.7,1019.6
2010041400,3.2,0,3.1,310.1,39,1024.1
2010041406,5.5,0,4.2,318.5,30.5,1025.4
2010041412,9.7,0,2.7,96.3,29.3,1023.4
2010041418,3.4,2.5,2.1,328.9,78.8,1025.3
2010041500,2,0.5,1.6,353.5,83.3,1024.9
2010041506,4.3,0,2.9,358,69.3,1025.1
2010041512,8.8,0,4.7,58.8,52.8,1024
2010041518,6.6,0,1.8,10,56.8,1024.4
2010041600,2.9,0,0.6,295.3,74.8,1024.1
2010041606,7,0,0.8,242.4,58,1023.4
2010041612,13,0,3.2,119.9,45.3,1021.4
2010041618,9.3,0,2.2,212.1,61,1022.4
2010041700,4.6,0,0.8,287,81,1023.9
2010041706,8.8,0,1,213.6,60.5,1025.4
2010041712,17.5,0,4.1,105,38.2,1023.2
2010041718,14.1,0,2.1,309.5,39.7,1024.6
2010041800,7.5,0,0.9,270.7,63,1026.6
2010041806,10.1,0,1,210.6,57.8,1027.4
2010041812,15.2,0,2.4,166.6,54.8,1025.3
2010041818,13.1,0,1,315,59.8,1024.5
2010041900,11.1,0,0.4,314.9,73.8,1023.3
2010041906,13.7,0,1,72.5,72.7,1022.3
2010041912,17.2,0,2.1,140.1,61.3,1019.4
2010041918,13.8,0.5,2,212.1,78.8,1016.5
2010042000,12.4,2,0.5,340.3,96.7,1014
2010042006,14.7,0.5,1.3,83.9,91.7,1013.1
2010042012,17.6,0,3.2,70,75.8,1012.7
2010042018,12.6,0,2.8,56.4,84.3,1016
2010042100,10.6,0,2,37.1,85.2,1018.1
2010042106,12.1,0,2.8,31.8,71.5,1020.2
2010042112,13.4,0,5,53.3,66.8,1018.6
2010042118,10.7,9,4.8,50,80.8,1017.1
2010042200,8.1,30,4.8,50,91.5,1014.4
2010042206,9,2.5,3.6,40.4,89.5,1012.8
2010042212,10.2,0,4.2,29.9,82.8,1012.7
2010042218,9.3,0,2.4,350,79.8,1015
2010042300,8.2,0,1.1,329.8,81.5,1014.5
2010042306,8.6,0.1,0.8,310.8,80.8,1014.8
2010042312,12.3,0,2.8,49.8,66.2,1014.6
2010042318,9.2,0,2.5,37.1,74.8,1017.4
2010042400,6.9,0,1,274.4,86.7,1019.2
2010042406,10.2,0,1.4,267.5,70.2,1022
2010042412,15.9,0,3.6,131.5,44.5,1021.5
2010042418,11.4,0,2.3,224.3,58.3,1022.7
2010042500,6.8,0,0.8,287.7,79.7,1024.1
2010042506,12.4,0,1.4,251.1,55.8,1025.3
2010042512,18.8,0,3.8,116.6,29.7,1023.9
2010042518,14,0,1.4,32.3,47.7,1024.6
2010042600,10.3,0,0.6,294.1,70.8,1024.7
2010042606,12.9,0,1.6,203.8,70.2,1023.2
2010042612,13.5,2.5,2.7,205,75,1020
2010042618,12.7,3.5,2.5,152.1,92.2,1016.9
2010042700,12.8,8,3.8,178,96,1010.6
2010042706,15.3,0.5,2.4,198.2,80.8,1007
2010042712,18.3,0,6.1,238.8,38.7,1004.1
2010042718,11.4,0,4,256.6,41,1009.8
2010042800,6.8,0,2.3,218.9,49.3,1013
2010042806,8.1,0.5,1.8,222.5,51.3,1013.5
2010042812,9.2,1,2.8,235.7,75.7,1009.9
2010042818,9.4,0.5,3.7,245.6,73.3,1006.8
2010042900,7.3,0,5.6,246.7,57.7,1009.7
2010042906,10.4,0,5.3,256.6,45.5,1011.7
2010042912,16,0,5.9,260,29.7,1011
2010042918,12.9,0,2.8,253.4,31.7,1013.6
2010043000,10.1,0,2.3,214.2,40,1014.6
2010043006,12.9,0,3.7,222.4,39.3,1014.3
2010043012,17.6,0,5.3,263.2,30.3,1012.7
2010043018,14.3,0,2.2,270.4,36.8,1013.6
2010050100,8.7,0,1,295.3,58.7,1015.6
2010050106,11.7,0,2.1,249.5,47.8,1017.4
2010050112,18.9,0,3.4,117.4,35.7,1015.9
2010050118,16.3,0,3,235,47.5,1015.8
2010050200,11.7,0,0.3,348.6,64.7,1016.8
2010050206,16.2,0,0.9,36.7,51,1017.5
2010050212,24.4,0,4.4,204.9,33.8,1014.6
2010050218,19,0,3.7,204.1,64.5,1015
2010050300,16.8,0,2.2,230.7,78.8,1015.6
2010050306,21,0,4.8,206.6,67.3,1016
2010050312,26.4,0,6,220.1,46.7,1013
2010050318,21.4,0,4,206.6,66,1014.2
2010050400,19.2,0,2.7,215,68,1015
2010050406,21,0,1.2,78.4,59.3,1014.8
2010050412,25.6,0,3.4,111.4,50.2,1012.1
2010050418,20.7,0,1.3,350,70.2,1011.9
2010050500,17.4,0,0.7,338.1,76.7,1012.1
2010050506,20.6,0,1.3,45,60.7,1012
2010050512,25,0,5.2,201.6,42.7,1010
2010050518,21.1,0,3.4,209.9,64.2,1010
2010050600,19.8,0.1,4.2,183.3,82.3,1007.3
2010050606,19.9,0.3,3.9,186.6,88.5,1004.8
2010050612,24.3,0,5.1,230,68.7,1002
2010050618,21.5,0,2.8,202.4,72,1002.2
2010050700,15.4,0,3.2,314.5,48.3,1005.7
2010050706,18.5,0,5.1,308.2,35.8,1007.2
2010050712,25.6,0,4.8,321.8,20.7,1005.2
2010050718,21.2,0,1.6,8.7,37.8,1007
2010050800,15.3,0,1.1,289,52.7,1008.9
2010050806,18.9,0,2.4,262.6,42.2,1009
2010050812,24.5,0,3.3,128.1,36,1006.9
2010050818,19.5,0,1.7,51.5,47.5,1008.7
2010050900,15.4,0,0.7,21.9,62.7,1009.8
2010050906,18.2,0,0.7,33.6,57,1011.1
2010050912,23.3,0,3.3,119.9,33.8,1009.5
2010050918,19,0,1.3,260.6,53.8,1009.3
2010051000,16.6,0,1,299.8,68.2,1007
2010051006,16.6,0.1,1.2,45,75,1008.4
2010051012,18,0,2.4,74.9,60.3,1007.6
2010051018,15.6,0,2,91.9,79.3,1008.4
2010051100,13.6,0,1,59.8,88,1009.8
2010051106,14.1,0,2.5,41.3,78.5,1012.5
2010051112,15.1,0.3,3.1,86.6,70,1011.8
2010051118,12.1,0.2,2.2,48.5,83.5,1012.5
2010051200,10.3,0,1.3,12.4,88.2,1013.7
2010051206,12.9,0,1.8,19.8,73.5,1015.5
2010051212,17.1,0,4,119.9,60.3,1014
2010051218,14.7,0,2.7,131.5,73.3,1015.4
2010051300,13,0,1.2,55,82.2,1016
2010051306,15.1,0,1.4,60.7,75.2,1017
2010051312,17.3,0,3.7,113.7,65.7,1016.6
2010051318,14.1,0,2.2,52.3,72.2,1018.6
2010051400,11.3,0,0.8,281.6,83.2,1019.5
2010051406,14.6,0,2.4,156.6,66.8,1020.6
2010051412,19.5,0,4,94.4,39.7,1019.8
2010051418,14.9,0,1.6,91.8,63.2,1020
2010051500,10.4,0,0.5,324.9,76.8,1020.1
2010051506,14.2,0,0.8,28.9,65,1020.1
2010051512,19.5,0,3.8,119.9,55.8,1018.3
2010051518,16.2,0,2,203.9,69.3,1017.9
2010051600,13.9,0,0.8,291.2,78.7,1018
2010051606,18.9,0,1.5,231.1,55.5,1018.7
2010051612,24.1,0,3.7,96.6,40.8,1016.5
2010051618,18.8,0,1.1,43.2,60.5,1017.3
2010051700,14.8,0,0.6,293.3,74.3,1017.8
2010051706,19.4,0,1.9,170,57.8,1018.3
2010051712,25.2,0,5.1,174.3,45.5,1016.1
2010051718,21.5,0,3.4,204.9,64.7,1016
2010051800,18.8,0.4,1,309.8,88.5,1014.3
2010051806,18.9,7.7,3.5,190.2,79.2,1012.2
2010051812,16.8,29,1.3,94.8,98.2,1009.3
2010051818,18.6,8.5,2.7,180.4,98.2,1007.1
2010051900,19,1,1.5,164,97,1005.5
2010051906,20.1,2,0.9,79.3,97,1005
2010051912,23.8,0,1.7,107.3,76.8,1004.3
2010051918,21,0,0.6,5.4,82.8,1006.5
2010052000,17.1,0,0.4,0,89.3,1009.1
2010052006,20.7,0,1.5,260.3,64.2,1011.1
2010052012,27.1,0,2.8,105.6,42,1009.9
2010052018,22.7,0,1.4,320,55.2,1011.3
2010052100,18.5,0,1.7,253,64.2,1012.4
2010052106,23.6,0,1.7,309.5,49.2,1013.3
2010052112,29.3,0,3.1,125,27,1011.2
2010052118,23.1,0,1.5,70.9,37.8,1010.8
2010052200,17.2,0,0.6,294.6,63.3,1009.3
2010052206,18.5,0,0.6,284.3,64.2,1009.5
2010052212,18.6,2,1.8,17.2,71.3,1008.2
2010052218,14.9,35.5,2.9,66.1,91.7,1006.2
2010052300,15.4,17,3.3,60,96.3,1000
2010052306,16.2,7,1.5,356.6,96,997.3
2010052312,17.1,25.5,0.9,302.9,97.5,994.9
2010052318,17,0.5,1.3,247.9,97.8,993.5
2010052400,15.9,0,2.9,194.7,89.3,992.5
2010052406,16.4,0,3.8,190,82.8,993.4
2010052412,19.7,0,4.3,223.8,66.5,993.6
2010052418,19,0,3.2,196.5,61.8,997
2010052500,16.1,0,3.5,204.9,78,997.7
2010052506,17.6,0,2.7,263.9,71.7,998.7
2010052512,16.3,0.1,2.3,45,75.5,1001.5
2010052518,13.9,0,1.4,299.8,87.2,1004.7
2010052600,13.6,0,0.9,319.3,90.8,1006.9
2010052606,17.2,0,1.9,59.4,74.8,1008.8
2010052612,18.6,0,4.8,40.1,61.2,1010.8
2010052618,13.5,0,2.9,10.2,73.3,1014.8
2010052700,10.8,0,1.2,353.5,81.5,1016.5
2010052706,15,0,3.2,0.4,59.2,1017.7
2010052712,16.9,0,4.3,73.3,57.8,1017.4
2010052718,13.4,0,2.3,36.5,72,1018.3
2010052800,10.3,0,0.6,318.7,87.2,1018.3
2010052806,14.1,0,1.2,55,72.3,1018.2
2010052812,17.3,0,1.7,107.3,59.2,1016.4
2010052818,14.2,0,2.1,59.8,74.2,1015.2
2010052900,13.1,0,1,6,78.7,1014.1
2010052906,16.3,0,2.5,31.6,71.7,1013.6
2010052912,17.6,0,5.3,66.7,65.5,1013.1
2010052918,14.3,0,2.5,21.6,75.7,1013.1
2010053000,12.8,0,1.8,342.4,81.7,1013.3
2010053006,15.1,0,3.5,38,68.3,1014
2010053012,17.5,0,5.3,66.7,60.2,1013.2
2010053018,14.1,0,3.3,40.4,71.5,1013.9
2010053100,12.8,0,2.1,350,76.3,1014.4
2010053106,14.9,0,3.4,8.1,70.3,1015.2
2010053112,15.2,0.1,3.7,38.2,73.5,1015.3
2010053118,14,0,2.4,24.9,80.2,1015.8
2010060100,12.8,0,2,343.3,83.7,1015.8
2010060106,16.2,0,3.4,17.7,68.2,1016.2
2010060112,18.4,0,4.1,70,52.5,1015.5
2010060118,16.1,0,2.5,46.8,57.3,1016.4
2010060200,13.2,0,0.8,342.8,77.8,1017.2
2010060206,17.7,0,0.7,332.7,66.8,1018
2010060212,23.7,0,2.9,125,53.8,1017.2
2010060218,18.6,0,1.4,209.8,72.7,1018.5
2010060300,14.6,0,0.8,307.7,91.2,1019
2010060306,20.1,0,0.8,190.7,65.5,1018.8
2010060312,25.3,0,3.6,114.9,51.3,1017.3
2010060318,20.6,0,1.5,53.7,69.7,1017.2
2010060400,16.4,0,0.3,335.9,80.3,1017
2010060406,22.1,0,1.5,323.7,59.5,1016.4
2010060412,27.1,0,3.7,130.1,45.3,1014.5
2010060418,22.8,0,1,310.6,54.2,1013.9
2010060500,18.4,0,0.3,288.2,71.5,1013.4
2010060506,23.8,0,1.3,330.7,56.8,1013.3
2010060512,28.5,0,2.8,104.7,42.5,1012.2
2010060518,23.2,0,1.5,142.5,54.3,1012.3
2010060600,17.5,0,0.8,292.8,76.2,1012.9
2010060606,21.3,0,0.7,315,61.7,1013.7
2010060612,26.5,0,2.6,105.8,44.3,1012.7
2010060618,20.9,0,1.6,53.1,58.8,1013.5
2010060700,16.3,0,0.9,298.4,73.8,1014.4
2010060706,20.7,0,1.3,28.8,62.3,1015.6
2010060712,22.8,0,4.6,63.4,57.8,1015.2
2010060718,18.7,1.5,1.9,21.7,77,1016.4
2010060800,17.1,2,1.1,342.4,85.5,1016.1
2010060806,19.2,0,2.2,32.5,76.7,1016.6
2010060812,24.1,0,4.7,66.7,45.7,1015.8
2010060818,21,0,1.9,6.6,53.2,1015.8
2010060900,16.1,0,0.9,304.6,73.8,1015.5
2010060906,21.1,0,1.2,91.2,57.3,1015.9
2010060912,25.9,0,3.5,106.9,41.2,1014.6
2010060918,21.1,0,1.9,10,57.7,1015.5
2010061000,16.2,0,0.8,285.6,77.3,1015.5
2010061006,21.1,0,0.7,234.9,60.2,1015.6
2010061012,26.4,0,2.7,132.3,36.8,1014.6
2010061018,21.3,0,1.7,117,60.2,1015
2010061100,16.4,0,0.9,310.5,81.7,1015.2
2010061106,21.4,0,1.1,97.5,60,1015.2
2010061112,26.2,0,2.9,96.8,44.3,1014
2010061118,21.6,0,1.8,232.4,62.3,1013.7
2010061200,18,0,0.3,335.9,75.8,1012.6
2010061206,21.2,0,1.1,45.1,64.7,1011.8
2010061212,23.5,0,2.7,110,67.2,1010.5
2010061218,21.6,0.2,1.7,52.3,78.7,1010.2
2010061300,19.9,0.3,0.8,7.9,81.7,1009.6
2010061306,21.5,0,1.7,62.6,76.8,1009.8
2010061312,23.6,0,2.5,156.7,70.3,1008.8
2010061318,21.7,0,1.9,29.9,74.2,1009
2010061400,18.4,0,0.8,313.5,84.2,1009.1
2010061406,22.8,0,1.3,91.1,70.5,1008.9
2010061412,26.8,0,3,114.9,56.3,1007.5
2010061418,22.3,0,2,95,72.8,1008
2010061500,20.7,0,0.9,358,82.3,1007.4
2010061506,22.3,0,1.1,61,75,1006.4
2010061512,25.2,0,3.1,76.5,63.2,1005.1
2010061518,21.8,0,2.4,117.6,76.5,1004.9
2010061600,19.3,0.1,1.3,283.1,90.8,1005.5
2010061606,24.2,0,1.7,270,74.2,1006.1
2010061612,29.6,0,3.4,86.2,56.2,1005
2010061618,25.8,0,1.1,67.6,70.2,1005.2
2010061700,22.8,0,0.8,258,82.2,1006.5
2010061706,26.5,0,1.1,245.1,67,1006.8
2010061712,30.2,0,3.5,100,52.8,1005.7
2010061718,24.7,0,1.9,80,69.2,1005.3
2010061800,23.1,0.4,1.5,92.4,77.2,1005
2010061806,22,0.1,1.7,41.1,84.5,1005
2010061812,22.7,0,3.1,73.4,78,1003.6
2010061818,20.6,3,1.8,45.1,88.7,1003.9
2010061900,19.7,1,0.7,323,96.7,1004.5
2010061906,21.9,0,0.8,358.5,87,1005.2
2010061912,25.5,0,2.7,118.4,73.2,1004.1
2010061918,23.3,0,1.2,66.6,81.3,1004.3
2010062000,22,0,0.8,311.6,86.8,1004.1
2010062006,25,0,2.2,199.7,74.2,1003.4
2010062012,28.1,0,3.7,206.6,63.5,1001.9
2010062018,25.1,0,2.2,222.1,75.8,1002.3
2010062100,22.2,0,1.6,273.4,87,1002.8
2010062106,25.3,0,1.6,96.3,70.8,1004.2
2010062112,27.5,0,3.2,105,62.8,1003.5
2010062118,23.2,0,1.9,76.9,80,1004.3
2010062200,21.8,0,0.9,300.7,84.5,1005.4
2010062206,24.9,0,1.8,260,69.2,1006.9
2010062212,27.3,0,3.8,93.3,58.7,1004.6
2010062218,23.2,0,1.8,43.3,68.7,1005.3
2010062300,22.4,0,2.1,40,74.2,1007.3
2010062306,21.5,0,3,60,72.7,1009.3
2010062312,24.6,0,2.6,76.5,51.3,1008.7
2010062318,21.3,0,2,134.2,66.2,1009.9
2010062400,17.6,0,0.9,286.7,80.8,1010.3
2010062406,22.1,0,1.5,185.2,70.5,1010.5
2010062412,26.9,0,3.4,110,51,1009.1
2010062418,23.8,0,1.9,90,60.2,1010.1
2010062500,19.9,0,0.9,302,80.2,1010.6
2010062506,21.1,0,0.6,271.6,68,1011.1
2010062512,24.4,0,1.8,64.9,55.8,1011
2010062518,21.3,1.5,1.9,56.4,83.8,1009.5
2010062600,19.8,6,0.9,284.1,97.3,1007.6
2010062606,20.9,2,0.8,312.1,96.8,1008.1
2010062612,21.7,2,1.8,73,95.2,1007.4
2010062618,20.8,5.5,1,37.2,98.2,1007.8
2010062700,21.8,1.5,1.5,125,98,1007.4
2010062706,23.3,2.5,1.7,172.2,91.3,1007.8
2010062712,26.8,0,4.5,209.9,72.7,1007.3
2010062718,23.6,0,2.6,198.2,82.5,1008
2010062800,21.8,0.5,0.5,352.3,89.7,1008.2
2010062806,21.5,10,0.9,278.2,95.8,1007.7
2010062812,23.6,0,1.2,168.4,85.5,1006.7
2010062818,22.5,0,1.2,78.1,88.2,1006.7
2010062900,21,0,1.5,291.3,95.5,1007
2010062906,24.8,0,1.2,291.7,80.5,1007.3
2010062912,27.8,0,3.5,111.6,64.5,1006.5
2010062918,23.3,0,1.5,46.3,84,1006.3
2010063000,21.8,0,0.7,285.2,92.7,1006.3
2010063006,24.9,0,1.2,235,80.3,1006
2010063012,27.3,0,2.9,132.3,71.2,1004.8
2010063018,23.1,0,1.6,146.4,85.3,1004.8
2010070100,21.6,0,0.5,353.3,91.5,1005
2010070106,23.4,0,1,155,85.7,1005.4
2010070112,26.3,0,2.4,127.1,76,1004.4
2010070118,23.2,0,1.6,71,89,1004.8
2010070200,22.6,0,1.3,215,92.8,1003.8
2010070206,23.1,0,0.9,123.1,91.3,1004.2
2010070212,25.5,0.4,2.5,155.3,86,1002.2
2010070218,23.8,0.1,1,72.6,95,1001.2
2010070300,24.8,0.5,2.9,209.9,91.5,998.6
2010070306,26.2,2,1.5,25,88.5,997.9
2010070312,24.9,1,1.4,78.8,87.5,998.1
2010070318,22.2,4.5,1.2,247.9,95.8,999.8
2010070400,21.9,5,0.9,8.1,97.3,1000.3
2010070406,22.3,6,1.7,45.1,94.7,1001.3
2010070412,24.1,0,2.9,60,83.8,1000.3
2010070418,22,0,1.2,22,92.5,1000.4
2010070500,21.6,0,0.7,308.1,93.7,999.5
2010070506,23.9,0,1,230.2,87,998.7
2010070512,28.2,0,2.5,90.2,70.5,996.8
2010070518,25.8,0.5,1,343,82.8,997.3
2010070600,23.1,0,0.8,271.6,91.7,998.1
2010070606,27,0,1.4,281.7,69.2,999.2
2010070612,31.8,0,2.6,294.9,44.2,999.2
2010070618,28.4,0,1.4,260.3,59.3,1001.1
2010070700,23.9,0,0.4,356.3,81.2,1002.2
2010070706,27.2,0,0.7,57.8,64.3,1003.2
2010070712,27.2,0,3.9,87.6,68.8,1003.7
2010070718,22.6,0,2.9,21.9,80.8,1007.6
2010070800,21.6,0,1.4,21.6,83.5,1009.2
2010070806,22.9,0,1.3,58.5,77,1010.4
2010070812,24.7,0,2.9,105,70.2,1009.5
2010070818,22.7,0,1.4,115,76.7,1010
2010070900,21.2,0,1,257.9,85.7,1008.7
2010070906,23.6,0,1.4,13.6,77.8,1008
2010070912,27.9,0,2.9,103.9,63.2,1006.7
2010070918,23.8,0,2.2,124.3,81,1008.3
2010071000,21.7,0,1.4,250.7,90.8,1009.2
2010071006,24.2,0,1.7,118.5,82,1010.2
2010071012,25.5,0,3.8,110,76.7,1009.8
2010071018,23.8,6,2.8,96.6,88.5,1008.6
2010071100,21.9,17.5,3.5,22.6,95.7,1003.2
2010071106,20.9,36,1.2,277.7,98.2,1002.5
2010071112,20.7,83.5,0.9,305,99,1002.2
2010071118,20.2,11.5,1.1,356.5,99,1003.7
2010071200,20.1,0.1,1.2,305,96.7,1006.9
2010071206,21.4,0,1.1,10,89.2,1009.9
2010071212,22.5,0,2.9,58.8,83.7,1010.8
2010071218,21.7,0,1.5,52.3,86.8,1011.5
2010071300,20.4,0,0.3,332.3,91.8,1011
2010071306,21.1,0.5,0.9,28.1,90.8,1010.5
2010071312,21.1,22.5,2.7,43.8,95.8,1008
2010071318,20.9,0.5,1.9,288.6,94,1008.2
2010071400,20.1,0,0.6,346.2,94.2,1009.5
2010071406,22.1,0,1.4,14.7,84.2,1010.2
2010071412,23.8,0,3.1,56.6,78.3,1010.3
2010071418,21.9,0,2.1,17.1,84.2,1011.8
2010071500,19.9,0,0.8,317.1,92.8,1012.4
2010071506,22.8,0,0.9,32.1,80,1013.5
2010071512,25.6,0,2.8,97.5,69.5,1013.3
2010071518,23.7,0.1,2.1,142.3,83.8,1013.8
2010071600,21.9,3.4,0.9,272.4,97.7,1013.6
2010071606,23.4,14.5,1.5,182.5,97.5,1013.9
2010071612,25.2,1,2.5,190,89.5,1013.5
2010071618,24,19.5,2.3,163.4,95,1014.6
2010071700,23.6,3,1.3,200,96.2,1015
2010071706,25.2,0,3,190,89,1016.2
2010071712,28.2,0,4.1,191.2,75.2,1015.3
2010071718,26.3,0,2.8,193.4,82,1016
2010071800,24.3,0,1.4,210.2,88,1016
2010071806,27,0,3.2,202.4,75.5,1015.9
2010071812,30.5,0,5.5,204.9,55.8,1014.5
2010071818,26.9,0,3,191.5,72.7,1014.3
2010071900,24.5,0,1,274,85,1014.9
2010071906,27.7,0,3.4,196.7,74,1015.5
2010071912,31.4,0,5.2,204.9,58.3,1014.8
2010071918,28.3,0,2.7,222.9,69.7,1015
2010072000,24.8,0,1.2,240.2,85.7,1015.7
2010072006,27.7,0,1.9,197.2,74.7,1016
2010072012,31.9,0,4.4,209.9,52,1014.8
2010072018,28,0,3,208.4,67.7,1015.2
2010072100,24.8,0,0.7,329.3,83,1015.3
2010072106,27.7,0,3,232.3,74.5,1015.7
2010072112,31.1,0,4.6,186.6,64.7,1013.9
2010072118,28.4,0,4,204.9,72.7,1014.1
2010072200,26.5,0,2.1,211.8,79,1015
2010072206,28.6,0,3,204.9,73.5,1014.7
2010072212,31.9,0,5.2,215,60.3,1013
2010072218,29,0,3.5,204.9,69.3,1012.8
2010072300,26.5,0,1.8,230.7,78.8,1013
2010072306,28.6,0,2.4,232.8,70.2,1013.2
2010072312,32.7,0,3.5,223.4,56,1011.8
2010072318,27,0.2,2.9,260,73.5,1012.3
2010072400,25.1,0,1,347.4,80.3,1013.1
2010072406,27.6,0,1.3,15,73.3,1014.6
2010072412,30.7,0,2.6,116.3,62.5,1013.2
2010072418,25.6,8.5,2,280,85.5,1014.2
2010072500,23.1,0,1.3,281.2,88.5,1014.7
2010072506,25.9,0,1.4,263.1,76.7,1015.2
2010072512,31,0,2.6,134.3,56.7,1013.9
2010072518,28.1,0,1.9,292.1,69.8,1014.3
2010072600,24.9,0,1.1,301.5,79.3,1014.8
2010072606,27.4,0,1.5,280.3,68.5,1014.8
2010072612,31,0,3.8,233.3,57.3,1013.1
2010072618,26.5,0,2,303.5,75.8,1013.7
2010072700,25.1,0,1,291.3,82.8,1013
2010072706,27.6,0,1.6,253.3,72.3,1013.2
2010072712,31.2,0,4.5,220.1,58.7,1011.3
2010072718,28.4,0,3,215,69.3,1011.3
2010072800,26,0,2.3,209.8,81.3,1009.3
2010072806,24.4,4.5,3.2,173.4,90.8,1007.9
2010072812,23.9,12,3.6,148.5,95.2,1004.4
2010072818,24.5,2,3.3,190,93.3,1002.3
2010072900,23.1,0,0.9,11.9,92.3,1001.2
2010072906,26.1,0,2.1,193.4,79.3,1000.9
2010072912,29.9,0,4.1,215,67.5,999.3
2010072918,27.4,0,3,209.9,76.8,1000.6
2010073000,25.5,0,1.2,274.4,85,1002
2010073006,27.8,0,2.2,266.6,77,1003.3
2010073012,29.9,0,2.2,85,67.7,1003
2010073018,27.8,0,1.2,16.2,76.3,1004
2010073100,26.1,0,1.1,298.7,83.7,1005.2
2010073106,27.6,0,3.2,244.2,75.5,1005.4
2010073112,32.1,0,4.9,220.1,60,1004.3
2010073118,28.9,0,3.4,209.9,75.2,1005.7
2010080100,27.5,0,2.7,226.8,75.3,1006.4
2010080106,29.6,0,3.7,215,67.5,1007
2010080112,31.8,0,2.8,72.4,61.8,1006.5
2010080118,28,0,1.5,12.4,78,1006.8
2010080200,26.8,0,1.5,281.2,85,1006.5
2010080206,30,0,1.1,294.5,73.7,1006.5
2010080212,29.4,0,3.2,88.8,74.5,1005.8
2010080218,25.7,0,2.5,40.1,81.3,1007
2010080300,24.1,0,1.3,350,85.8,1007.3
2010080306,23.7,0,0.9,338.8,92,1008.1
2010080312,27,0,2.1,55.8,80.8,1006.8
2010080318,24.9,0,1.4,46.2,88.8,1007.2
2010080400,24.2,0,0.9,319.5,91.3,1008
2010080406,27,0,1.1,71.4,83.7,1009.2
2010080412,30.8,0,2.9,125,71.7,1009.1
2010080418,28.8,0,2.1,185.8,77.5,1010.7
2010080500,26.8,0,0.3,0,86.8,1011.8
2010080506,28.7,0,1.6,231.2,80.5,1013.4
2010080512,32.4,0,4.8,155,64.2,1012.6
2010080518,30,0,3.3,220.1,68.3,1014.3
2010080600,27.9,0,2.6,201.6,81,1015.5
2010080606,29.7,0,3.5,190,73.2,1016.6
2010080612,33,0,4.4,190.2,57.5,1015.7
2010080618,29.7,0,3.1,209.6,68.2,1016
2010080700,25.8,0,0.8,338.6,83.5,1015.5
2010080706,28.6,0,1.4,343.9,73.8,1015.4
2010080712,31.5,0,3.8,130.4,64.8,1013.4
2010080718,28.2,0,2.5,112.8,78.8,1013.3
2010080800,25.6,0,0.8,319,89.5,1013.1
2010080806,27.4,0,1.5,170.8,80.3,1012.5
2010080812,30.1,0,4,135.4,66.5,1010.5
2010080818,27.8,0,1.8,139.7,72.3,1010.4
2010080900,24.8,0,0.8,277.9,87.2,1010
2010080906,28,0,2.3,76,76.7,1010
2010080912,30.1,0,3.6,114.9,67.2,1009.5
2010080918,27.6,0.5,2.5,149.7,82.2,1009.7
2010081000,25.4,15.5,1.9,280,96,1009.8
2010081006,27.1,6,2.8,228.6,84.5,1010.9
2010081012,28.9,0,4.1,119.9,77.2,1009.3
2010081018,26.9,8,3.4,119.3,88.8,1007.5
2010081100,26.4,10.5,4,119.9,91.2,1004.8
2010081106,24.8,32,8.6,125,96.5,999.2
2010081112,25.8,7,3.8,270,92.2,993.5
2010081118,27.4,0,1.7,282.3,82.2,1000
2010081200,25.5,0,0.6,353.5,91.5,1003.3
2010081206,28.1,0,1.7,260.4,73.3,1005.3
2010081212,32.5,0,2.6,168.5,54.3,1004.3
2010081218,28,0,2,332.5,72.7,1004.9
2010081300,26,0,2.1,214.2,87,1004.2
2010081306,26.9,3,3.2,196.7,87.3,1003.4
2010081312,29.9,0,3.5,184.8,69.7,1002.8
2010081318,27.7,0,2.8,188.5,75.2,1004.3
2010081400,25.6,2,0.8,314.7,91.5,1005.1
2010081406,26.7,1.5,2.2,183.4,92.2,1006.2
2010081412,28.6,0,4.4,220.1,81.8,1006.6
2010081418,27.6,0,4.2,200,85.2,1007
2010081500,27.3,0,4.3,193.4,83.3,1006.3
2010081506,27.1,0,3.5,186.6,86.8,1007.1
2010081512,28,0,4.1,200,82,1007.3
2010081518,27.4,0,3.4,203.2,85,1007.7
2010081600,26.8,0,2.3,186.9,87.2,1008.4
2010081606,28.3,0,2.2,135,79.3,1009.7
2010081612,30.8,0,4.9,209.9,68.7,1008.8
2010081618,28.1,0,2.8,190,76.7,1009.7
2010081700,25.2,8,1.9,220.6,91.2,1009.8
2010081706,24.8,11,1.4,135,90.2,1011.7
2010081712,28.7,0,1.6,211.6,74.2,1011
2010081718,26.5,0,0.8,35,84.5,1012.8
2010081800,24.4,0,0.2,350,92,1014.7
2010081806,27.5,0,1,24.6,79.7,1016.1
2010081812,30.1,0,3.3,116.6,68.8,1016.1
2010081818,25.8,0,2.2,55,85.2,1017.7
2010081900,24.6,0,0.7,11.2,88.7,1018.8
2010081906,26.9,0,1.6,59.8,80.3,1020.5
2010081912,30.2,0,2.7,90.4,66,1019.6
2010081918,26.5,0,1.6,16.6,79.8,1019.5
2010082000,23.6,0,1.2,305.3,87.5,1020
2010082006,26.8,0,1,100.5,75.8,1020.1
2010082012,32.2,0,3.3,100,62.7,1017.2
2010082018,28.7,0,1.4,74.8,78.2,1017
2010082100,26.3,0,1.2,263.6,89.2,1016.9
2010082106,28.8,0,1,206.9,75,1016.9
2010082112,32.5,0,4.1,106.7,60.2,1015
2010082118,29.4,0,1.4,160.9,70.5,1015.1
2010082200,26.4,0,0.9,314.9,84.5,1014.2
2010082206,29.1,0,0.8,277.7,73.7,1014.9
2010082212,34.1,0,2.9,180.5,54.2,1012.8
2010082218,29.8,0,2.3,254.9,64.8,1013.1
2010082300,25.9,0,1,302,79.7,1012.7
2010082306,28.6,0,1.4,262.1,70.5,1013.3
2010082312,33.8,0,4.4,223.4,50.2,1012
2010082318,29.6,0,2.6,230.2,72.2,1012.3
2010082400,26.6,0,1.1,292.9,83.5,1012.9
2010082406,28.3,0,2.3,257.5,72.5,1013.6
2010082412,33.2,0,3.8,223.4,52.5,1012
2010082418,29.4,0,2.2,207.4,69.5,1012.9
2010082500,24.7,0,1.2,331.6,88.7,1014
2010082506,27.1,0,1.3,61.8,79.3,1014.1
2010082512,25.9,0,3.5,66.6,79.2,1013.7
2010082518,23.7,0,1.5,29.9,85.5,1014.9
2010082600,23,0,1.2,331.5,90.3,1014.4
2010082606,26.6,0,1.1,169.3,80.3,1014.5
2010082612,31.3,0,3.9,150,67,1014
2010082618,27.5,5.5,2.1,169.5,81.2,1015
2010082700,24.5,0,0.8,29.8,95.2,1015.5
2010082706,26.4,0,0.9,0.3,86.5,1015.8
2010082712,28.3,0,3.1,70,80.2,1014.8
2010082718,27.1,0,1.7,55,85,1015
2010082800,26.7,0,1.9,73.4,88.7,1014.2
2010082806,28,0,4.1,103.4,74.5,1013.8
2010082812,28.8,0,4.2,136.3,75,1012.6
2010082818,28,0,2.1,194.7,81.5,1012.9
2010082900,25.8,0,0.6,312.8,92.8,1012.7
2010082906,27.5,0,2.6,188.1,85.3,1012.1
2010082912,30.6,0,5.6,176.7,66.3,1010.1
2010082918,27.8,0,2.9,204.9,78.8,1010.5
2010083000,26,0,1.5,223.8,84.5,1010
2010083006,28.1,0,1.3,80,75.2,1010.5
2010083012,31,0,3.8,177,69.2,1008.9
2010083018,27.1,0,1.5,284.5,80.3,1010.2
2010083100,24.9,0,1.2,291.6,90.8,1010.8
2010083106,25.8,4,0.9,0,88,1012.2
2010083112,29.3,0,2.7,97.2,75.2,1012
2010083118,27.2,0,1.7,206.7,85.3,1013.7
2010090100,24.1,0,0.9,296.6,95.3,1014.2
2010090106,27.5,0,1.8,57.3,82.8,1014.9
2010090112,29.6,0,4.3,119.9,70.5,1014.7
2010090118,27.8,0,3.1,80,80.7,1014.7
2010090200,27.2,3,3.3,163.4,85.2,1013.1
2010090206,25.4,13.5,4.2,194.7,92,1013.5
2010090212,27.4,0,3.3,223.4,79.8,1013.4
2010090218,26.4,0,1.5,215,83.5,1015.6
2010090300,24.6,0,0.4,344.1,92.3,1016
2010090306,27.3,0,1.2,284.1,80.3,1015.9
2010090312,30.9,0,2.9,143.9,69.7,1013.8
2010090318,27.9,0,1.3,237.6,78.3,1014.3
2010090400,24.3,0,1,289,87.7,1014.6
2010090406,26.8,0,0.4,342,73.3,1014.7
2010090412,31.5,0,3,130.1,64.3,1013.4
2010090418,27.7,0,1.2,89.3,85,1013.9
2010090500,25.5,0,0.8,271.3,93.3,1013.9
2010090506,27.5,0,1.1,236.1,80,1014
2010090512,30.6,0,3.1,119.9,66.8,1011.7
2010090518,27.7,0.2,1.7,167.4,83.5,1011.7
2010090600,25,21.3,1.2,347.5,95.7,1010.8
2010090606,24.2,13,1,22.6,96.5,1010.2
2010090612,26,0,1.8,41.5,89,1007.7
2010090618,24.1,14.5,3,37.2,93.2,1007.2
2010090700,22.2,13.5,3.2,38.5,94.8,1006
2010090706,21.5,42,5.6,21.6,93.3,1006.2
2010090712,21.1,19.5,5.8,16.7,92.7,1006.2
2010090718,21.5,0,4.1,356.6,88.3,1009.3
2010090800,20.9,0,2,340,81.2,1012.3
2010090806,21.4,0,3.5,13.4,70.3,1015.5
2010090812,24,0,4,35,55.7,1015.7
2010090818,20.2,0,1.8,341.2,69.8,1016.8
2010090900,18.6,0,1.1,328.3,76.7,1016.7
2010090906,21,0,1,235,73.5,1016.4
2010090912,26.6,0,2.4,138.5,60.7,1014
2010090918,23.9,0,1,10,76,1013.2
2010091000,21.7,0,0.6,306.5,86.5,1012
2010091006,26,0,2.3,238.7,74.2,1011.5
2010091012,30.1,0,4.1,225.1,62.7,1009.8
2010091018,27.2,0,2.8,206.6,75.8,1010.2
2010091100,25.4,0,1,238.3,83.3,1010.3
2010091106,26.3,1,2.6,191.2,85.7,1009.5
2010091112,27.1,1,2.3,186.6,84.7,1008.9
2010091118,26.2,0,1.5,159,86.2,1010
2010091200,23,1,1.3,63.9,93.2,1009.5
2010091206,25.5,13.5,4.3,177.2,88.5,1005.3
2010091212,27.3,0,2,86.3,77.7,1006.3
2010091218,23.4,0,1.3,89.7,88.5,1008.6
2010091300,20.5,0,1,285.3,95.5,1010.4
2010091306,23,0,1.4,276.5,77.7,1011.4
2010091312,26.5,0,3.2,64.5,61.8,1011
2010091318,22.5,0,1.3,20.9,86.2,1012.5
2010091400,20.9,0,0.5,344.1,92.8,1013.8
2010091406,22.5,0,1.4,25,83.8,1015.3
2010091412,24.1,0,2.7,66.7,70.8,1015
2010091418,21.5,0,1,353.9,69.8,1015.8
2010091500,19.3,0,0.9,332.7,79.8,1015.2
2010091506,21.8,0,1.1,356.8,74.5,1015.3
2010091512,25.9,0,3.8,48.4,65.3,1012.8
2010091518,21.6,0,1.6,348.8,76.7,1013.2
2010091600,19,0,0.8,287,88.3,1012.3
2010091606,22.3,0,1.3,6,65.8,1012.9
2010091612,27.4,0,2.7,52.3,51.2,1011.3
2010091618,22.2,0,1.2,331.5,72.8,1012.1
2010091700,18.5,0,0.3,348.6,84.8,1012.2
2010091706,22.4,0,0.5,271.4,72.8,1013
2010091712,29.1,0,2.8,148.4,48.8,1011.5
2010091718,24,0,1,216.6,71.3,1012.8
2010091800,20.3,0,0.4,318.7,86.8,1013
2010091806,24,0,0.5,245,71.7,1013.7
2010091812,29,0,3.8,139.6,51.2,1011.3
2010091818,24.2,0,1.5,251.6,68.2,1011.6
2010091900,20.5,0,0.1,348.6,82.5,1011.5
2010091906,23.5,0,1.2,258.2,69,1012.5
2010091912,27.9,0,3.1,95.1,54.5,1011.9
2010091918,23.4,3.5,1.9,51.5,81.3,1013
2010092000,21.5,0.5,0.8,40,93.7,1012.2
2010092006,23.7,0,0.5,30.6,87,1012.2
2010092012,29.1,0,1.8,170,66.5,1010.8
2010092018,25.1,0,1,6.8,82.2,1012.3
2010092100,22.4,0,0.5,335.9,92.3,1013.2
2010092106,25.5,0,0.9,288.2,79.7,1013.4
2010092112,31.1,0,4.5,209.9,61.8,1009.6
2010092118,27.6,0,4.3,196.7,74.8,1009.5
2010092200,23,0,2.7,66.6,84.2,1010.5
2010092206,18.6,4,2.1,0,92.7,1012.5
2010092212,18,9.5,2.1,356.6,93.2,1012.2
2010092218,16.1,4,2.1,302.9,95.3,1013
2010092300,16.1,3.5,1.7,333.4,94.5,1012.7
2010092306,18.6,0,3.3,353.9,76.7,1014.5
2010092312,21,0,5.3,45.1,57.3,1014.7
2010092318,17.2,0,2.5,343.3,67.7,1016.7
2010092400,14.4,0,1,283.1,82.3,1017.2
2010092406,18.1,0,3.6,16.2,67.8,1017.8
2010092412,21.5,0,5.1,45.7,52.2,1016.5
2010092418,18.9,0,3.2,45.1,59.7,1017
2010092500,17.6,0,2.9,350,69.5,1016.6
2010092506,18.9,0,4,7.9,64.5,1017.1
2010092512,20.8,0,5.1,40.1,54.3,1017
2010092518,17.2,0,2.2,331.2,69.8,1018.7
2010092600,14.9,0,0.8,271.9,83,1019.4
2010092606,18.1,0,1.1,358.9,74.3,1020.1
2010092612,21.5,0,2.6,43.4,58.3,1018.5
2010092618,17.5,0,0.7,325,79.3,1018.6
2010092700,14.2,0,0.7,325,89.2,1017.8
2010092706,17.5,0,0.8,315,75.3,1017
2010092712,21.8,0,1.3,240.3,58.2,1014.1
2010092718,18.1,0,1.1,327.8,80.8,1013.6
2010092800,15,0,1.9,273.3,85.7,1013
2010092806,18.5,0,1.7,335.5,73,1014
2010092812,22.6,0,4.2,296.6,36.3,1014.3
2010092818,17,0,2.7,353.4,44,1018.1
2010092900,13,0,1,284.7,61.7,1020.3
2010092906,15,0,0.6,327.8,64.5,1021.1
2010092912,20.9,0,1.8,49.9,57.8,1018.8
2010092918,18.2,0,0.9,343.5,73.5,1019
2010093000,15.2,0,0.6,340.3,86,1018.8
2010093006,18.1,0,0.7,342.4,72,1019.2
2010093012,23,0,2.8,80,47.5,1018
2010093018,17.5,0,1.2,352.8,69.5,1020.3
2010100100,13.6,0,0.9,289,85.5,1021
2010100106,17.2,0,1.1,325,74.8,1022.2
2010100112,21.8,0,3.6,63.4,56.2,1020.4
2010100118,18.7,0,1.3,333.9,75.5,1021.3
2010100200,16.4,0,0.4,357.7,89.5,1020.5
2010100206,20.1,0,1.1,35,79.2,1019.4
2010100212,23.9,0,3.3,70,65.8,1015.8
2010100218,21.2,4.5,1.2,352.3,89,1014
2010100300,20.2,1,0.7,347.7,98.5,1009.4
2010100306,21.3,1.5,1.6,208.6,87,1008.5
2010100312,23.6,0,2.5,243.4,65.8,1008.2
2010100318,19.7,0,2,267.3,67.3,1009.5
2010100400,15.8,0,1.4,219.4,73.5,1009.3
2010100406,17.5,0,3.2,221.5,62,1009.4
2010100412,20.3,0,4,239.8,54,1008.6
2010100418,16.7,0,1.4,270.8,69.5,1010.2
2010100500,13.4,0,0.7,285.8,84.5,1011.3
2010100506,16.2,0,2.1,308.9,70.3,1013
2010100512,19.6,0,2.4,352.1,53.3,1013
2010100518,17.2,0,1.9,343.1,75.5,1015.7
2010100600,16.6,0,2.3,0,77.2,1017.1
2010100606,18.3,0,2.6,24.3,70.7,1018.8
2010100612,20.7,0,3.8,63.4,59.8,1018.1
2010100618,17.1,0,1,18.3,75.7,1019.7
2010100700,13.5,0,0.4,330.5,89.2,1020.5
2010100706,17,0,1.4,358.4,75.2,1021.1
2010100712,22.1,0,3.5,63.4,55.2,1019.8
2010100718,17.8,0,1.7,320.7,80,1020.7
2010100800,16.4,0,0.8,292.9,87,1019.5
2010100806,18.2,0,1.2,299.6,83.2,1019.2
2010100812,21.8,0,2.4,60,72.7,1016.3
2010100818,18.9,2.5,1.8,20.2,86.2,1014.6
2010100900,16.8,8.5,1.5,346.6,95.5,1012.9
2010100906,17.2,0.5,2,346.5,91.3,1011.5
2010100912,19.8,0,2.5,0.9,77.2,1009.7
2010100918,17.3,0,0.9,320.7,89,1010.8
2010101000,14.5,0,0.8,310.9,97.2,1011.5
2010101006,18.1,0,0.9,278.6,81.8,1013.2
2010101012,23.8,0,2.3,128.7,59.8,1012.9
2010101018,18.4,0,0.8,338.3,84.5,1015.4
2010101100,14.8,0,0.6,331.2,93.5,1015.7
2010101106,17,0,0.7,2.1,81.3,1016.2
2010101112,22.7,0,1.9,180.3,62.7,1014.7
2010101118,19.4,0,1.2,292.7,78.8,1015.3
2010101200,17.4,0,1,302.4,85.3,1015
2010101206,19,0,1.5,275.8,68.3,1015.7
2010101212,24,0,2.1,293.9,50.3,1014.4
2010101218,19.3,0,1.1,306,74.5,1015.2
2010101300,15.6,0,1,273.4,89.7,1015.3
2010101306,18.4,0,0.8,351.1,80.2,1014.9
2010101312,22.1,0,2.2,86.9,70.7,1012.1
2010101318,19,0,1.6,25.6,84.5,1012.4
2010101400,15.9,0,1.4,266.6,89.2,1012.8
2010101406,18.3,0,1.6,299.1,79,1012.8
2010101412,21.6,0,2.4,346.5,57,1010.5
2010101418,17.8,0,3,318.4,59.5,1012.5
2010101500,15.1,0,2.5,346.6,65.8,1012.9
2010101506,15.8,0,3,310.9,54.2,1014.1
2010101512,19.1,0,4.1,299.6,30.8,1014
2010101518,14.2,0,1.3,276.6,47,1016.8
2010101600,10.2,0,1,5.1,69.3,1018.1
2010101606,13.2,0,1.7,319.7,65.2,1020.1
2010101612,21.4,0,2.1,133.5,45,1018.3
2010101618,16.4,0,1.4,292.3,63.8,1020.5
2010101700,12.6,0,0.9,264.2,78.8,1021.6
2010101706,15.2,0,1,247.1,68.2,1022.9
2010101712,22.1,0,2.5,102.8,42.7,1021.5
2010101718,16.3,0,0.9,266.6,72.3,1023.5
2010101800,12.5,0,0.6,316.2,86.2,1024.1
2010101806,15.9,0,1.1,10,73.3,1025.6
2010101812,20.5,0,3.4,73.4,60.7,1023.7
2010101818,16.4,0,1.9,338.6,72.3,1025.2
2010101900,13.6,0,1.1,266.6,84.8,1024.9
2010101906,15.8,0,0.9,350.3,76.8,1025.1
2010101912,21.2,0,2,70,58.8,1022.7
2010101918,17,0,0.3,3.3,76.8,1022.7
2010102000,14.2,0,0.1,350,88.8,1022.1
2010102006,17,0,1.3,357.1,80.7,1022.4
2010102012,21,0,3.2,55,62.5,1019.7
2010102018,17.6,0,1.1,28.5,79.7,1019.7
2010102100,15.6,0,0.5,341.6,89,1018.5
2010102106,17.6,0,1.8,21.1,79,1018.3
2010102112,19.3,0,4.3,60,70.8,1018.4
2010102118,16.7,0,3.3,23.2,79.2,1020.6
2010102200,16.2,0,3.5,10,71.5,1020.9
2010102206,16.8,0,3.3,19.7,66.7,1022.7
2010102212,19.3,0,4.9,53.3,51.8,1021.7
2010102218,17.2,0,2.6,29.9,59.8,1022.5
2010102300,16.7,0,2.3,24.9,66,1021.7
2010102306,17.7,0,1.9,11.7,69.7,1021.4
2010102312,20,0,3.3,55.3,62.3,1019.4
2010102318,17.7,0,1.4,320.7,75.8,1018.8
2010102400,15.9,8.5,0.8,307.5,93.5,1016.9
2010102406,16,8,0.5,324.9,98.8,1015.4
2010102412,17.3,3.5,1.2,357.8,96.7,1012.1
2010102418,17.1,0,0.7,329.3,96.3,1010.6
2010102500,16.6,0,1.2,327.6,93.8,1009.9
2010102506,18.1,0,1.8,12.4,74.3,1010.7
2010102512,20.4,0,4,338,56.8,1009.5
2010102518,14.1,0,4.5,307.1,41.3,1013.2
2010102600,8.6,0,5.5,336.6,42.7,1017.7
2010102606,5.8,0,4,325.3,37.7,1023.2
2010102612,10.3,0,4.3,12.8,31.8,1024.6
2010102618,7,0,3.2,346.5,51.3,1027.6
2010102700,6.8,0,3.9,346.4,45,1028.7
2010102706,9.2,0,3.6,0,51.5,1029.2
2010102712,12.1,0,4,43.5,56.2,1026.8
2010102718,10.4,0,2.7,343.3,67.3,1025.6
2010102800,9.1,0,0.9,303.7,75.5,1023.3
2010102806,10.3,0,2.5,355.5,65.3,1022.8
2010102812,15.5,0,4.1,0.9,40,1020.6
2010102818,10.9,0,2.6,346.5,60.8,1022.6
2010102900,9.6,0,2.8,336.7,66.2,1023.5
2010102906,12.2,0,4.1,357.6,60,1025
2010102912,15.9,0,5.2,29.9,55,1024
2010102918,14,0,4.2,13.4,62.5,1025
2010103000,13.4,0,3.2,343.3,65.2,1024.2
2010103006,14.9,0,4.4,18.2,63,1024.9
2010103012,16,0,5.5,29.9,58.2,1024.3
2010103018,13,0,3,334.9,68.3,1025.3
2010103100,11.5,0,1.5,294.3,72.5,1024
2010103106,14.3,0,2.5,343.1,67.2,1023
2010103112,17,0,3.9,31.8,57.7,1020.3
2010103118,13.6,0,3.3,342.7,71.8,1019.7
2010110100,10.9,0,2.2,343.1,79.7,1018.6
2010110106,12.3,0,2.5,355.8,70.5,1018.8
2010110112,17,0,3.6,299.6,40,1016.5
2010110118,12.5,0,1.7,276.8,50.3,1017.3
2010110200,9.4,0,1.7,275.1,64.8,1017.1
2010110206,9,0,2.9,273.9,56,1018.5
2010110212,12.9,0,4.8,305,23.7,1018.1
2010110218,9.5,0,3,321.9,30.5,1020.6
2010110300,5.6,0,2.6,359.5,41.8,1023.2
2010110306,7.5,0,3.7,343.4,35.3,1025.1
2010110312,13.5,0,2.8,336.6,31,1023.8
2010110318,8.3,0,1.3,273.7,53.2,1024.5
2010110400,4.6,0,0.6,318.7,76.3,1024.6
2010110406,7.8,0,1.6,226.3,68.7,1025.1
2010110412,16.7,0,2,308.7,34,1022.4
2010110418,10.4,0,1,263.1,61,1023.3
2010110500,6.8,0,1.2,296.6,76,1023.5
2010110506,9.3,0,1.3,280.6,72.2,1023.9
2010110512,17.4,0,2,308.2,37.3,1021.7
2010110518,10.8,0,0.6,307,63.8,1022.3
2010110600,6.3,0,0.6,299,80.8,1022.7
2010110606,9.1,0,0.8,258.6,70.2,1022.6
2010110612,18,0,1.7,161.6,42,1020
2010110618,11.4,0,0.7,275.3,70,1020.4
2010110700,7.8,0,1,262,82.5,1019.7
2010110706,9.3,0,0.6,258,75.7,1019.2
2010110712,18.4,0,1.9,121.6,41.2,1015
2010110718,11.6,0,0.8,280.2,65.5,1014.2
2010110800,8.3,0,0.5,333.4,76.8,1012.7
2010110806,12.6,0,1.5,139.4,63,1011.8
2010110812,14.9,0,5.2,270,42.5,1010.2
2010110818,9.6,0,4.1,259.8,34.8,1012.3
2010110900,7.2,0,4.5,250,46,1012.4
2010110906,7.4,0,4.1,263.4,41.7,1014.3
2010110912,11.3,0,4,274.4,34,1014.1
2010110918,6.8,0,1.4,298.7,48.8,1017
2010111000,3.4,0,1.1,280,62.8,1018.9
2010111006,5.8,0,2.4,306.5,54.3,1021.1
2010111012,12.7,0,2.7,331.2,38.2,1019.6
2010111018,7.7,0,0.6,289.8,60.5,1021.3
2010111100,4.1,0,0.7,305.6,79.8,1021
2010111106,7,0,0.6,223.6,73,1020.3
2010111112,16.5,0,2.7,166.6,63.3,1015.7
2010111118,15.2,15.5,4.2,220.4,75,1011.7
2010111200,13,0,2.9,238.8,47.5,1014.8
2010111206,12.2,0,2.7,225.1,44.8,1019
2010111212,15.9,0,2.6,253.1,31,1020.1
2010111218,10,0,0.5,323,59.2,1024
2010111300,5.7,0,1.1,260.2,74.8,1026.1
2010111306,7.6,0,0.6,314.9,67.5,1027.1
2010111312,15.6,0,1.3,195,53.2,1025.3
2010111318,11.6,0,0.9,263.3,73.2,1025.2
2010111400,8,0,0.9,274.3,81.5,1024.7
2010111406,10.7,0,0.5,345.3,74.8,1025.8
2010111412,16.4,0,3.5,353.5,40.2,1024.1
2010111418,11.2,0,2.3,4.4,64.7,1025.5
2010111500,8.3,0,3.5,339.6,38.5,1025.7
2010111506,6.8,0,6.2,308.2,25.2,1027.5
2010111512,9.7,0,3.3,349.8,21.5,1026.3
2010111518,4.6,0,1.2,334.2,37,1027.3
2010111600,1.1,0,1,256.4,49.8,1027.1
2010111606,3.5,0,0.8,4.4,38.8,1026.5
2010111612,10.6,0,2.1,50.3,25.2,1022.7
2010111618,6.3,0,1.6,350.2,40.3,1023.5
2010111700,2.6,0,0.7,306.5,64.8,1024
2010111706,5.3,0,1.5,324.8,62.3,1024.7
2010111712,12.6,0,2.7,356.6,35.5,1023.8
2010111718,7.6,0,1.4,306.7,55,1025
2010111800,3.2,0,0.7,281.4,75.3,1025.7
2010111806,5.4,0,0.7,305,67.8,1026
2010111812,13.5,0,1.8,105,39,1023.4
2010111818,7.4,0,1,243.2,63.5,1024
2010111900,3.2,0,0.4,350,79.3,1022.6
2010111906,5.7,0,0.3,3.3,72.7,1021.5
2010111912,14.4,0,2.3,206.4,46.2,1018
2010111918,9.6,0,1.2,286,64,1018.7
2010112000,4.8,0,1.1,260.2,73.3,1018.3
2010112006,6,0,1.2,234.2,64.5,1018.9
2010112012,15.6,0,1.8,117.9,31,1016.7
2010112018,8.6,0,0.4,335.9,60.3,1017.8
2010112100,4.2,0,0.2,350,74.2,1017.5
2010112106,7.1,0,0.2,0,66.8,1017
2010112112,17.3,0,2.4,137.6,37.2,1013.3
2010112118,11.8,0,0.7,313.3,57,1012.7
2010112200,8.9,0,1.2,1.3,74.5,1010.8
2010112206,11.1,0,0.7,291,76.7,1009.6
2010112212,15.9,0,4.1,317,38.3,1009.7
2010112218,9.6,0,2.8,350.2,32.8,1015.1
2010112300,5.4,0,1.3,346.9,48.7,1018.5
2010112306,6.8,0,1,5,61,1020.3
2010112312,11.3,0,4.1,26.6,58.5,1020.8
2010112318,9.3,0,1.4,348.6,66.5,1022.3
2010112400,7.2,0,0.5,275.3,77.5,1022.9
2010112406,7.2,0,0.2,0,77.8,1022.8
2010112412,13.8,0,1.5,111.6,52.3,1020.2
2010112418,8.9,0,0.6,343.6,72.3,1020
2010112500,6.3,0,0.5,327.4,80.8,1019.5
2010112506,8.8,0,0.9,21.6,62,1019.6
2010112512,13.2,0,2.7,350,45.5,1016
2010112518,6.6,0,4.1,336.7,43.3,1018.3
2010112600,2.8,0,6,330,46.2,1019
2010112606,3.1,0,5,323.3,46.5,1021
2010112612,7.7,0,3.6,325.8,27.7,1018.9
2010112618,3.2,0,1.2,355,34.2,1020
2010112700,-0.6,0,1.2,290.9,42.2,1019.5
2010112706,2.2,0,0.7,302.3,43.8,1018.1
2010112712,12.8,0,5.9,228.4,47.3,1013
2010112718,10.2,0,3.5,270.9,45.3,1014.4
2010112800,3.7,0,3.5,323.3,46.8,1019.9
2010112806,1.4,0,3.7,305,32.7,1024.8
2010112812,7.5,0,2.8,0.4,19.7,1022.9
2010112818,3.3,0,0.5,348.7,36.7,1024
2010112900,0.3,0,0.4,348.7,51.2,1023.2
2010112906,4.1,0,0.8,338.9,55.2,1024.5
2010112912,12.7,0,1.7,172.8,33.3,1023.1
2010112918,7.2,0,0.7,341.6,54,1023.8
2010113000,4.6,0,0.3,334.8,77.5,1021.6
2010113006,7.7,0,1.1,282.6,83.8,1019.8
2010113012,15.8,0,1.9,241.3,52.7,1017.4
2010113018,9.3,0,0.2,348.7,69.5,1019.7
2010120100,4.8,0,1,276.4,84.3,1019.9
2010120106,6.1,0,0.3,336.3,77.5,1021.2
2010120112,17.5,0,1.6,125,42.2,1019
2010120118,9.5,0,0.5,311.3,71.2,1019.9
2010120200,4.6,0,0.5,315,80,1019.9
2010120206,6.5,0,0.5,314.9,72.7,1018.9
2010120212,11,0,0.6,335.9,73,1015.7
2010120218,8.5,6,1.1,260,95.8,1012.8
2010120300,6.5,0,1,336.6,96.8,1009.2
2010120306,7.7,0,5.2,274.5,52.8,1010.3
2010120312,7.7,0,7.1,273.4,26.3,1012.7
2010120318,3.8,0,2.5,296.6,28.7,1018.7
2010120400,2.2,0,1.8,357,36.8,1020
2010120406,4.3,0,2.6,15.5,37.3,1021.5
2010120412,11.2,0,1.5,63.7,30.3,1019.3
2010120418,6.2,0,0.6,343,51.7,1019.5
2010120500,2.2,0,0.3,348.7,65,1018.6
2010120506,4.9,0,0.6,342.8,57.2,1018.5
2010120512,16,0,1.6,72.4,31.2,1015.7
2010120518,8.6,0,1.1,275.3,55.2,1016.1
2010120600,4.1,0,0.4,308.8,76.3,1015.5
2010120606,6.1,0,0.3,330.5,76.8,1014.8
2010120612,14.4,0,2.3,35,50.5,1011.7
2010120618,7.8,0,3.5,346.5,40.7,1013.5
2010120700,2.9,0,2.3,346.8,50.8,1015.1
2010120706,2.5,0,3.3,346.6,54.8,1015.4
2010120712,6.7,0,4.2,343.4,53.7,1012.7
2010120718,4.2,0,1.4,357,52.5,1013.5
2010120800,0.4,0,0.5,7.7,46,1013.1
2010120806,2.1,0,0.6,19.7,39.2,1012
2010120812,6.9,0,2.6,256.5,40,1008.5
2010120818,3,0,1.6,285,65.7,1008.6
2010120900,1.4,0,2.6,285.2,65.7,1009.5
2010120906,1.3,0,6.3,293.2,34.5,1014
2010120912,5.1,0,4.6,291.6,24.2,1016
2010120918,1.6,0,1.2,7.9,34.2,1018.4
2010121000,-1.8,0,0.9,289.2,48.7,1018.5
2010121006,0.4,0,0.6,295,49.7,1017.2
2010121012,10.6,0,5.6,196.7,50.7,1012.4
2010121018,11.4,0,3.7,186.9,61.8,1009.3
2010121100,11.9,0,3.4,238.5,51.8,1008.3
2010121106,8.1,0,4.6,256.8,38.7,1013.2
2010121112,6.2,0,4.6,323.3,24.2,1017.1
2010121118,1.7,0,2.3,331.1,26.2,1022.5
2010121200,-2,0,1.8,354.9,31.2,1024.4
2010121206,-1.1,0,1.1,315.4,31.8,1026.2
2010121212,6.1,0,1.7,1,44.2,1024.2
2010121218,4.7,0,0.5,278,56.3,1024
2010121300,5,0,0.1,0,73.5,1020.6
2010121306,6.3,13,0.9,0.3,97.8,1016.8
2010121312,8,9.5,2.5,343.4,95,1012
2010121318,7.7,0.5,3.6,336.7,87.5,1013
2010121400,7.1,0,1.6,340,83.7,1014.3
2010121406,6.6,0,1.6,349.8,75.5,1016.3
2010121412,8.1,0,4.1,320,37.7,1015.9
2010121418,1.7,0,3,349.8,38.2,1019.7
2010121500,-3.4,0,4.1,315.1,41.5,1022.2
2010121506,-4.6,0,5.1,315.1,34.7,1023.3
2010121512,-1.7,0,5.1,294.9,29.7,1020.1
2010121518,-3.7,0,3.7,310.1,36.7,1019.3
2010121600,-5.6,0,3.7,330,45.5,1018.5
2010121606,-4.4,0,3.5,331.1,41.7,1019.2
2010121612,0,0,4.6,310.1,35.7,1016.9
2010121618,-1.9,0,1.9,299.6,44.8,1016.9
2010121700,-4.8,0,0.9,270.3,61.8,1016.3
2010121706,-2.5,0,0.8,357.3,65.3,1015.8
2010121712,5.8,0,4.5,230,51,1012.1
2010121718,2,0,0.9,340.5,74.8,1015.2
2010121800,-0.4,0,0.6,298.4,76.5,1018.9
2010121806,2.6,0,2.2,322.8,48.7,1022.5
2010121812,8.2,0,2,25.3,32.5,1021.8
2010121818,2.7,0,0.5,312.8,58.2,1023
2010121900,-0.4,0,0.4,334.8,69.5,1023
2010121906,1.8,0,0.2,0,69.8,1022.5
2010121912,13.1,0,3.6,195.8,51.7,1017.2
2010121918,12.2,0,1.5,175.2,64.2,1015.4
2010122000,9.8,0,1.7,62.6,65.8,1014.9
2010122006,8.1,0,1.9,347.4,57.2,1017.8
2010122012,13.9,0,2.2,49.1,28.8,1016.5
2010122018,6.8,0,0.3,348.6,55.7,1017.4
2010122100,2,0,0.3,353.6,70.8,1015.8
2010122106,3.3,0,0.2,355.2,66.2,1014
2010122112,11.1,0,2.7,6.6,63.5,1010.6
2010122118,8.9,0,1.6,310.9,79.8,1010.8
2010122200,7.2,0,1.2,281.7,84,1011.4
2010122206,7,0,0.5,359.3,81.2,1013
2010122212,12.2,0,1.9,34.5,54.8,1012.3
2010122218,7.2,0,1.5,343,50.2,1015.8
2010122300,3.8,0,1.2,11.2,52.5,1017.8
2010122306,5.5,0,2,7.4,53.8,1019.5
2010122312,10.9,0,2.9,345.5,37.5,1017.2
2010122318,5.6,0,4.6,315.1,33.7,1019.5
2010122400,-0.4,0,3.6,338.1,32.3,1020.2
2010122406,-4.5,0,5.3,340,37.3,1023.1
2010122412,-1.9,0,5,305,18.7,1021.6
2010122418,-5.4,0,2.1,339.6,20.8,1021.8
2010122500,-7.5,0,3,316.8,34.3,1020.5
2010122506,-7.3,0,6.3,299.9,27.7,1019.9
2010122512,-1.6,0,4.1,270.9,28.3,1015.8
2010122518,-3.1,0,2.1,293.2,39.3,1014.5
2010122600,-4.2,0,2.1,296.6,47.3,1013.1
2010122606,-4.2,0,2.2,311.9,48.8,1012.9
2010122612,0.7,0,3.4,256.8,32.2,1009
2010122618,-0.4,0,2.8,271.3,47.8,1009.3
2010122700,-2.9,0,0.9,14.9,62.2,1010.9
2010122706,-1.1,0,2.8,266.6,61.5,1013.1
2010122712,4.1,0,3.3,236.6,46.5,1012.6
2010122718,0.9,0,0.5,322.4,59.3,1013.6
2010122800,-1.5,0,0.6,332.1,71.5,1011.6
2010122806,2.3,0,0.8,3.5,71.2,1006.2
2010122812,4,1,4.2,283.9,71.5,1006.6
2010122818,0.5,0,2.3,306,83,1012.2
2010122900,-1.5,0.2,3.3,325,60.3,1015.9
2010122906,-1.1,0,4,308.2,56.5,1018
2010122912,3,0,3.1,336.6,40.8,1017.1
2010122918,-0.6,0,0.9,354,54.7,1017
2010123000,-1.6,0,0.8,7.4,61.8,1013.8
2010123006,0.7,0,3.6,269.7,57.2,1010.2
2010123012,2.1,0,5.2,281.5,37.3,1006.9
2010123018,-1.7,0,3.1,299.9,46.2,1008.2
2010123100,-4.2,0,4.5,313.4,42.7,1008.3
2010123106,-4.6,0,6.7,320,45.8,1010.4
2010123112,-1.7,0,7.3,305,31.7,1010.1
2010123118,-4.2,0,4,299.9,41.8,1012.6
2011010100,-5.6,0,4.7,322.3,44.5,1013.2
2011010106,-4.8,0,3.7,339.6,45.3,1015.2
2011010112,2.5,0,5.6,339.1,42.5,1016.8
2011010118,0.6,0,2,346.5,52.5,1021.8
2011010200,-1.2,0,1.1,342.8,61,1024.4
2011010206,0.1,0,1,332.3,58.7,1025.8
2011010212,7.1,0,2.9,18.2,42.7,1022.9
2011010218,1.4,0,0.9,354.1,51.7,1022.6
2011010300,-1.6,0,0.5,355.8,55.7,1021.6
2011010306,-1,0,1.1,330.6,56.5,1021.2
2011010312,-0.1,5.8,1.4,1.3,93.2,1019
2011010318,-0.5,1.7,1.8,0,94.3,1018.9
2011010400,-0.9,3,1.1,3.4,92.2,1018.6
2011010406,-0.5,0,2.7,3.4,78.2,1019.8
2011010412,2.4,0,3.9,328.5,51,1019
2011010418,-1.1,0,1.5,322.9,66.8,1019.9
2011010500,-2.1,0,1.4,304.2,71.3,1019.3
2011010506,-0.2,0,1,306.7,68.8,1018.8
2011010512,4.6,0,2.6,243.5,42.3,1016.7
2011010518,0.9,0,3,310.1,50.5,1018.6
2011010600,-1.8,0,3.3,321.5,53.7,1020.7
2011010606,-2.5,0,3,328.8,54.7,1022
2011010612,1.1,0,3.6,310.1,40.2,1021.9
2011010618,-2.4,0,2.9,350,44.3,1024
2011010700,-6,0,2.4,357.2,54.8,1025.3
2011010706,-5.5,0,1.4,325,51.3,1026.6
2011010712,1.5,0,4.4,353.2,31.5,1024.6
2011010718,-1.5,0,2.6,356.9,33,1024.9
2011010800,-4.4,0,2,6,43,1025.1
2011010806,-3.3,0,1.1,283.6,44.8,1025.2
2011010812,4.3,0,2.4,342.3,30.2,1022.3
2011010818,0.1,0,1.1,305.5,53,1021.8
2011010900,-2.9,0,0.5,312.1,70.3,1021.1
2011010906,-0.9,0,1.1,266.3,68.8,1021.2
2011010912,2.5,0,5.2,321.8,29.3,1019.9
2011010918,-2.6,0,4.1,328.9,34.3,1023.6
2011011000,-6.6,0,1.2,18.2,49,1024.3
2011011006,-6.3,0,1.6,13.9,44.3,1024.8
2011011012,0.5,0,3.6,302.9,24,1021.6
2011011018,-3,0,1,333.7,32.3,1021.6
2011011100,-5.6,0,0.9,313.9,40.8,1020.3
2011011106,-4.3,0,1.3,12.8,39.8,1018.5
2011011112,2.5,0,3.7,321.8,36.3,1014
2011011118,-0.3,0,1.1,317.1,52.2,1014.9
2011011200,-1.8,0,1.6,331.9,58.5,1015.3
2011011206,-2.9,0,3.7,294.9,36,1019
2011011212,-0.2,0,4.8,323.3,22.7,1019.2
2011011218,-3.4,0,2.2,314.5,30.5,1022.2
2011011300,-5.5,0,3.8,333.4,38.2,1023.5
2011011306,-4.2,0,3,1.3,39.5,1024.9
2011011312,2.4,0,2.9,332.1,25,1023.5
2011011318,-0.9,0,1.4,0,29.8,1025.6
2011011400,-4.2,0,0.8,335.3,47.7,1026.3
2011011406,-3.5,0,0.8,260,53.2,1026.4
2011011412,4.8,0,3.1,294.7,37.3,1023.2
2011011418,2.5,0,2.2,336.7,48.8,1023.3
2011011500,0.2,0,3.2,310.1,33.8,1022.8
2011011506,-3,0,5.2,305,38.5,1022.4
2011011512,-3.7,0,6,308.2,22.3,1020
2011011518,-9,0,4,326.6,34.8,1021.2
2011011600,-12.6,0,5.4,320,39,1021.8
2011011606,-10.3,0,4.1,20.2,38,1021.7
2011011612,-3.4,0,5.2,308.2,25,1020.7
2011011618,-5.9,0,4.8,330.7,33.7,1023.6
2011011700,-9,0,3.8,7.7,48.3,1026.3
2011011706,-5.6,0,4.2,346.1,37.5,1027.2
2011011712,0.8,0,6,308.2,19.7,1025.6
2011011718,-1.8,0,4.4,324.2,23.5,1026.9
2011011800,-4.2,0,3,3.3,33.2,1027.2
2011011806,-2.6,0,4.2,336,40,1027.7
2011011812,2.3,0,3.2,325,36.2,1025.5
2011011818,-0.6,0,2.2,326.6,45.5,1026.4
2011011900,-3.2,0,1.7,328.1,49.2,1026.9
2011011906,-3.2,0,1.9,280.4,59,1027.3
2011011912,2.3,0,3.1,321.8,31.2,1024.1
2011011918,-0.9,0,2.6,325,37.3,1024.8
2011012000,-3.5,0,2,323.5,48.3,1024.9
2011012006,-3.4,0,2.7,321.4,55,1024.9
2011012012,0.9,0,3.8,325,29,1022.4
2011012018,-1.7,0,2.7,13.9,33,1023.7
2011012100,-4.8,0,2.1,350.2,36.3,1023.7
2011012106,-4.4,0,2.7,13.6,37.5,1023.6
2011012112,3.2,0,2.8,336.7,22.8,1020.9
2011012118,-0.5,0,3.9,333.2,30.8,1022.6
2011012200,-3.7,0,3.8,0.7,37.3,1025.2
2011012206,-2.7,0,2.2,31.3,45.2,1025.4
2011012212,4.3,0,2.7,314.7,33.8,1024.3
2011012218,0.6,0,2.3,7.9,45.2,1025.5
2011012300,-1.3,0,1.7,350,42,1026.4
2011012306,-1.3,0,1.2,356.8,35.7,1027.1
2011012312,4.6,0,1.5,278,31.8,1022.9
2011012318,3,0,2.6,257.8,46.5,1021.2
2011012400,-0.4,0,2.7,336.6,54.5,1021.7
2011012406,-2.2,0,4.6,313.4,51.8,1023.2
2011012412,0,0,5.1,310.1,36.8,1022.3
2011012418,-3.4,0,4,318.4,43.5,1025.3
2011012500,-6.5,0,1.6,10,53.5,1027.3
2011012506,-5.4,0,3.1,8.9,50.8,1028.6
2011012512,1.7,0,3.6,325.3,29.7,1026.6
2011012518,-1.7,0,4.3,336.1,38.7,1028.5
2011012600,-4.7,0,3.6,336.6,46.7,1030.6
2011012606,-4.2,0,2.8,349.8,45.5,1032.7
2011012612,0.9,0,3.9,325,30.2,1031
2011012618,-2.2,0,2.6,342.8,34.5,1032
2011012700,-5,0,1.7,41.3,41.2,1032.8
2011012706,-4.9,0,6.4,318.4,36,1034.5
2011012712,0,0,5.2,305,22.5,1032.8
2011012718,-1.7,0,2.4,335.3,25.5,1033
2011012800,-3.8,0,2,19.3,33.7,1032.5
2011012806,-3.4,0,2.2,0,31.8,1032.2
2011012812,3.1,0,2.9,11.7,17.3,1027.9
2011012818,-1,0,2,21.6,25.3,1026.8
2011012900,-3.7,0,3.9,339.6,23.8,1025.8
2011012906,-4,0,3.6,338,32.8,1026.3
2011012912,-1.1,0,4.5,302.9,27.2,1024.7
2011012918,-4.3,0,3.2,308.4,25.8,1026.3
2011013000,-6.4,0,2.7,316.9,40.5,1026.4
2011013006,-6.1,0,4.6,301.8,37,1027.2
2011013012,-2.9,0,6.3,283.4,22.3,1025.5
2011013018,-4.6,0,3.8,291.6,33.3,1025.4
2011013100,-6.5,0,2.9,293.2,42.3,1025.8
2011013106,-5.2,0,3.7,327.6,31.8,1026
2011013112,1.2,0,5.3,299.9,25.7,1023.3
2011013118,-0.4,0,3.3,321.9,45,1023.3
2011020100,-0.6,0,2.8,0.9,49.2,1022.8
2011020106,0.8,0,2.7,17.3,49.2,1024.2
2011020112,8.1,0,2.4,104.2,32.8,1022.5
2011020118,3.4,0,0.6,331.2,50.3,1022.6
2011020200,-0.3,0,0.9,269.7,57.2,1022.1
2011020206,1.5,0,0.6,287.5,54.7,1022
2011020212,9.8,0,2.9,308.2,21.2,1020.2
2011020218,5.3,0,1.2,296.5,30,1022
2011020300,-0.5,0,0.7,292.8,48.3,1022.7
2011020306,0.8,0,0.1,0,50.3,1022.9
2011020312,11.1,0,2.3,225.3,20.2,1019.2
2011020318,4.6,0,0.8,306.5,30.3,1020.4
2011020400,-1,0,0.4,330.5,47.3,1021.1
2011020406,0.9,0,0.3,332.1,48.3,1020.4
2011020412,11.8,0,2.8,257.6,20.5,1017
2011020418,6.3,0,1,299.2,32,1018.1
2011020500,0.7,0,0.8,266.3,48.3,1019.1
2011020506,1.8,0,1.4,319.2,46.2,1021.5
2011020512,9.5,0,2.6,103.4,36.7,1020.2
2011020518,4.4,0,0.7,341.6,61.8,1020.3
2011020600,0.4,0,0.3,330.5,74.8,1018.1
2011020606,3.3,0,0.7,33.8,68.2,1016.6
2011020612,12.1,0,1.9,79.2,27.7,1013.1
2011020618,7.8,0,2.5,342,41.5,1014.3
2011020700,3,0,1.4,16.7,67.5,1016.6
2011020706,3.6,0,2.5,350,56.2,1018.5
2011020712,8.7,0,2.5,119.3,42.2,1016.3
2011020718,4.9,0,1.1,17.2,62.5,1015.8
2011020800,2.2,0,0.4,332.1,73.2,1013.3
2011020806,3.3,0,0.5,272.4,76.8,1011.4
2011020812,5.4,0.4,0.4,11.4,90.2,1008.1
2011020818,4.8,1.1,2,3.4,91,1009
2011020900,3,0.2,1.1,337.1,90.2,1011.1
2011020906,2.8,0,2.1,359.9,70,1014.8
2011020912,8.1,0,3.1,333.2,32.5,1015
2011020918,4.2,0,1.9,353.5,38,1017.7
2011021000,0.4,0,0.6,334.8,49.7,1019.4
2011021006,1.6,0,1,277.4,48.8,1020.2
2011021012,4.4,0,1.4,338.6,72.3,1018.4
2011021018,2.1,0.1,1.3,315,92.2,1018.4
2011021100,1.5,0.5,1.7,326.1,90,1017.4
2011021106,1.7,0,2.4,353.2,86.3,1016.7
2011021112,3.2,0.4,4.2,343.3,86.7,1014.6
2011021118,1.2,1,4,321.8,86.5,1014
2011021200,-1.6,0.6,5.3,326.6,58.2,1014.1
2011021206,-4.2,2,5.8,325.3,79.5,1017.7
2011021212,2.1,0.1,4.2,356.6,45.2,1020
2011021218,-1,0,2.3,7.9,53.8,1023.3
2011021300,-3.8,0,1.9,1.2,50.7,1024.1
2011021306,-3.7,0,0.9,342.9,50.3,1025.3
2011021312,2.9,0,2.2,63.4,39.7,1023.7
2011021318,0.8,0,1.5,316.7,62,1023.6
2011021400,-0.2,0,0.8,307,81.2,1022.3
2011021406,-0.2,3.2,2.9,346.6,93.7,1020.7
2011021412,-0.8,6.6,3.8,323.3,94.5,1018.5
2011021418,-1.1,7.4,2.7,343.3,98.7,1022.1
2011021500,-0.9,0,2.5,356.6,89,1026
2011021506,-0.6,0,0.6,350.3,76.3,1029.4
2011021512,5.1,0,2,80,56.3,1027.8
2011021518,1.5,0,0.9,347,78.5,1028.4
2011021600,-2.3,0,0.1,0,91.5,1027.8
2011021606,0.4,0,0.4,27.9,76.3,1027.1
2011021612,8.9,0,2.1,51.8,45,1023
2011021618,6.8,0,1.9,239.7,64.2,1021.9
2011021700,3.9,4,0.6,16.2,94.5,1019.7
2011021706,3.5,6,0.3,18.9,97.8,1017
2011021712,4.3,2.5,2.1,3.4,95.3,1013.7
2011021718,3.3,0,2.5,20.2,93.2,1014.5
2011021800,2.1,0,2,350.4,88.8,1018
2011021806,3.1,0,3.3,343.4,70.8,1021.6
2011021812,6.6,0,3.4,40.4,56.5,1022.6
2011021818,2.9,0,1.4,332.5,71.5,1024.1
2011021900,-0.5,0,0.1,350,87.5,1024.5
2011021906,1.4,0,0.6,335.4,79.8,1024.7
2011021912,9.4,0,2.3,126.6,47.7,1021.5
2011021918,5.1,0,1,323.1,69.3,1021.7
2011022000,2.1,0,1.2,266.5,64.3,1022.5
2011022006,4.5,0,1.8,331.8,59,1024.8
2011022012,9.8,0,5.5,29.9,59.2,1025.1
2011022018,6.7,0,3.8,29.9,69.5,1027.6
2011022100,4.5,0,3.2,3.3,64.3,1027.4
2011022106,5.6,0,3.7,35,60.2,1027.6
2011022112,7.9,0,5,63.4,53.2,1026.1
2011022118,5.5,0,3,4.4,65.3,1026.6
2011022200,5.5,0,1.8,350,69.7,1025.9
2011022206,6.8,0,2,15.8,67.2,1026.5
2011022212,9.8,0,3.6,73.3,54.7,1024.8
2011022218,6.1,0,1.7,8.2,70.2,1024.7
2011022300,2,0,0.4,340.3,86.2,1023.2
2011022306,3.7,0,0.1,0,79.5,1023.3
2011022312,12.8,0,2.4,117.5,49.2,1019.8
2011022318,8.2,0,0.8,231.6,72.5,1019.9
2011022400,3.8,0,0.3,350,84.8,1018.8
2011022406,7.4,0,0.5,25.2,73.3,1018.6
2011022412,18.6,0,4.1,223.5,39.7,1014.6
2011022418,12.6,0,1.8,280,62.5,1016
2011022500,8.4,0,2.2,348.3,59,1018.4
2011022506,8,0,2.9,18.5,61.2,1022.3
2011022512,11.8,0,4,351.6,32.8,1023.3
2011022518,5.4,0,3.5,40.1,66.7,1028.6
2011022600,3,0,1.7,307.2,66,1031
2011022606,5.8,0,2.3,55.3,63,1032.1
2011022612,8.7,0,3.8,76.8,55.2,1029.3
2011022618,6.2,0,1.3,11.7,69,1027.5
2011022700,5.3,0.5,0.7,315,80.8,1025.3
2011022706,6,1,0.2,332.1,94.8,1024.3
2011022712,7.1,12,1.2,311.9,96.8,1019.6
2011022718,6.1,14.5,1.9,328.5,95.7,1016.8
2011022800,5.5,7,3.3,353.4,92.7,1015.6
2011022806,5.1,4.5,3.6,353.4,91,1018
2011022812,6.2,0.5,2.2,6.6,89.8,1017.4
2011022818,5.8,0,1.4,329.8,88,1017.3
2011030100,5,0,0.7,334.5,93.2,1014.8
2011030106,5.2,2.5,0.5,348.8,96,1013
2011030112,7.4,1,3.2,356.8,78.7,1010
2011030118,4.6,0,3.6,316.8,65.3,1013
2011030200,0.9,0,3.2,313.4,63.8,1015.2
2011030206,0.8,0,3.3,300.5,49.8,1017.8
2011030212,5.5,0,5.1,299.9,30,1016.8
2011030218,1.5,0,2.8,346.2,35.5,1020
2011030300,-1.7,0,1.8,336.7,45.5,1021
2011030306,-1.5,0,3.1,333.2,43.8,1021.1
2011030312,4,0,4,296.2,29.5,1018.2
2011030318,2.1,0,2.5,336.1,35.2,1020.2
2011030400,-0.9,0,2.6,350,46.2,1021.5
2011030406,0.2,0,3.5,328.5,44.8,1023.3
2011030412,6.8,0,3.4,314.2,29.5,1022.2
2011030418,3.1,0,1.3,289.8,55,1023.8
2011030500,-1.1,0,0.8,301.9,61.8,1024.4
2011030506,2.1,0,1.5,266.3,47.7,1024.4
2011030512,10.3,0,2.6,209.1,25.2,1020
2011030518,7.8,0,3.7,235.3,43.5,1019.5
2011030600,3.9,0,1,271.1,56.7,1019.3
2011030606,5,0,1.9,328.1,44.8,1018.8
2011030612,11,0,3.3,105.3,36.3,1014.4
2011030618,7.6,0,1.3,301.3,46.8,1013.4
2011030700,6.8,0,2.7,305.5,46.2,1012.5
2011030706,5.4,0,3.8,310.9,52.3,1012.6
2011030712,9.3,0,5.6,284.7,27,1011.2
2011030718,5.7,0,3.3,283.4,28,1013.6
2011030800,1.4,0,2.5,333.2,40.5,1016.3
2011030806,2.5,0,4.1,320.7,35.7,1018.5
2011030812,9.1,0,3.7,260,21.7,1017.2
2011030818,6.5,0,2,261.5,28.2,1017.7
2011030900,2.3,0,1.1,305.9,36.2,1019.8
2011030906,2.5,0,2.4,325,34,1022.2
2011030912,6.3,0,6.2,296.6,22.7,1022.2
2011030918,3.5,0,2.1,313.4,33.5,1024.4
2011031000,-0.6,0,0.6,327.8,49,1024.7
2011031006,1.6,0,2.4,335.6,40.2,1024.6
2011031012,9.2,0,3.1,238.4,25.2,1020.6
2011031018,6.2,0,2.3,262.3,36.2,1019.8
2011031100,2.6,0,1.6,301.6,47.3,1021.4
2011031106,4.2,0,2.1,250.7,43.7,1023.2
2011031112,12,0,4.7,275.1,18.5,1020.4
2011031118,8.7,0,2,308,27.2,1021
2011031200,4.8,0,1,271.7,40,1021.8
2011031206,6.9,0,0.7,219,40.3,1022.2
2011031212,15.3,0,4.1,190,20.8,1018.9
2011031218,10.7,0,2.8,198.5,47,1019.4
2011031300,6.9,0,0.6,350.3,67.8,1020.1
2011031306,8,0,1.1,211.4,65.2,1021.1
2011031312,17.3,0,3.3,133.4,44.7,1017.8
2011031318,11.9,0,0.6,13.6,73.7,1017.4
2011031400,8.2,0,0.2,0,79.5,1016.8
2011031406,10.5,0,0.8,272,69.2,1017.1
2011031412,17.7,0,2.8,125,42.3,1013.8
2011031418,10.2,0,4.4,45.1,72.2,1017.3
2011031500,7.8,0,1.4,346.6,74.7,1016.7
2011031506,8.5,0,1.3,336.1,72.3,1014.8
2011031512,11.1,0,5.4,313.8,24.8,1011.5
2011031518,5.4,0,4.5,310.1,27.3,1014.3
2011031600,-0.3,0,4.7,313.4,36.5,1017.9
2011031606,0.6,0,5.5,288.2,28.7,1020
2011031612,5.9,0,5.8,307.2,20.7,1018.7
2011031618,3.4,0,3,325.3,34.5,1019.5
2011031700,0.1,0,3.5,294.9,45.3,1021.2
2011031706,1.3,0,4.4,311.5,40.5,1023.8
2011031712,7.7,0,4.1,308.4,21.2,1023.3
2011031718,4.9,0,1.6,309.8,41.7,1024.8
2011031800,-0.1,0,0.8,299.2,57.2,1027.2
2011031806,3.3,0,0.7,306.7,45.2,1026.8
2011031812,13,0,2.6,177.7,26,1022.2
2011031818,10.5,0,4.1,206.6,44.2,1020.8
2011031900,9.8,0,4.3,212.9,60.8,1018.3
2011031906,11.1,0,1.5,222.6,54.8,1018.5
2011031912,16.9,0,2.8,217.9,40.5,1016.7
2011031918,14.1,0,1,219.2,55.5,1016.7
2011032000,11.9,0,0.9,329.7,67.3,1015.2
2011032006,9.8,3.5,0.4,335.9,90,1011.3
2011032012,7.7,11.5,2.2,35,95.3,1010.8
2011032018,6.4,0,1.4,353.7,87.7,1013.7
2011032100,5.3,0,1.5,326.9,86.2,1015.5
2011032106,7.5,0,1.4,339.2,72.3,1016.9
2011032112,11.4,0,3.1,63.2,56.7,1015.3
2011032118,9.1,0,1.3,190.5,74.8,1016
2011032200,7.6,0,1.8,330.5,64.3,1016.5
2011032206,6.1,0,3.4,315.1,36.5,1019.1
2011032212,7.7,0,4.5,23.2,46,1019.7
2011032218,4.1,0,2.4,354.7,59.7,1022
2011032300,1.2,0,2.8,322.7,40.5,1023.2
2011032306,1.9,0,4.6,310.1,38,1024.3
2011032312,8.6,0,4,319.8,23.7,1021.9
2011032318,5.4,0,1.5,228,41.7,1022.1
2011032400,2.4,0,0.8,252.8,46.3,1022.9
2011032406,5,0,2,320.4,35.5,1023.9
2011032412,11.2,0,3.9,262.9,24.7,1020.6
2011032418,8.2,0,3.7,220.1,42.8,1019.5
2011032500,6,0,3.4,228.8,54,1017.6
2011032506,3.9,0,5.7,301.8,42.5,1020.7
2011032512,7.5,0,5.8,280,23.3,1021.2
2011032518,4.7,0,2.7,328.5,33.2,1025.2
2011032600,1.6,0,2.3,336.1,45.8,1026.9
2011032606,3.5,0,1.7,314.7,41.5,1027.7
2011032612,8.8,0,3.3,130.9,29,1025.4
2011032618,5.4,0,2.2,218,46.5,1025.9
2011032700,1.2,0,0.3,314.9,62,1027.1
2011032706,5.7,0,2.6,1.3,38,1026.9
2011032712,10.9,0,3.7,151.7,29.2,1024.6
2011032718,7.2,0,1.5,222.1,51.2,1024.7
2011032800,4.1,0,0.5,343.6,59.8,1024.7
2011032806,7.1,0,1.2,326.1,55.5,1024.5
2011032812,13.5,0,3.6,256.5,28.3,1021.7
2011032818,9.5,0,1.7,15,45.3,1023.2
2011032900,4.4,0,0.7,342,81.3,1024.5
2011032906,5.6,0,0.9,229.6,57,1025.3
2011032912,12.5,0,3.8,226.8,30.8,1021.2
2011032918,9.1,0,2.7,308.4,31.3,1021.2
2011033000,5.9,0,1.6,330.5,45.3,1021.6
2011033006,8.4,0,3.9,340,35.5,1022.4
2011033012,17.1,0,5.1,313.4,19,1018.5
2011033018,13.4,0,2.5,295.6,28.5,1018.5
2011033100,7.7,0,1.8,339.5,46.3,1020.3
2011033106,11.8,0,1.4,47.6,39.3,1022.4
2011033112,18.1,0,3.6,95.8,26,1020.8
2011033118,12.6,0,0.9,88.5,40.8,1021.2
2011040100,6.9,0,0.4,327.8,51.5,1021.1
2011040106,11.6,0,0.9,147.4,42.2,1021.4
2011040112,21.5,0,4.2,215,13.8,1017.3
2011040118,16.3,0,2.5,244.5,27.3,1017.6
2011040200,13.1,0,2,343.5,25.5,1019
2011040206,10.1,0,5.5,53.3,62.7,1022.1
2011040212,9.4,0,5.1,56.6,57.5,1021.4
2011040218,7.6,0,2.2,35,64.8,1021.3
2011040300,5.9,3,0.8,333.4,87.2,1021.3
2011040306,6.9,0.5,1.8,358.9,84.3,1021.9
2011040312,9.9,0,5.2,66.7,48,1021.2
2011040318,6.4,0,2,31.6,59.5,1022.8
2011040400,2.6,0,0.2,355.2,79.5,1024.1
2011040406,7,0,2.9,22.6,60.3,1025.5
2011040412,10.6,0,5.2,66.7,44.8,1025.6
2011040418,7.4,0,1.8,14.6,62.3,1026.7
2011040500,3.1,0,0.3,350,81.8,1027.3
2011040506,7.4,0,1,38.8,65.8,1028.1
2011040512,15.2,0,3.2,135.1,42.5,1025.9
2011040518,9.8,0,1.6,100.1,64,1025.8
2011040600,4.4,0,0.8,302.6,84.2,1026.1
2011040606,9,0,0.9,19.2,69.2,1026.1
2011040612,18.4,0,5.6,190.1,32.8,1022.4
2011040618,15.2,0,3.2,206.6,47.7,1022.2
2011040700,12.1,6,1.2,280,80.7,1022.4
2011040706,12.9,3.5,1.9,288.2,92.3,1021.2
2011040712,15.8,0.5,5.2,209.9,76.3,1018.1
2011040718,14.7,3,3.5,193.4,90.2,1015.8
2011040800,13.9,4,2.9,227.6,94.2,1014.6
2011040806,12.7,1,2.8,17.7,87.8,1017.5
2011040812,13.7,0,5.4,66.7,57.7,1018.4
2011040818,11,0,1.9,48.4,66,1019.7
2011040900,8.5,0,0.8,326.9,83.2,1020.5
2011040906,11.6,0,0.8,224.4,65.7,1021.3
2011040912,19.1,0,3.5,286.2,24.3,1018.6
2011040918,15,0,1.6,312.6,33.2,1019.5
2011041000,9.4,0,0.6,333.4,54.2,1019.8
2011041006,13,0,1.2,241.2,42.8,1019
2011041012,21.7,0,4.2,225,19.8,1014
2011041018,16.7,0,2.6,245,35.8,1013.1
2011041100,12.1,0,1.9,34.5,64.8,1013.4
2011041106,9.1,2,2.9,353.9,77.5,1015.9
2011041112,13.4,0,3.2,43.2,50.7,1014.5
2011041118,9.9,0,1.8,31.3,75.2,1016.7
2011041200,5.4,0,1.1,270.4,84.2,1018.4
2011041206,9.6,0,1.5,276.8,45,1019.8
2011041212,17.4,0,3.8,105.6,30.8,1016.6
2011041218,14,0,2.5,237.3,37.5,1016.1
2011041300,8.4,0,1.5,283.4,48.5,1016.4
2011041306,13.1,0,2.8,336.1,27.5,1017.2
2011041312,20.3,0,3,90,28,1014
2011041318,16.9,0,2.1,255.6,33.2,1013.7
2011041400,10.7,0,1.5,259.8,45.3,1014
2011041406,13.6,0,1.8,236.5,39.3,1013.2
2011041412,21.4,0,3.2,116.6,33.8,1008.7
2011041418,17.2,0,3,237.4,34.3,1008.2
2011041500,15.6,0,3,208.5,68.2,1007.5
2011041506,19,0,2.8,221.6,64.3,1006
2011041512,24.6,0,3.9,136.8,48.2,1002.6
2011041518,19.8,0,1.8,228.4,62.2,1003.5
2011041600,15.6,0,3.3,17.6,62.2,1007.3
2011041606,10.2,0,3.7,48.4,66.7,1014.9
2011041612,11.6,0,5.6,66.7,52.8,1016
2011041618,9.6,0,3.1,73.4,60.7,1017.7
2011041700,7,0,0.8,358.9,71.3,1017
2011041706,9.2,0,1.8,67.3,65.2,1015.7
2011041712,13.8,0,3.7,76.6,45.7,1011.9
2011041718,10,0,2.2,52.7,68.2,1009.2
2011041800,6,0,0.7,289.1,83.2,1006.3
2011041806,9.6,0,0.9,287.4,70.3,1004
2011041812,12.4,8,4.1,29.5,58.3,1002.5
2011041818,9.2,0,2.8,316.9,55.8,1005.3
2011041900,6.5,0,2.5,318.4,71,1007
2011041906,8.6,0,4.8,323.3,51.7,1009.7
2011041912,12.4,0,4.2,346.3,42.7,1012.6
2011041918,8.7,0,2.7,1.5,66.5,1016.2
2011042000,5,0,0.8,315,82,1019.2
2011042006,9,0,0.9,123.9,65.7,1021.1
2011042012,15.9,0,4.4,148.5,55.5,1018.7
2011042018,13.4,0,3.1,209.8,64.7,1017.9
2011042100,9.8,0,0.8,304.7,73.5,1018.6
2011042106,12.8,0,0.9,225.6,60,1018.9
2011042112,20.2,0,4.8,190.1,28.5,1016.3
2011042118,16.1,0,3.7,196.7,43.2,1016.2
2011042200,14.1,0.4,2.2,139.4,71.2,1015.2
2011042206,10.8,18.6,2.1,45.7,94.7,1012.6
2011042212,13.9,18,3.8,186.6,96.5,1006.4
2011042218,12.4,4,1.6,26.8,96.7,1005.7
2011042300,9,0,0.6,11.7,97.3,1007
2011042306,11.7,0,3.8,299.6,56.8,1007.8
2011042312,16.6,0,4.6,286.5,30.8,1006.3
2011042318,13,0,2.2,302,40.7,1007.7
2011042400,9.1,0,1.2,327.6,56.3,1008.8
2011042406,11.3,0,1.7,285.3,44.3,1009.8
2011042412,16.5,0,4.4,250,30.3,1007.2
2011042418,14,0,3.6,253.4,35.2,1007.9
2011042500,10.4,0,2.5,253.1,47.3,1009.9
2011042506,12.6,0,2.2,227.6,44.7,1011.3
2011042512,18.3,0,3.9,236.1,32.2,1009.3
2011042518,15.4,0,3.7,226.8,48.3,1010.2
2011042600,12.5,2.5,1.6,210.2,64.2,1010
2011042606,11.1,2,0.8,16.3,94.3,1006.5
2011042612,16.7,0.5,2.3,230.2,82,1003
2011042618,15.3,2.5,0.7,5.7,95.8,1003
2011042700,14.2,0.1,0.7,333,97.3,1000.7
2011042706,15.9,0,1.1,9.8,88.3,1000
2011042712,18.1,0,2.5,113.7,72.8,998.8
2011042718,12.7,0,2.7,23.2,82.3,1001.6
2011042800,9.9,0,1.6,348.4,81.8,1003.5
2011042806,11.4,0,3,328.2,56.2,1006.9
2011042812,13.7,0,3,112.4,57.2,1008.5
2011042818,11.2,0,2,35,73.3,1010
2011042900,8.9,0,2.1,340,60.7,1012.5
2011042906,11.6,0,1.3,324.5,51.8,1014.9
2011042912,18.3,0,4.3,166.2,38.7,1013
2011042918,16,0,5.2,211.8,45.3,1013.2
2011043000,16.7,0,4.1,200,74.3,1010
2011043006,17.5,0.1,5.7,190,89.3,1008
2011043012,20.9,0,6.7,200,76.5,1005.9
2011043018,19.7,2.9,6.2,194.7,78.3,1005.3
2011050100,16.6,3,3.1,187.9,94.7,1000.4
2011050106,20,0,3,222.6,65.5,1001.1
2011050112,22.7,0,5.3,256.5,27.3,1002.2
2011050118,17.8,0,2.6,304.2,38.3,1008.2
2011050200,14.4,0,2.8,331.3,50.3,1011.4
2011050206,16.2,0,2.7,18.9,51.7,1013.4
2011050212,20,0,3.3,100,39,1012.7
2011050218,15.4,0,2.2,183.4,54.3,1012.7
2011050300,13.9,0,0.7,257,64.5,1011.8
2011050306,16.6,0,0.8,318.1,56.7,1011.8
2011050312,22.7,0,3.3,170.2,36.5,1009.5
2011050318,18.5,0,2.5,256.6,50.7,1010.7
2011050400,13.8,0,0.7,11.2,53.8,1013.6
2011050406,15.8,0,2.2,59,48.5,1015.5
2011050412,17.2,0,4.3,63.4,49.2,1016
2011050418,13.5,0,2.9,56.6,73.5,1017.3
2011050500,11.6,0,1.2,358.9,81.2,1017.7
2011050506,14,0,2.5,47.4,70.3,1018.6
2011050512,16.5,0,4.5,76.6,56.5,1017.6
2011050518,12.5,0,2.1,41.4,71.8,1017.9
2011050600,9.1,0,0.8,327.8,85.8,1017
2011050606,13,0,1.4,222.1,75,1015.5
2011050612,18.8,0,3,154.9,63,1012
2011050618,16.6,0,2.4,203.2,78.5,1010.2
2011050700,17,0.1,3.2,198.2,89.3,1007.9
2011050706,20.3,0,4.1,204.9,74.3,1007.5
2011050712,24.4,0,4.5,212.5,57,1006.3
2011050718,19.4,0,1.2,43.2,81.3,1008.3
2011050800,16.4,0,1.2,270.9,93.3,1010.6
2011050806,19.5,0,1.9,340,73.7,1013.1
2011050812,22.8,0,4.2,121.1,45.8,1013.6
2011050818,17.4,0,1.5,125.4,64.8,1014.9
2011050900,14.4,0,1.8,200.5,91.2,1014.7
2011050906,18.6,0,2.8,218.9,81,1012.5
2011050912,23.3,0.4,5.4,196.7,79.2,1009.1
2011050918,22.7,0.1,5.8,204.9,84.2,1007.5
2011051000,22.7,3,3.3,188.1,86.2,1006.5
2011051006,21,12.5,1.3,51.1,94.7,1005.2
2011051012,18.3,0.5,3.1,61.1,90,1006
2011051018,14.7,1,1.2,329.7,94.7,1007.3
2011051100,13.6,1,0.8,358.4,97.5,1005.8
2011051106,13.8,10.5,1.7,334.9,96,1006
2011051112,14,45,2.1,0.4,95.5,1006.3
2011051118,12.9,10.5,2.7,17.3,94.8,1007.3
2011051200,12.3,1,1.4,330.5,96.8,1004.9
2011051206,12.9,1.5,2,358,95.2,1002.9
2011051212,17,0,1.8,68.4,78.5,1000.9
2011051218,14.2,0,1,135.3,92,1002.2
2011051300,13,0,1.8,296.9,49.2,1003.5
2011051306,16.8,0,2.4,283.1,45.8,1004.2
2011051312,23.4,0,6.1,253.4,28.5,1002
2011051318,19.6,0,4.6,250,28.5,1004.5
2011051400,16,0,3,263.4,34.3,1006.7
2011051406,19.1,0,2.5,249.1,35,1008.5
2011051412,25.3,0,4.4,263.2,21.3,1008
2011051418,20.8,0,2.3,283.4,29.8,1011.6
2011051500,13.8,0,1.1,248,52.7,1013.7
2011051506,19.1,0,1.2,155,40.2,1014.7
2011051512,25.6,0,4.8,206.6,24,1012.5
2011051518,20.7,0,2.5,183.4,38.5,1012.9
2011051600,18,0,1.8,287.1,46.7,1012.9
2011051606,15.8,0,1.7,76.6,68.3,1014.1
2011051612,19.4,0,2.5,125,63.7,1012
2011051618,17.4,0,0.8,51.6,78.3,1011.6
2011051700,13.7,0,0.9,281.3,76.7,1011.4
2011051706,17.6,0,1.2,281,45.7,1012.3
2011051712,22.6,0,4.1,113.3,30.8,1010.7
2011051718,16.7,0,1.5,38.4,63.2,1011.5
2011051800,13.5,0,0.3,7.7,69.8,1012.8
2011051806,17.9,0,1.1,89.7,61.2,1014.5
2011051812,24.9,0,4.9,182.3,41.8,1013.2
2011051818,20.3,0,3.8,201.6,57.5,1014.2
2011051900,17.7,0,1.6,184.3,55.5,1014.8
2011051906,20.7,0,4.2,222.3,49.7,1015.2
2011051912,24.3,0,5.8,193.4,50.3,1013
2011051918,20.9,0,3.2,200,65.5,1013.6
2011052000,20,0,2.5,193.6,77.8,1013.5
2011052006,21.9,0,3.3,190,77.8,1012.7
2011052012,23.6,0,4.5,206.6,73,1010.8
2011052018,21.9,0,3.4,209.9,77.3,1010.8
2011052100,20.6,0,2,237.7,79.5,1010.8
2011052106,22.3,0,2.5,95.5,74.2,1010.1
2011052112,21.7,0,4.3,80,67.8,1009.4
2011052118,16.5,0,3.8,45.1,74,1011.8
2011052200,14.4,0.1,2.4,8.1,88.3,1012.8
2011052206,14.9,0.1,1.4,38,85.7,1015.3
2011052212,18.7,0,4.1,80,62.7,1015
2011052218,15.8,0,1.9,50.3,73.2,1015.8
2011052300,14.2,2,1.5,307.5,86.2,1016
2011052306,13.9,1,1.5,281.7,87.8,1016.5
2011052312,14.5,3.5,1.4,292.6,87.2,1016
2011052318,13.3,0.5,1.3,22.4,88.5,1016.4
2011052400,10.7,0,0.6,320.7,94.7,1016
2011052406,16.4,0,2.2,20.8,71,1016.8
2011052412,20.9,0,3.7,66.7,47.2,1016
2011052418,17.7,0,1.2,23.6,56,1016.6
2011052500,13.6,0,0.5,335.2,77.8,1016.3
2011052506,17,0,1.8,44.3,68,1017.2
2011052512,17.9,0,3.2,59.8,69,1017.2
2011052518,14.7,0,2.8,50,77.3,1018
2011052600,14.2,0,1.7,262.6,81.2,1016.2
2011052606,14.7,4.5,2.2,305,88.7,1016.4
2011052612,15,8.5,3,21.6,92,1015.6
2011052618,14.2,0.5,3.9,40.1,92.2,1014.8
2011052700,14.4,1.5,1.6,358,96.8,1013
2011052706,15,0,1.9,0,93.2,1013.2
2011052712,15.4,0.5,1.6,0,91.3,1013
2011052718,14.7,0,0.8,328.2,94.7,1014.2
2011052800,14,0,0.3,7.7,94.8,1014
2011052806,16,0,1.6,40.7,87,1014.2
2011052812,18,0,4.9,50,74.7,1013.8
2011052818,15.8,0,3.1,40.1,82,1013
2011052900,14.9,0,3.6,24.9,86.8,1011.2
2011052906,14.9,0,5.4,24.9,83.7,1010.8
2011052912,17.8,0,5.7,6.6,75.2,1010.5
2011052918,16.1,0,2.9,346.6,78.2,1011.7
2011053000,13.1,0,1.7,328.8,89.3,1012.1
2011053006,17,0,0.7,202.4,74.8,1013.5
2011053012,19.4,0,3.4,106.2,67.3,1012.4
2011053018,14.4,0,3.2,56.6,85.3,1013.2
2011053100,13.9,0,1.7,16.2,87.5,1012.2
2011053106,14.6,0,1.8,69.8,85.7,1012.1
2011053112,15.3,2.5,1.6,89.5,89.2,1011.1
2011053118,14.7,0,1.4,63.9,94,1010.6
2011060100,14.4,0.5,0.7,304.7,95.3,1010.5
2011060106,17.1,0,1,22.5,86.2,1010.1
2011060112,22.6,0,3.8,218.1,62.7,1008.8
2011060118,19.5,0,2.2,113.1,79.3,1010.7
2011060200,16.7,0,1.2,39.4,92.7,1012
2011060206,16.2,0,2,56.6,89.8,1013.8
2011060212,18.6,0,2.2,86.9,78.3,1013
2011060218,16.4,0,1.6,127.7,87.2,1013.5
2011060300,15.9,0,1,225,91.7,1013.2
2011060306,17.8,0,2.2,220.3,82,1012.2
2011060312,23.5,0,3.1,94.4,63.3,1008.2
2011060318,21.4,0,1.7,222.8,68.2,1008.3
2011060400,19.3,0,2.4,187.7,79.2,1008
2011060406,22.3,0,2.1,203.2,66.3,1008.3
2011060412,27.9,0,4,228.4,44.5,1006.5
2011060418,23.2,0,2,273.3,68,1007.7
2011060500,20,0,1.5,260.2,80.8,1008
2011060506,23.3,0,1.5,348.6,61.7,1007.4
2011060512,27.2,0,3.5,136.7,41.5,1006.1
2011060518,21.8,0,1.5,126.6,59.5,1007.5
2011060600,17.6,0,0.9,299.2,76.7,1008.1
2011060606,22.3,0,0.9,205,57,1008.4
2011060612,27.7,0,3.8,173.5,42.5,1006.2
2011060618,24.1,0,2.9,226.8,53.5,1005.6
2011060700,19.1,0,0.5,325,69.5,1004.4
2011060706,23.7,0,1.2,260,55.8,1003.5
2011060712,26.4,0,4.3,122.9,53.7,1001.8
2011060718,21.1,0,3.5,190,69.7,1003.3
2011060800,18,0,1.1,278.5,85.7,1003.9
2011060806,22.2,0,1.7,277,65.8,1004.1
2011060812,26.5,0,3.3,94.4,58.2,1003
2011060818,23.1,0,1.4,70.8,66.8,1003.3
2011060900,22.6,0,2,225,58,1003.6
2011060906,23.8,0,1.3,219.8,57.5,1004.9
2011060912,25.8,0,2.1,129,58.8,1003.8
2011060918,23.4,0,2.2,263.5,71.3,1004.1
2011061000,20.4,0,2.2,270,83,1004.5
2011061006,21.6,0,1.7,267.3,80.3,1005.9
2011061012,23.8,0,1.8,93.3,68.5,1004
2011061018,20.3,3,2.5,177,90.7,1003.5
2011061100,17.9,3.5,1.3,294.6,96.3,1002.8
2011061106,21.6,0,0.9,287.6,72.7,1003.8
2011061112,26.8,0,3.1,115.5,49.5,1003.8
2011061118,22,0,1.4,158.4,64,1006
2011061200,18.8,0,0.7,315,80.2,1006.2
2011061206,19.7,0,0.6,348.2,77.2,1006.3
2011061212,24.1,0,2.6,147.6,63.7,1004.3
2011061218,22.5,0,2,174.2,76.7,1003.5
2011061300,18.7,0,1.7,50,87.2,1003.8
2011061306,21.2,0,1.5,260,75.7,1004.9
2011061312,21.2,0,3.2,93.4,73.7,1005.5
2011061318,19.2,0,2,61.9,76.7,1008
2011061400,17.9,0,0.6,322,83.3,1009
2011061406,20.7,0,1.5,48.5,75,1009.8
2011061412,23.5,0,3.4,106.7,64.5,1008.9
2011061418,20.4,0,2,101.2,82.2,1009.6
2011061500,18.3,0,0.9,240.5,91.8,1009.2
2011061506,20.3,0,0.9,91.6,82.3,1010.1
2011061512,23.5,0,3,103.1,66.3,1009.9
2011061518,19.7,0,1.9,58.1,81.5,1010.3
2011061600,18,0,1.1,13.1,85.5,1009.6
2011061606,20.2,0,3.1,8.1,75.8,1009.5
2011061612,23.6,0,4.1,56.6,59.2,1008
2011061618,19.8,0,2.9,31.1,75,1009.1
2011061700,17.1,0,0.5,324.2,87.3,1010
2011061706,20.7,0,2.2,26.7,73.3,1010.8
2011061712,23.8,0,3.2,93.3,62.7,1009.6
2011061718,21,0,2,127.7,76.7,1009.3
2011061800,19.6,0,0.9,36.9,86.7,1008.5
2011061806,21.1,0,1.6,25,79.8,1007.7
2011061812,23.8,0,3.5,90,56.2,1007
2011061818,20.4,0,1.9,58.3,70.3,1007.4
2011061900,17.7,0,0.9,5.7,80.7,1008.3
2011061906,20.8,0,1.8,38.6,63.7,1009.2
2011061912,22.8,0,3.6,73.3,57.5,1008.7
2011061918,20.5,0,2.5,58.5,80.2,1009.3
2011062000,19.2,0,1,346.6,86,1008
2011062006,21.6,0,1,347,74.5,1008
2011062012,24.4,0,2,125,63,1007.4
2011062018,21.7,0,1.3,137.9,79.2,1008.2
2011062100,20.8,0,0.9,287.7,83.2,1008.5
2011062106,25.3,0,1.8,247.7,64.8,1009.9
2011062112,30,0,3.8,142.3,49,1007.9
2011062118,26.5,0,2.8,228.4,57.8,1008.5
2011062200,23.5,5.5,1.8,280.3,73.2,1009
2011062206,24.2,0,2.9,208.4,84.2,1008.2
2011062212,24.2,16.5,3,180.4,88.5,1006.6
2011062218,25.1,0,4,193.4,85.8,1005.1
2011062300,24.5,1,2.9,206.6,86.7,1004.2
2011062306,27.5,0,5.2,209.9,70.7,1003
2011062312,28.7,0,6.9,200,69.5,1002
2011062318,26.5,0,5.6,200,77.5,1001.7
2011062400,26.3,0,4.1,193.4,77.7,1001.2
2011062406,26.3,0,3.5,173.5,76.3,1003.9
2011062412,22.9,0,2.9,93.3,77.3,1005.8
2011062418,19.9,0.1,2.5,56.6,86,1008.8
2011062500,17.6,28.9,1,10.1,96.2,1011.3
2011062506,18.1,5.5,1.6,354.8,93.5,1013.8
2011062512,19.2,3.5,2.1,12.4,89.2,1013.2
2011062518,17.8,51,3.2,27.1,96.2,1012.6
2011062600,17.8,38,1.8,313.3,96.8,1009.4
2011062606,18.9,85,2.7,180,99.3,1005.5
2011062612,22.2,41,3.8,166.9,95.8,1002.3
2011062618,20.8,5,2.2,180,96.7,1003.7
2011062700,19.8,0,1.5,164.8,93.3,1004.9
2011062706,22.2,0,3.8,183.3,83,1006.4
2011062712,25.5,0,6.3,200,68.7,1005.8
2011062718,23.5,0,4,201.6,74.7,1007.6
2011062800,20.9,0,1.7,99.4,84.7,1008.8
2011062806,23.4,0,0.8,43.2,76.2,1010.7
2011062812,27.1,0,2.6,177.2,69.8,1010.5
2011062818,24.6,0.5,2.3,218.1,81,1011.9
2011062900,23.4,0,1.8,232.2,87.5,1012.7
2011062906,26.8,0,3.5,190.3,76,1012.9
2011062912,29.4,0,5.2,204.9,65.5,1011.7
2011062918,26.4,0,3.9,196.7,73.2,1012.1
2011063000,24.8,0,2.6,195,78.7,1012
2011063006,26.8,0,2.9,186.6,73.5,1012.2
2011063012,29.2,0,4.3,206.6,65.7,1010.2
2011063018,24.8,4,3,193.4,84,1009.1
2011070100,22.3,5.5,1.2,290.6,97.3,1006.2
2011070106,25.6,0,1,357.7,82.8,1005.4
2011070112,29.9,0,2.7,25,62.5,1003.9
2011070118,27.4,0,1.2,74.5,73.2,1003.6
2011070200,24.4,0,1.2,278.5,87.8,1003.5
2011070206,26.9,0,1.1,233,73.7,1003.7
2011070212,30.4,0,2.2,108.2,61.2,1001.8
2011070218,26.5,0,1.5,106.6,74.5,1001.8
2011070300,24.4,0,1,351,86.5,1001.4
2011070306,25.2,0,1.7,119.4,80.2,1000.8
2011070312,25.4,2.5,2.4,164.1,84.5,999
2011070318,24.1,0,2.4,128.7,84.2,996.9
2011070400,22.5,34,0.9,79.7,97,998
2011070406,24.9,5,1,206.3,90.2,999.4
2011070412,30.1,0,2.4,205,60.2,998.3
2011070418,27.3,0,3,315.1,58.3,1000.2
2011070500,23.1,0,0.9,291.2,72.2,1002.1
2011070506,25.7,0,1.8,3.3,64.5,1003.3
2011070512,28.9,0,3.5,104.7,53.3,1002.8
2011070518,24.1,0,1.3,48.7,69.2,1002.9
2011070600,21.9,0,0.5,342.1,80.5,1002.1
2011070606,23.9,0,1,298.9,75,1001.7
2011070612,21.9,0.5,2.7,123.5,76.5,1000.9
2011070618,20.7,0,0.8,0.5,85.3,1001
2011070700,20.8,0,0.8,334,88,1000.6
2011070706,22.4,1.5,0.4,355.7,87,1000.8
2011070712,25.5,1,2.1,168.3,84.2,1000.9
2011070718,26,0,4.7,186.6,78.8,1002.4
2011070800,25.9,0,4.6,190,79.5,1003.3
2011070806,27.6,0,5.1,196.7,74,1004.7
2011070812,28.9,0,5.2,193.4,71.5,1006
2011070818,26.1,0.3,3.6,200,86.2,1007.4
2011070900,25.1,4.1,2.7,198.2,92.2,1007.8
2011070906,24.4,49,2.3,186.6,97.8,1008.7
2011070912,22.9,54.5,2.1,149.9,97.2,1010.8
2011070918,20.6,31.5,1.5,136.7,99,1013
2011071000,21,11,0.7,16,99.2,1012.7
2011071006,23.1,20,1.3,195,97.2,1013.3
2011071012,28.2,0,2.7,169.8,75.8,1011.7
2011071018,25,0,1.2,75.8,85.8,1013.1
2011071100,21.6,0,0.6,356.3,90.7,1013.4
2011071106,24.8,0,0.6,17.1,84.2,1013.7
2011071112,29,0,3.9,130.1,65.2,1012.3
2011071118,25.4,0,2,137.6,84,1013.1
2011071200,23.2,0,0.4,346.9,93.2,1013.2
2011071206,26.8,0,1.4,76.9,76.7,1013
2011071212,28.9,0.1,3.4,170,69.2,1012
2011071218,26.7,0,2.5,193.4,77.2,1012.3
2011071300,23.9,1,0.8,317.9,90.7,1011.7
2011071306,25.1,1,1.8,215,87.7,1011.3
2011071312,25.6,16.5,3,190,90.7,1010.8
2011071318,25.1,0,2.3,175,89.2,1010.8
2011071400,24.1,0,1.2,230.8,94.3,1011.1
2011071406,25.6,0.3,1.8,195,88,1011.6
2011071412,29.8,0,4.3,186.6,65.3,1010.8
2011071418,27,0,2.8,196.7,75.2,1011.2
2011071500,25.4,0,2.5,183.3,83,1011
2011071506,28,0,3.5,193.4,75.5,1011.2
2011071512,29.5,0,4.4,190,69.8,1010.3
2011071518,27.5,0,2.7,215.5,76.2,1010.2
2011071600,24.3,0,0.5,319.9,90.2,1010.1
2011071606,27.7,0,1.7,265.2,74.2,1009.9
2011071612,31.8,0,3.2,202.6,58.7,1007.9
2011071618,27.8,0,1.4,97.7,74.5,1007.3
2011071700,24,0,0.7,355.4,88.7,1007.7
2011071706,27.6,0,1.1,41.8,70.8,1007.7
2011071712,31.2,0,3.2,111.6,57.5,1006.5
2011071718,27,0,2.4,56.6,69.7,1006.5
2011071800,23.9,0,1.6,350,82.7,1006.3
2011071806,26,0,3.1,10.2,75.3,1005.9
2011071812,27.2,0,5.5,29.9,71.8,1003.8
2011071818,24.3,0,5,20,82.8,1001.8
2011071900,24.5,0,5.9,20,86.2,998.7
2011071906,26.6,0,7.8,40.1,76.5,996.2
2011071912,27.9,0,8.8,45.1,66.3,994
2011071918,24,3.5,6.8,16.7,86.5,994.8
2011072000,23.9,0,5.5,353.2,81.5,996
2011072006,25.6,0,5.8,16.7,70.3,999.5
2011072012,28,0,6.9,16.7,54.2,1000.9
2011072018,22.9,0,2.8,11.1,72.8,1003.6
2011072100,20.5,0,1.8,6.6,83.8,1005.1
2011072106,21.3,0,3.1,24.9,75.7,1007.1
2011072112,22.8,0,4.1,50,70.3,1007.3
2011072118,20.5,0,2.8,43.4,77.7,1008.4
2011072200,19.1,0,2,12.4,77.2,1009
2011072206,20.6,0,1.7,40.4,70.5,1009.1
2011072212,23,0,2.8,60,64.2,1008
2011072218,21.3,0,1.8,91,71.2,1008.2
2011072300,19.6,0,0.7,350.2,81.8,1008.2
2011072306,22.8,0,0.8,0,70.8,1008.9
2011072312,26.8,0,2.9,130.1,59.8,1007.7
2011072318,22.8,0,2.3,116.6,79.2,1008.4
2011072400,21.5,0,1.1,40.1,85,1008.9
2011072406,22.9,0,0.8,58.2,79.7,1009.6
2011072412,24.1,0,1.8,80,72.2,1009.5
2011072418,22.1,0,1.9,58.3,76.2,1010.4
2011072500,20.8,0,0.8,13.5,84.5,1010.8
2011072506,23.2,0,1.1,40.9,74.5,1011.9
2011072512,28.1,0,2.8,141.8,57.3,1010.9
2011072518,23.8,0,2.3,108.2,80.2,1011.7
2011072600,22.6,0,1,309.2,88.8,1012.5
2011072606,25,0,0.8,269.7,82.7,1012.5
2011072612,28.8,0,4.5,176.7,72.3,1011.5
2011072618,26.6,0,3.1,183.3,83.3,1011
2011072700,25.7,1,1.6,201.6,92,1010.6
2011072706,24,36.5,1.7,190.3,97.2,1012.1
2011072712,26.3,0,3.5,186.6,85.8,1012.1
2011072718,26.6,0.5,3.3,196.7,85.3,1011.6
2011072800,25.3,0,1.9,207.7,87.2,1011.5
2011072806,26.8,0.3,3.1,201.6,81.5,1011.3
2011072812,30.1,0,4.1,201.6,67,1010.3
2011072818,27.5,0,3.2,196.7,76,1009.7
2011072900,25.5,0,1.4,236.5,83.3,1009.8
2011072906,28,0,2.4,243.2,72,1008.9
2011072912,32.4,0,3.2,226.3,56.2,1006.2
2011072918,27.5,0.2,2.4,338.5,78.3,1006.8
2011073000,24.5,3.3,0.8,329.3,94.3,1006.8
2011073006,26.7,0,1,28.5,80.7,1006.8
2011073012,28.3,0.5,2.8,67.1,70.5,1005.5
2011073018,24,0.5,1.9,45.1,88,1006.5
2011073100,22.7,0.2,1.7,45.1,93.5,1006.5
2011073106,23.6,0,1,47.6,88.3,1006.9
2011073112,27,0,2.1,116.2,73.5,1006.1
2011073118,24.9,0,1.6,98.1,83.3,1006.4
2011080100,24,0,1.1,34,89,1006.7
2011080106,23.9,1,1.3,47.1,93.3,1007.6
2011080112,25.8,2,2.2,116.6,87.3,1007.6
2011080118,25.1,0,2.2,93.4,88.8,1008.4
2011080200,24.6,6,1.5,69.1,94.5,1009
2011080206,25.4,0,1.3,48.1,90.5,1009.9
2011080212,27.8,0,2.9,100,77.3,1009.6
2011080218,26.2,0,1.4,61.9,86.3,1010.5
2011080300,24.2,0,0.5,353,94.7,1010.9
2011080306,26.4,0,1.5,52.3,82.8,1010.5
2011080312,28.2,0,3.5,113.2,74.8,1008.7
2011080318,26.2,0,1.7,119.3,82.5,1008.5
2011080400,23.9,0,0.5,335.9,93.3,1008.4
2011080406,26.5,0,0.8,321.4,81.8,1008.8
2011080412,30.5,0,3.6,130.1,61.8,1008.1
2011080418,27.3,0,1.9,116.8,73.5,1008.5
2011080500,24,0,0.4,341,88.7,1008.7
2011080506,27.4,0,1.5,31.4,73.8,1008.8
2011080512,29.9,0,4.6,63.4,63,1007.8
2011080518,26.9,0,2.8,40,76.8,1008.3
2011080600,25.2,0,0.9,324.1,85.3,1008
2011080606,26.4,0.5,1.9,49.8,88.2,1008.6
2011080612,29.5,0,3.2,116.6,72,1008.6
2011080618,27,0,2.6,70,83,1009.5
2011080700,26.4,0,1.6,73.1,84.8,1009.6
2011080706,27.4,0,3.4,93.9,76.8,1010.1
2011080712,29.2,0,5.1,96.6,69.2,1008.3
2011080718,27.6,0,5.4,111.6,78,1006.9
2011080800,26.6,0.8,5.7,143.3,86.2,1005.6
2011080806,26.4,11.5,5.2,176.7,92.2,1006.5
2011080812,27.6,0.5,3.2,183.3,82.3,1007.1
2011080818,26.7,0,2.8,200.2,80.3,1008
2011080900,25.1,0,0.8,256.1,90.2,1008.9
2011080906,27.5,0.3,2.9,207.4,80,1009.9
2011080912,30.5,0,5.3,200,65.5,1008.8
2011080918,27.9,0,3.7,204.9,76.8,1008.4
2011081000,26.9,0,2.6,204.3,79.7,1009.2
2011081006,28,0,3.2,212.3,76.8,1010
2011081012,30.1,0,3,246.6,68.7,1008.8
2011081018,26.8,0,2,270,80.2,1008.7
2011081100,25.4,0,1.6,273.4,83.7,1008.8
2011081106,28.2,0,1.9,264.1,73.7,1008.7
2011081112,31.6,0,2.6,281.9,60.5,1006.1
2011081118,27.9,0,1.8,260.2,79,1006.2
2011081200,25.9,0,1.8,267.7,84.7,1006
2011081206,28.4,0,2.5,248,73.3,1006.7
2011081212,32.5,0,4.1,215,59.2,1005.1
2011081218,28.2,0,3.7,235.9,73.2,1006.3
2011081300,26.1,0,1.7,229.8,82,1006.9
2011081306,28.3,0,2.9,209.6,72.2,1007.3
2011081312,31,0,6.5,204.9,56.3,1006.3
2011081318,26.2,14.5,3.9,191.2,78.8,1007
2011081400,24.2,1.5,0.5,336.3,93.7,1007.3
2011081406,26.6,0,2.5,177.9,81.7,1007.4
2011081412,30.2,0,4,186.6,67.3,1005.9
2011081418,27.1,0,2.1,206.6,80.5,1006.2
2011081500,24.5,0,0.9,281.4,87.3,1006.2
2011081506,27.3,0,1.6,271.9,74.5,1006.6
2011081512,31.5,0,3.5,223.4,58.2,1005.2
2011081518,27.8,0,2.3,244.6,77.3,1006.2
2011081600,24.9,0,1.1,281.5,89,1005.8
2011081606,27.4,0,1.8,184.5,77.8,1005.5
2011081612,31,0,4.8,209.9,64.8,1003.6
2011081618,27.8,0,2.8,191.5,78.2,1003.2
2011081700,26.3,0,2,165.3,84.3,1003.2
2011081706,28.1,0,2.9,196.4,78.7,1003.3
2011081712,29.8,0,3.3,166,73,1003
2011081718,25.2,0,2.1,80.2,84,1004.5
2011081800,23.9,0,1.4,118.4,91.8,1004.7
2011081806,25.2,0,1,47.9,84.3,1004.8
2011081812,23.7,3.5,2.1,58.3,88.7,1006.2
2011081818,23.3,0,1.5,27.1,91,1008.8
2011081900,21.8,0.5,0.8,337.1,92,1010.2
2011081906,21.5,1,0.9,2,93,1011.7
2011081912,21.9,2.5,0.7,40.9,91,1011.7
2011081918,21,2,1.2,286.9,96.3,1011.9
2011082000,19.9,2,1.1,281.6,96.5,1011.5
2011082006,20.4,1,1.1,289.5,95,1012
2011082012,21.4,1.5,1.8,22.4,85.8,1012
2011082018,18.6,2.5,1.4,321.6,94.7,1011.7
2011082100,19.1,3,0.9,336.2,96.8,1010.4
2011082106,22,0,2.2,359.4,81.2,1010.6
2011082112,24.1,1.5,3.3,35,77,1010
2011082118,22.2,0,2,11.5,79.5,1011.2
2011082200,19.9,0,0.9,305.4,92.7,1010.8
2011082206,22.5,0,2.1,18.5,84.8,1011
2011082212,22.9,1.5,3.2,10.2,84.7,1010.7
2011082218,19,2.5,2.2,314.2,88,1011
2011082300,19.4,0,0.6,243.1,92,1009.7
2011082306,21.2,0.5,2,57.4,88.3,1009.7
2011082312,21.2,5.5,1.4,2.1,91.8,1009.7
2011082318,21.4,0,1.9,356.9,86.8,1010.3
2011082400,21.8,0,2.1,357.1,87.3,1010.2
2011082406,22.5,0.5,3,12.4,83.8,1011.4
2011082412,23.9,0,2.8,23.2,76.7,1011.7
2011082418,22,0,1.8,345.9,82.3,1013.3
2011082500,20.7,0.2,1.2,331,86.3,1013.6
2011082506,21.5,0.3,1.2,328.2,89.5,1014.8
2011082512,24.3,0,3.3,50,73.8,1014.3
2011082518,22.7,0,1.5,18.2,84.5,1015.4
2011082600,21.5,0,0.7,319.9,90.2,1015.4
2011082606,23.4,0,1.5,358,84.2,1016.5
2011082612,24.4,0,2.6,10.2,82.2,1016
2011082618,23.6,0,2.6,20,87.8,1016.5
2011082700,23,0.3,2.1,11.5,90.3,1015.7
2011082706,23.8,0.1,1.8,29.6,86.3,1016.3
2011082712,26.1,0,4.6,60,71,1015.2
2011082718,23.6,0,2,20.2,82.5,1015.7
2011082800,22.1,0,1.3,329.3,89,1015
2011082806,23.8,0,1.2,25,84,1014.9
2011082812,26.1,0,2.7,37.1,74.3,1013.6
2011082818,23.6,0,1.6,38.8,85.3,1013.7
2011082900,21.8,0,0.2,350,91.2,1013.7
2011082906,25.1,0,1.1,40.4,78.2,1013.5
2011082912,28,0,2.6,45.1,69,1011.9
2011082918,24.5,0,1.8,45.1,80.3,1011.8
2011083000,22.5,0,0.2,3.3,86.3,1011.4
2011083006,25,0,0.6,37.6,75,1010.6
2011083012,28.4,0,2.5,65,65.3,1008.4
2011083018,23.8,0,1.7,43.5,81.5,1008.9
2011083100,21,0,0.5,330.5,89.5,1008.4
2011083106,24.6,0,1,30.9,72.7,1007.8
2011083112,28.9,0,2.3,43.8,58.2,1005.3
2011083118,24.3,0,1.2,10.2,81.7,1005.5
2011090100,21.2,0,0.4,356.4,90.8,1005.3
2011090106,25.4,0,0.8,18.4,73.2,1004.7
2011090112,29.7,0,3.7,66.6,57.2,1003
2011090118,24.8,0,2.7,357.7,69.8,1004.1
2011090200,23.4,0,2.1,324.5,84,1003.1
2011090206,24.8,0,4.2,6.8,80.3,1003
2011090212,23.9,1.5,4.4,6.6,87.2,1001.7
2011090218,24.2,0,5.9,3.3,78.2,1000.8
2011090300,23.4,0,7,6.6,78,1000.3
2011090306,24.3,0,7.1,16.7,76.7,1002
2011090312,24.5,0,6.7,10,75.2,1003.6
2011090318,23.3,0,5.6,0,78.2,1004.6
2011090400,22.1,0,4.9,353.4,84.5,1004
2011090406,23.3,0,5.1,356.6,80,1005
2011090412,24.6,0,5.8,10,72.2,1005.1
2011090418,22.1,0,2.2,349.8,79.3,1005.6
2011090500,19.8,0,0.8,339.1,86.2,1005.1
2011090506,21.8,0,1.8,328.5,78.2,1006.2
2011090512,25,0,3.5,54.8,64.2,1004.9
2011090518,21.6,0,2.2,40.1,76.8,1006.4
2011090600,19.3,0,1,1.9,85.5,1006.5
2011090606,22.1,0,1,254.6,75.5,1006.4
2011090612,26.7,0,3.6,149.9,57.7,1003.7
2011090618,23.5,0,1.9,252.4,72,1004.4
2011090700,19.2,0,1.5,256.6,81.5,1005.5
2011090706,21.9,0,1.8,258,62.8,1006.5
2011090712,29.2,0,2.2,189.8,39.8,1005.3
2011090718,23.7,0,1.9,31.3,70.5,1007.8
2011090800,21.3,0,1.1,245.6,77,1008.6
2011090806,24.2,0,2,265.7,64.3,1010.3
2011090812,29.1,0,3.5,187.9,52,1009.7
2011090818,25.5,0,2.5,198.2,68.7,1012.1
2011090900,22.9,0,0.8,282.3,79.8,1013.6
2011090906,24.7,0,1.2,270.4,71.2,1015.1
2011090912,26.4,0,2.4,60,62.7,1015.3
2011090918,23.5,0,1.5,6,65.2,1018.1
2011091000,21.7,0,1.9,353.9,75.8,1018.7
2011091006,19,66.5,2.7,317.8,93,1020.8
2011091012,19.5,18.5,2.7,21.5,92.3,1020.6
2011091018,20.1,0,1.9,353.2,91.5,1019.8
2011091100,20.4,1,1.4,333.2,94.2,1017.9
2011091106,21.2,0,1.2,255.5,95,1017.7
2011091112,23.4,0.5,0.9,309.2,86.2,1016.8
2011091118,23,0,0.7,342.4,92.2,1017
2011091200,22.3,0,0.2,0,97,1016.8
2011091206,24.7,0,0.8,34.2,88.5,1016.5
2011091212,25.4,0.1,3.4,76.6,84.2,1014.8
2011091218,23,0,1.3,53.1,92.2,1015.8
2011091300,22.8,0,0.8,18.2,93.7,1015
2011091306,25.1,0,0.5,283.8,81,1015.2
2011091312,28.3,0,3.7,104.7,70.5,1013.2
2011091318,24.9,0,1.7,66.3,84.3,1013.7
2011091400,22.4,0,0.3,350,94,1013.3
2011091406,25.5,0,0.8,52.5,77.3,1013.5
2011091412,30.1,0,3.5,106.7,59.5,1012
2011091418,25.5,0,0.9,31.8,76.7,1013
2011091500,21.5,0,0.7,301.9,92,1013
2011091506,25.1,0,1,198.2,77.2,1012.8
2011091512,29.9,0,3.5,119.9,58.5,1011.1
2011091518,25.4,0,1.5,242.4,80,1011.4
2011091600,22.2,0,0.5,318.7,91.7,1010
2011091606,26.1,0,1.3,120.9,74.7,1008.8
2011091612,30.3,0,3.4,122.9,59.2,1007
2011091618,26.3,0,1.3,29.9,75,1006.9
2011091700,24.4,0,1.5,0.6,83.7,1006.4
2011091706,24.9,0,2.8,13.4,82,1007.4
2011091712,25.7,0,3.5,35,76.8,1007.5
2011091718,24.3,0.2,3.1,53.3,87.5,1008.3
2011091800,22.8,0,2.3,3.3,90.8,1008.2
2011091806,23.4,0,2.9,6.1,80.5,1009.6
2011091812,21.6,2.5,5.3,40.1,76.5,1011.3
2011091818,20.1,0,5.1,20,79.5,1014
2011091900,19.4,0,5,24.9,72.3,1015.4
2011091906,18.6,0,5.4,20,65.3,1017.1
2011091912,19.2,0,5.2,20,64.7,1015.3
2011091918,19,0,4.8,20,70,1014.9
2011092000,16.4,0.2,4,10,87,1013.5
2011092006,16.7,0,4,3.4,83.5,1013.2
2011092012,17.6,0,6,16.7,76.3,1010.6
2011092018,18,0,5.7,20,66.2,1009.6
2011092100,17.5,0,4.8,13.4,73.7,1007.3
2011092106,19.3,0,6.8,20,59.8,1006.9
2011092112,21,0,6.9,20,51.7,1006.7
2011092118,17.5,0,2.5,357.1,59.2,1008.8
2011092200,14,0,2,311.3,67.2,1009.7
2011092206,16.8,0,1.9,16.2,56,1011.8
2011092212,22,0,3.2,49.9,40,1011
2011092218,17,0,1.1,0,62.7,1012.7
2011092300,13.1,0,0.2,0,81.3,1013.7
2011092306,17.8,0,1.5,271.4,63.2,1015.1
2011092312,22.5,0,3.8,70,51.8,1014.4
2011092318,18.7,0,1.4,14.9,70.7,1017.2
2011092400,15.4,0,0.3,335.9,84.7,1018.5
2011092406,19,0,0.7,29.5,70.8,1020
2011092412,23.1,0,3.5,125,54.8,1019.3
2011092418,19.4,0,1.3,240.3,70.8,1020.6
2011092500,15.5,0,0.2,350,88.5,1021.6
2011092506,18.9,0,0.7,160.9,72.5,1022.8
2011092512,23.6,0,2.9,128.2,53.2,1021
2011092518,18.8,0,1.1,25,75.5,1021.8
2011092600,14.8,0,0.4,335.2,90.7,1021.5
2011092606,18.6,0,1.5,308.5,72.7,1021.5
2011092612,23.1,0,4.4,63.4,48.2,1019.3
2011092618,18,0,1.5,359.9,67,1019.4
2011092700,13.9,0,0.4,313.3,85.5,1019.2
2011092706,18.9,0,2.2,0.6,72.3,1019.6
2011092712,23.2,0,4.9,60,61.3,1018.3
2011092718,19.7,0,2.4,7.5,75.5,1019.5
2011092800,17,0,1.4,248.6,84.3,1019.1
2011092806,19.6,0,1.5,339.5,76.7,1019.8
2011092812,22.4,0,2.3,55.3,61.7,1017.8
2011092818,19.8,0,1.5,329.3,78.8,1017.2
2011092900,17.2,0,0.8,311.3,90.5,1015.8
2011092906,18,3.5,0.7,299,91.2,1014.3
2011092912,19.7,2,0.8,25,93.3,1010.4
2011092918,20.5,0,0.8,39.8,95,1009.8
2011093000,19.1,0,1.9,19.7,91.7,1010.5
2011093006,19,0,3.2,334,70.2,1013.5
2011093012,21.5,0,3.5,283.4,38.3,1013.7
2011093018,17,0,2.1,335.6,45.5,1016.8
2011100100,12.4,0,1,333.4,65.5,1018.8
2011100106,15.1,0,2.3,303.1,62.2,1020
2011100112,20.7,0,2.2,35,56.7,1018.5
2011100118,16.3,0,1.7,5,52.3,1020.3
2011100200,13.1,0,3,343.1,48.8,1021.1
2011100206,14.1,0,1.9,31.6,49.8,1023.1
2011100212,18.8,0,3.1,350,32.3,1021.1
2011100218,14.9,0,2.1,325,45.3,1022.7
2011100300,10.8,0,1.2,301.6,63.5,1023.6
2011100306,13.6,0,1.4,290.4,56.8,1024.4
2011100312,19.1,0,3.8,66.7,43.3,1023.3
2011100318,14.1,0,1.5,291.4,64.7,1024
2011100400,10.5,0,0.8,314.4,80.2,1023.9
2011100406,15.1,0,0.6,0,65,1024.2
2011100412,20.6,0,2.8,93.4,45.7,1021
2011100418,15.8,0,1.6,277.9,66.2,1020.3
2011100500,13.8,0,0.3,341.1,77.7,1018.6
2011100506,15.9,0,1.3,282.4,71,1017.2
2011100512,20.9,0,1.7,119.5,51.3,1013.5
2011100518,16.6,0,1.1,288.4,77,1012.6
2011100600,12.3,0,1,254.1,78.2,1012.6
2011100606,15.6,0,1.6,284.7,60,1013.7
2011100612,22.2,0,2.8,243.2,45,1011.8
2011100618,18.7,0,2.8,313.6,47.3,1014.3
2011100700,13,0,0.9,350.2,58.2,1017.8
2011100706,15.7,0,1.1,270.6,57.7,1019.9
2011100712,21.4,0,2.7,143.7,45.3,1018.6
2011100718,16.5,0,1.3,254.3,71,1019.6
2011100800,11.9,0,0.7,304.7,85,1021
2011100806,15.4,0,0.9,323.2,67.7,1022.5
2011100812,22.3,0,2.6,120.3,45.5,1021.7
2011100818,16.9,0,1.2,315,70.5,1023.2
2011100900,13.2,0,0.2,348.7,87.5,1023.6
2011100906,16.4,0,0.4,350.6,75.8,1024.1
2011100912,22.3,0,2.5,119.3,53.7,1021
2011100918,17.7,0,1.2,238.4,76,1021.6
2011101000,13.8,0,1.1,282.6,89,1021.5
2011101006,17.1,0,1.2,242.8,73.3,1022.1
2011101012,25.1,0,2.4,145,44.7,1019
2011101018,19.4,0,1.7,305.4,67.3,1019.3
2011101100,15.2,0,1.1,266.3,75.2,1019.3
2011101106,17.9,0,1,306.7,66.8,1019.7
2011101112,22.9,0,2.3,62.2,58.5,1017.2
2011101118,17.8,0,1.1,6,83,1018.1
2011101200,14.2,0,0.6,311.9,92.5,1018.8
2011101206,16,0,1.2,228.4,71.8,1019.1
2011101212,22.5,0,2.6,122.9,55.5,1015.8
2011101218,19.5,0,1.2,263,79.2,1015.5
2011101300,17.5,0,0.7,292.3,81.5,1015.3
2011101306,19.7,0,0.8,0.4,64.2,1015.5
2011101312,24.5,0,3.2,137.6,42.8,1013.7
2011101318,19.2,0,0.9,235,57.8,1015.3
2011101400,15.6,0,0.7,271.4,72.3,1014.4
2011101406,15.9,3.5,0.5,345.6,89.5,1013.1
2011101412,16.5,10.5,1,11.7,93.5,1010.2
2011101418,15.6,1.5,0.9,330.8,95.3,1010
2011101500,14.6,0,0.3,312.1,97,1011
2011101506,16.7,0,1.7,275.1,86.8,1011
2011101512,21.9,0,3.4,209.6,54,1007.8
2011101518,18.6,0,3.6,201.6,67.7,1007.1
2011101600,15.4,0,3.8,273.8,52.8,1009.3
2011101606,15.9,0,2.3,216.7,53.5,1010.9
2011101612,20.8,0,4.2,226.8,41.8,1009.7
2011101618,17.2,0,2.5,239.8,55.7,1011.9
2011101700,13.4,0,1.4,323.1,69.7,1014.1
2011101706,15,0,1.9,306.4,54.8,1017.2
2011101712,20.2,0,3.1,308,35.5,1016.8
2011101718,14.8,0,1.7,337.2,52,1019
2011101800,10.1,0,2.3,344.6,47.5,1021.3
2011101806,12,0,1.8,345.1,49,1024.1
2011101812,16.8,0,4.5,62.3,51,1024.3
2011101818,12.4,0,1.8,310.8,68.3,1025.7
2011101900,9.3,0,0.9,312.4,81.3,1025.7
2011101906,13.9,0,1.4,0,70.3,1026.1
2011101912,19.1,0,4.7,60,54.8,1024.9
2011101918,17.3,0,2.7,29.6,61.5,1025.6
2011102000,16.3,0,2.8,7.9,64.3,1024.7
2011102006,17.7,0,2.8,13.9,65.3,1024.9
2011102012,19.6,0,4.2,35,62.5,1023.1
2011102018,16.9,0,1.8,337.2,75,1023.2
2011102100,16,0,1.2,296.8,79.7,1021.6
2011102106,16,11,1.4,328.2,86.8,1020.9
2011102112,17.5,4,2,325,94,1017.5
2011102118,17.6,8,4.2,31.8,92.5,1014.8
2011102200,16,12,5.2,6.6,92.2,1010.8
2011102206,15.1,4,6.1,346.6,88.3,1009.7
2011102212,15.3,3,4.5,336.7,86.7,1010.6
2011102218,14.2,2,1.3,357.6,92.5,1014.5
2011102300,12.5,0,1.1,308.4,95.8,1016.4
2011102306,14.2,0,1.3,305,86.7,1018.5
2011102312,19.6,0,1.1,59.7,58,1017.1
2011102318,15.8,0,0.6,301.5,83,1018
2011102400,14.5,0.1,0.5,299.2,91.5,1016.7
2011102406,15.2,0.3,1,325,86,1015.7
2011102412,16.9,1.1,1.5,240,74.2,1014.3
2011102418,13.3,0.5,1,281.6,91,1014.8
2011102500,11.6,0,3.3,321.5,67.8,1016.2
2011102506,9.9,0,4.5,315.1,47.8,1020.7
2011102512,14.1,0,3.2,339.1,33.8,1020.9
2011102518,9.1,0,2.1,344.4,49.7,1023.6
2011102600,5.2,0,0.9,278.7,63.3,1024.8
2011102606,8.5,0,1.1,240.7,57,1025.8
2011102612,16.5,0,1.9,72.4,47.2,1023.8
2011102618,11.2,0,0.7,343.6,73.3,1025.6
2011102700,7.7,0,0.3,341,87.5,1026.3
2011102706,11.6,0,0.6,352.6,75,1026.8
2011102712,18.1,0,2.5,73.3,56.2,1025.3
2011102718,13.6,0,1,332.9,79.3,1025.9
2011102800,10.7,0,0.5,342.8,89.2,1025.1
2011102806,14.1,0,0.6,303.1,76,1025
2011102812,19.8,0,1.5,71,57.8,1022.7
2011102818,15,0,0.7,307.5,82.7,1023
2011102900,13.7,0,0.4,342.1,86.2,1021.9
2011102906,15.4,0,0.8,305,79.5,1021.3
2011102912,17.8,0.1,2.3,349.8,77.8,1019.2
2011102918,15.2,2.4,1.9,303.5,88.2,1019.5
2011103000,14.3,1.5,1.8,305,94.7,1018.4
2011103006,14.1,4.5,2,315.7,96,1019.1
2011103012,15.5,1,2.3,328.8,88,1019.4
2011103018,14,0,1.7,320,88.2,1022
2011103100,10.5,0,0.6,338.1,95,1023.7
2011103106,13.2,0,0.9,0,80.2,1025.6
2011103112,19,0,4.2,50,51.8,1025.5
2011103118,15.6,0,1.6,30.2,70.5,1026.6
2011110100,12.4,0,0.8,280.5,87.8,1026.4
2011110106,15.3,0,1,274.1,80.8,1026.3
2011110112,20.6,0,3.5,80.2,64.3,1024.7
2011110118,15.7,0,0.6,5,84.7,1025.1
2011110200,14.2,0,0.3,10,91.5,1024.7
2011110206,15.5,0,0.5,341.1,86.3,1025
2011110212,20,0,0.9,59.2,73.8,1023.6
2011110218,17.1,0,0.5,333.4,89.3,1024
2011110300,14.8,0,0.5,304.1,95.5,1024.7
2011110306,16.9,0,0.4,10,88,1026
2011110312,20.7,0,3,63.2,73.2,1025.3
2011110318,18.3,0,1.8,343,82.8,1027.3
2011110400,15.9,0,0.7,333.3,90.8,1026.8
2011110406,17.6,0,1.1,358.9,85.2,1027.2
2011110412,21.6,0,2.1,83.2,69.3,1024.6
2011110418,18.4,0,0.9,354.9,84.7,1023.7
2011110500,17.3,8,1,281.4,94.3,1020.8
2011110506,17.8,34.5,0.3,3.3,99.5,1019
2011110512,20.3,1,2.7,10,88.3,1016.9
2011110518,18.7,0,2.1,356.9,85,1019.1
2011110600,18,0,2.6,346.9,87.3,1018.8
2011110606,16.8,2,1.9,339.1,92.8,1019.2
2011110612,16.8,1.5,2.3,353.4,90.8,1018.7
2011110618,15.6,0.5,2.3,332.5,87.8,1020.2
2011110700,14.5,0,1.2,302,88.8,1020.8
2011110706,15.7,0,1.6,281.7,86.2,1020.7
2011110712,18.1,0,2.3,45.3,75.5,1018.7
2011110718,15.9,0,0.9,340,85.7,1019.3
2011110800,14.2,0,0.7,306.7,92.8,1019
2011110806,14.7,0.5,2.5,21.6,89.5,1019.9
2011110812,14.7,0.5,1.8,21.6,79,1020.2
2011110818,14.2,0,1.1,341.5,79.7,1020.9
2011110900,12.7,0.5,1.3,339,91.2,1021.2
2011110906,13.5,0.5,1.4,345.7,86.2,1021.7
2011110912,15,0,2,68,76.7,1020.4
2011110918,13.7,0,2.6,6.9,76.7,1021
2011111000,13.4,0,1.5,3.9,78.7,1019.9
2011111006,13.8,0.5,2.4,38.2,73.7,1020.3
2011111012,15.5,0,4.2,53.3,60,1018.3
2011111018,14,0,2.7,6.6,68.3,1018.1
2011111100,12.9,0,1.3,319.5,76.8,1015.9
2011111106,13.6,0.2,1,293,80.7,1015.4
2011111112,17.7,0,2.2,62.1,63.8,1014.1
2011111118,14.5,0,0.9,353.4,78.7,1015.4
2011111200,11.4,0,0.9,290.4,90.8,1016.3
2011111206,13.1,0,1.4,341.3,80.8,1017.2
2011111212,17.5,0,2.2,24.9,60.8,1015.8
2011111218,13.1,0,1.4,303.9,67.8,1017.2
2011111300,11.1,0,2.3,350,66.8,1017.6
2011111306,12.6,0,1.5,279.5,64.5,1018.6
2011111312,18.4,0,1.7,317.7,46.5,1016.9
2011111318,13.7,0,2,309.5,58.2,1018.6
2011111400,11.2,0,2.8,343.4,37.2,1019.5
2011111406,9.7,0,3.1,8.7,49.7,1021.7
2011111412,14.7,0,3.2,318.4,30.5,1021.2
2011111418,10.3,0,2.5,343.4,35.8,1024.3
2011111500,8,0,2.6,324.9,38.2,1026.2
2011111506,9.4,0,3.5,317.6,32,1029.5
2011111512,13.5,0,3,13.5,26.2,1028.9
2011111518,7.7,0,0.9,316.8,54.2,1030.2
2011111600,3.7,0,0.2,350,69.8,1031.1
2011111606,6.5,0,0.9,230.1,60.7,1031.1
2011111612,16,0,1.6,158.2,33.5,1028.4
2011111618,10.5,0,0.6,27.8,64.8,1030.3
2011111700,7.2,0,0.6,322.4,74.7,1030
2011111706,9.9,0,0.5,265.5,69.5,1029.8
2011111712,14.9,0,0.7,295,67.5,1026.8
2011111718,13.4,0,1,290,84,1025
2011111800,12,1.5,1,277.9,96.8,1021.5
2011111806,12.6,3,0.4,354.4,98.7,1018.4
2011111812,14.9,1,0.2,3.3,99.2,1013.2
2011111818,17.5,1,1.3,185.1,98.5,1010.8
2011111900,17.6,20,1.5,232.3,99.3,1006.6
2011111906,18.5,2,1.1,350,95.7,1004.1
2011111912,20.3,0,4.6,328.5,68.7,1003.9
2011111918,13.8,0,3.8,310.1,54.5,1009
2011112000,8.8,0,4.4,310.1,51.3,1013.7
2011112006,5.7,0,5.7,305,39.7,1021
2011112012,7.1,0,5.4,310.1,23.3,1023.2
2011112018,4.1,0,2.4,323.3,40.7,1027.2
2011112100,2.1,0,2.2,318.6,47.7,1029.1
2011112106,2.7,0,3.5,347.1,43,1031
2011112112,8.2,0,3.5,305,26.5,1029.3
2011112118,4.9,0,2.4,1.4,30.5,1029.5
2011112200,1.8,0,0.8,333.4,45,1029.8
2011112206,4.5,0,0.9,252.1,45.7,1028.8
2011112212,10.6,0,2.4,35,47.2,1025.8
2011112218,7.9,0,1.2,341.3,60.2,1024.5
2011112300,5.7,0,0.4,311.7,73,1019.6
2011112306,8.3,3.5,1,86.3,86.2,1015.2
2011112312,12.6,0,5.3,259.8,48,1014.1
2011112318,6.3,0,3.4,270.9,49.5,1018.8
2011112400,2.5,0,1.4,327.6,50,1022.9
2011112406,2.9,0,2,331.2,45.2,1026.3
2011112412,7.1,0,3.3,313.4,25.3,1025.4
2011112418,3.8,0,3.8,308.2,33.5,1027.3
2011112500,2.5,0,3,319.1,39.5,1028.3
2011112506,4.2,0,4.2,333.4,48.7,1029.8
2011112512,9.5,0,3.5,313.3,41.5,1028.3
2011112518,4.9,0,0.8,327.6,60.7,1029.5
2011112600,1.5,0,0.6,315,75.5,1029.9
2011112606,4.1,0,0.8,284,68.8,1029.8
2011112612,13.6,0,1.5,130.8,42,1026.3
2011112618,8.4,0,0.8,306.4,64.7,1026
2011112700,5.4,0,0.3,358,79.2,1024.4
2011112706,8.1,0,0.5,319.6,71.7,1024.2
2011112712,19.2,0,1.4,145,48.8,1021.3
2011112718,12.8,0,0.6,312.1,80.8,1022.8
2011112800,9.5,0,0.4,345.3,93.7,1022.4
2011112806,12.2,0,0.2,355.2,86.8,1022.7
2011112812,17.5,0.2,0.5,332.3,80.8,1020.5
2011112818,14.8,0,0.4,319.9,96.8,1021.4
2011112900,12.5,0,0.4,350,98.5,1021.6
2011112906,12.9,0,0.6,0,92.5,1022.5
2011112912,18,0,1.8,80.2,71.8,1020.9
2011112918,13.8,0,2.9,4.4,82,1023.1
2011113000,12.9,0,2.5,346.6,84.2,1022
2011113006,12.6,0,3.7,21.6,84,1021
2011113012,9.6,4,4.6,20,89.3,1020.6
2011113018,7.6,6,4.3,21.6,90.7,1024
2011120100,6.2,2.5,3.8,18.2,89,1024.4
2011120106,6.1,1.5,4.2,3.3,85,1025.4
2011120112,6.7,0,4.4,6.6,76.7,1024.2
2011120118,5.6,0.5,4,356.6,81.3,1024.4
2011120200,5.3,0.8,3.1,346.6,87.2,1022.7
2011120206,6.7,2.7,3.2,353.6,89,1021.7
2011120212,9.6,1,3.5,21.6,82.2,1018.2
2011120218,9,1.5,3.1,346.6,92.7,1016
2011120300,9.1,8,2.8,328.8,94,1012.2
2011120306,8.4,1.5,2.2,321.4,92.8,1012
2011120312,9.5,0.5,4.6,336.6,75,1013.4
2011120318,7.3,0,2.9,350,72.5,1019
2011120400,5.7,0,3,316.1,69.3,1021.1
2011120406,6.8,0,1.9,324.2,61.7,1023.1
2011120412,11.2,0,2.5,1.9,44.5,1022.3
2011120418,7.2,0,3.5,13.4,60.3,1024.6
2011120500,4,0,3.3,350.7,55.8,1026.5
2011120506,3.7,0,1.8,343.1,47.7,1029.4
2011120512,10.4,0,2.3,20.2,45.8,1028.6
2011120518,6.4,0,1.8,301.5,69.3,1029.3
2011120600,5.6,0,0.5,339.5,75,1029
2011120606,6.9,0,0.2,352.4,75,1027.5
2011120612,9.1,0,2.5,14.7,69.2,1026.2
2011120618,6.2,0,2.1,15,61.7,1027.6
2011120700,5.2,0,1.6,32.3,55,1027.6
2011120706,6.6,0,1,0.3,50.3,1027.1
2011120712,10.8,0,2.5,38.2,45,1022.8
2011120718,8.4,0,2.2,350.2,52.2,1021.8
2011120800,6.8,0,2,15,54.7,1020.4
2011120806,7.1,0,2.1,1.3,51.7,1019.8
2011120812,9.9,0,4,330,41.3,1017.2
2011120818,3.3,0,5.4,310.1,50,1019.8
2011120900,0.7,0,4.7,323.3,54.5,1021.8
2011120906,1.2,0,3.6,326.6,52.3,1024.7
2011120912,4.7,0,3.9,321.8,40.5,1023.2
2011120918,0.7,0,2.6,356.6,50.8,1024.6
2011121000,-1.1,0,3.9,321.8,52,1024.8
2011121006,0.4,0,3.2,310.1,37.3,1024.9
2011121012,4.8,0,4,274.5,41.2,1022.7
2011121018,1.5,0,1.9,314.3,56.2,1024.4
2011121100,1.7,0,2,307.8,61.5,1024.1
2011121106,3.8,0,4,336.6,56.3,1025.5
2011121112,8.7,0,3.6,305,45.2,1024.2
2011121118,5.2,0,3.4,330,59,1025.3
2011121200,2.5,0,1,304.2,70.3,1025.1
2011121206,3.7,0,1.1,257,73,1025.1
2011121212,9.8,0,4,296.6,50.2,1024.3
2011121218,6.6,0,1.8,310.1,61.3,1026.1
2011121300,2.8,0,1.4,318.4,58.8,1027.2
2011121306,3.3,0,1.2,285.6,56,1028.1
2011121312,10.9,0,1.2,37.1,52.7,1025.2
2011121318,6.6,0,0.6,312.8,75.7,1024.8
2011121400,2.8,0,0.2,350,87.3,1023.3
2011121406,4.7,0,0.9,329.5,67.3,1023.3
2011121412,12.1,0,2.2,313.4,35.7,1020.9
2011121418,6.6,0,0.9,257.6,61.2,1021.3
2011121500,3.9,0,1,334.3,73.5,1021.1
2011121506,3.5,0,2.7,338.1,45.5,1024.2
2011121512,3.7,0,4.6,310.1,28,1023
2011121518,0.2,0,3.5,305,27.5,1024.9
2011121600,-2.8,0,2.3,358,40.8,1026.1
2011121606,-2.7,0,3.9,299.9,39,1027.8
2011121612,0,0,6,290,25.8,1026.2
2011121618,-1.7,0,3.5,299.9,39.5,1028
2011121700,-5.1,0,3.1,0.4,53,1029.2
2011121706,-4.4,0,2.2,314.7,51.5,1030.7
2011121712,2.5,0,3.6,305,25.3,1028.2
2011121718,-0.5,0,2,343.1,30.7,1028.9
2011121800,-0.2,0,3.9,302.9,53.2,1028.6
2011121806,1.6,0,2.2,349.3,57.5,1028.7
2011121812,5,0,4.7,293.2,43.5,1026.3
2011121818,2.7,0,3.3,283.4,36.8,1026.8
2011121900,0,0,1.7,4.7,31.8,1027.2
2011121906,0.6,0,5.2,330,27.2,1028.5
2011121912,5.5,0,4.5,305,30,1026.8
2011121918,2.6,0,2.2,340.1,52.7,1028.5
2011122000,0.2,0,3.6,334.9,52.2,1028.1
2011122006,1.3,0,3.8,332.5,37.2,1029
2011122012,6.6,0,2.2,5.8,23.3,1026.1
2011122018,3.2,0,0.5,350.7,33.3,1026.5
2011122100,2.1,0,1.2,6.5,43.8,1026
2011122106,2.7,0,1.1,240.5,53.8,1025.4
2011122112,8.9,0,2,197.7,44,1021.7
2011122118,4.3,0,1.4,275,60.7,1021.5
2011122200,1.5,0,1.2,273.8,67.8,1019.8
2011122206,2.5,0,4,315.1,48.7,1020.5
2011122212,2.3,0,5.6,296.6,23,1020.8
2011122218,-1.9,0,3.4,313.3,27.5,1023.3
2011122300,-5.3,0,3.2,356.6,34.2,1024.4
2011122306,-4.3,0,3.2,1.9,29.7,1024.1
2011122312,1.5,0,4,305,18.8,1022.2
2011122318,-1.4,0,2.3,326.4,29,1022.4
2011122400,-3.1,0,1.6,293.3,40.7,1021.1
2011122406,-2.1,0,1.3,347.1,53.5,1020.2
2011122412,2.2,0,6.3,305,27.7,1019.4
2011122418,-1.5,0,4.9,294.9,32.8,1022.4
2011122500,-3.3,0,4.8,294.9,45.8,1024.4
2011122506,-3,0,3.4,313.4,34.5,1026.3
2011122512,0.8,0,4.3,310.4,24.7,1026.5
2011122518,-1.1,0,1.9,281.2,33.2,1028.4
2011122600,-3.7,0,3.2,294.9,36.5,1030
2011122606,-3.5,0,3.5,299.6,28.3,1032
2011122612,1.2,0,3.5,320,18.8,1030.6
2011122618,-1.8,0,2.5,327.2,25.8,1032.4
2011122700,-5.1,0,0.8,11.2,35.5,1033.7
2011122706,-3.7,0,1.6,329.6,34.7,1034.5
2011122712,4.4,0,2.1,13.4,19.8,1031.8
2011122718,0.3,0,1.2,274.5,33.3,1031.9
2011122800,-1.9,0,0.6,319.9,43,1031.7
2011122806,-0.4,0,0.7,225,45.8,1031.2
2011122812,7.1,0,2.7,345.7,33,1027.5
2011122818,3,0,1.6,301.6,48,1027.3
2011122900,2,0,1.8,336.6,62.5,1026.1
2011122906,3.3,0,2.3,326.2,64.8,1026.1
2011122912,7.5,0,4,316.7,39.3,1024.7
2011122918,3.6,0,1.7,349.8,39.8,1026.7
2011123000,1.1,0,0.9,352.2,47.7,1028.2
2011123006,2.3,0,1.2,278.6,59.3,1029.5
2011123012,5.6,0,2.7,70,66.5,1028.1
2011123018,2.5,0,0.8,315,83.5,1029.1
2011123100,-0.7,0,0.8,319.8,81,1027.9
2011123106,0.6,0,0.3,350.6,61.2,1027.5
2011123112,7.3,0,2.3,43.8,27.3,1023.5
2011123118,2.6,0,3.5,354.1,42.5,1023.8
2012010100,2.4,0,3.9,320,56,1022.7
2012010106,2.6,0,1,328.6,57.7,1023.2
2012010112,6.6,0,2.4,289.6,47.8,1019.1
2012010118,-0.2,0.2,4.6,323.3,60,1021
2012010200,-3.2,0,3.6,353.2,56.8,1023.1
2012010206,-2.4,0,1.4,7.5,58.8,1025.7
2012010212,5,0,2.7,40.9,39.2,1022.9
2012010218,0.8,0,2.2,348.7,48,1022.8
2012010300,-1.5,0,2.9,350.2,57.2,1021.5
2012010306,-1,0,3.2,18.1,51.3,1021
2012010312,3.1,0,2.9,302.3,38.3,1018.5
2012010318,0.4,0,1,330.6,59.5,1018.3
2012010400,-1.6,0,3.1,310.1,56,1018.7
2012010406,-3.2,0,4.8,299.9,49.8,1021.4
2012010412,0.1,0,4.3,292.8,36.8,1021.5
2012010418,-2.5,0,2.6,350.2,43,1024.2
2012010500,-4,0,3.6,352.6,50.7,1025.5
2012010506,-3.2,0,4.5,325,45.2,1027.6
2012010512,3.1,0,2.9,328.8,26.7,1025.7
2012010518,-0.3,0,3.7,340,33.7,1026.5
2012010600,-3.5,0,2.2,6.8,44.3,1027.5
2012010606,-0.5,0,2,344.9,46,1028.8
2012010612,4.7,0,3.4,320.3,37.8,1027.6
2012010618,0.8,0,1.5,350,47.7,1030.4
2012010700,-2.4,0,0.5,322,54.7,1032.3
2012010706,-1.3,0,0.6,306.6,52.7,1034.2
2012010712,6.8,0,1.5,50.5,39,1032.2
2012010718,1.9,0,1.4,313.1,51.3,1033.1
2012010800,-1.8,0,0.3,342.8,60.5,1032
2012010806,0.1,0,0.4,331.6,53.3,1031.6
2012010812,9.2,0,2,177.1,33.7,1026.8
2012010818,4,0,2.4,10,28.5,1027.3
2012010900,0.8,0,4.8,330,52.2,1028
2012010906,1.8,0,5,315.1,50.2,1029.2
2012010912,5.7,0,2.8,357.2,39.5,1027.3
2012010918,2.7,0,1.7,305,51.5,1027.8
2012011000,1.1,0,2.8,353.2,58.2,1026.6
2012011006,1.9,0,1.4,5,54.8,1026.3
2012011012,6.7,0,3.3,322.7,28.8,1023.6
2012011018,3,0,4.1,294.9,32.3,1024.9
2012011100,1.1,0,6,299.6,40.3,1025.2
2012011106,-0.2,0,4.8,315.1,41.7,1027.3
2012011112,1.8,0,3.9,310.1,25.5,1027.2
2012011118,-1.7,0,1.8,353.7,29.8,1029.7
2012011200,-4.8,0,0.6,350,39.5,1029.7
2012011206,-4,0,2.4,350.4,35,1029.4
2012011212,3.2,0,2.3,331.5,28,1025.1
2012011218,-0.2,0,1.4,321.5,42.8,1024.5
2012011300,-0.8,0,3.2,328.8,52.3,1024.2
2012011306,-0.1,0,0.8,271.4,55.7,1024.7
2012011312,5.2,0,3.1,270.9,44.2,1022.5
2012011318,1.7,0,0.7,316.2,56,1022.8
2012011400,-0.2,0,2.5,342,52.2,1023
2012011406,-0.3,0,2.5,321.5,37,1023.6
2012011412,5.6,0,2.8,331.9,21.8,1021.8
2012011418,2.5,0,2.3,307.1,26.8,1021.8
2012011500,1.8,0,3.5,330,39,1020.5
2012011506,1.4,0,1.7,20.7,52,1021.3
2012011512,5.1,0,1.9,23.2,37.5,1019.5
2012011518,3,0,1.7,310.5,57.5,1020
2012011600,2.4,0,1.3,272.9,67.2,1019
2012011606,3.3,1,2.4,353.4,84.7,1017.8
2012011612,4.2,13,2.1,299.6,95.7,1016.9
2012011618,4.1,15,1.8,271,95,1018.8
2012011700,4,0,1.4,271.9,91.8,1019.2
2012011706,4.4,0,0.5,303.6,89.3,1020.6
2012011712,10.1,0,1.5,71.8,60.8,1019.6
2012011718,6.7,1.5,1.1,350,87.7,1020.5
2012011800,5.3,0.5,0.6,316.5,95.2,1020.7
2012011806,5.4,0,0.6,343,92,1021.8
2012011812,7.3,0.5,1.3,2,81,1020.6
2012011818,6.3,1,2.3,356.6,89.8,1021.6
2012011900,6.3,4,2.9,3.4,92.3,1020.7
2012011906,7.3,3,3.4,0,91.3,1020.1
2012011912,8.8,7,3.8,31.8,91.8,1018.2
2012011918,7.8,6,4.3,10,91,1019.8
2012012000,7.7,14,4.3,26.6,88.8,1020.1
2012012006,8.1,2.5,3.8,29.9,76.8,1021.3
2012012012,7.6,2.5,3.9,24.9,83.3,1020.7
2012012018,6,1.5,3.6,349.8,87.8,1021.4
2012012100,5.5,0.5,3.3,346.6,86.2,1020.3
2012012106,5.6,0.5,3.4,350,83.2,1020.2
2012012112,7.6,0,3.9,3.4,75.7,1018.8
2012012118,5.9,0,1.5,310.4,83.2,1018.6
2012012200,5.1,0,1.9,357.7,83,1017.6
2012012206,4.1,0,4.6,302.9,59.8,1018.3
2012012212,5.1,0,4.4,316.8,30,1017.5
2012012218,0.3,0,3.9,299.6,29.7,1019.8
2012012300,-3.9,0,4,343.1,35.3,1020.9
2012012306,-5.2,0,6.8,299.9,28.3,1022.3
2012012312,-2.1,0,7.3,299.9,26.3,1021.7
2012012318,-4.4,0,3.4,329.8,33,1023.6
2012012400,-6.2,0,5.2,313.4,43.5,1024.3
2012012406,-5.2,0,2.8,290.2,43.5,1024.9
2012012412,-0.2,0,4,283.1,34.8,1022.1
2012012418,-2.6,0,1.1,317.1,38,1022.4
2012012500,-6.2,0,0.2,350,57,1020.9
2012012506,-4.9,0,2.4,322.3,58.5,1020.9
2012012512,-1.5,0,5.7,301.8,28.3,1021
2012012518,-3.9,0,2.5,346.3,32,1023.5
2012012600,-6.2,0,2.4,328,36,1025.8
2012012606,-5.5,0,0.9,286.9,45.2,1027.2
2012012612,3.2,0,3.4,240,32.7,1024.3
2012012618,-0.1,0,0.9,308,48.8,1024.6
2012012700,-3.3,0,0.2,350,68.3,1024.9
2012012706,-1.4,0,0.3,0,68.3,1025.4
2012012712,7.3,0,1.8,80.3,42,1022.7
2012012718,3.7,0,2.4,3.4,59.8,1023.5
2012012800,2,0,1.1,0,68.2,1024.7
2012012806,1.9,0,2.3,11.6,52.3,1025.9
2012012812,5.7,0,3.6,27.6,28.7,1024.9
2012012818,2.7,0,1.7,6.8,52.5,1025.5
2012012900,0.2,0,1.3,312.1,68.8,1026.2
2012012906,0.8,0,2.5,19.3,41,1027.1
2012012912,6.4,0,3.7,334.9,22.3,1025.2
2012012918,2.6,0,2.4,340,21,1026
2012013000,0,0,2.9,357.3,25.8,1026.1
2012013006,-1.1,0,3.3,7.9,23.2,1027.6
2012013012,3.3,0,3.8,340,12.3,1025.5
2012013018,-0.4,0,1,295,23.2,1026.4
2012013100,-3.5,0,1.2,291.9,36,1026.5
2012013106,-3,0,1.4,305,34.2,1026.6
2012013112,4.5,0,3.1,192.4,34,1021
2012013118,4.2,0,4.6,215,58.7,1016.5
2012020100,3.4,0,5,273,66.3,1016.2
2012020106,-1.6,0,6,310.4,47,1019.3
2012020112,-1.2,0,7.3,283.4,24.5,1020.2
2012020118,-5,0,3.4,346.1,36.3,1023.3
2012020200,-8.6,0,3.6,311.5,39.3,1024.7
2012020206,-10.3,0,4.3,310.9,38.5,1026.9
2012020212,-5.1,0,4.6,319.1,26.2,1026.4
2012020218,-7.2,0,2.8,323.1,32.5,1027.3
2012020300,-8.1,0,3.3,336.6,34.8,1026.5
2012020306,-6.5,0,5.2,333.4,41.2,1025.8
2012020312,0.4,0,4.6,321.8,29.5,1022.5
2012020318,-2.2,0,2.2,354.1,38.2,1023.7
2012020400,-5.2,0,0.6,313.3,49,1024.8
2012020406,-2.9,0,0.6,305,52.2,1025.6
2012020412,5.3,0,3.1,256.8,36,1024.5
2012020418,0.9,0,1.7,337,47.7,1025.9
2012020500,-2,0,0.9,256,63.2,1025.6
2012020506,-0.2,0,0.7,311.3,58.7,1025.3
2012020512,6.3,0,1.3,61.3,32.8,1022.2
2012020518,2.7,0,0.7,314.9,50.3,1021.8
2012020600,-1.1,0,0.2,0,66.2,1020.4
2012020606,0.6,0,0.4,3.3,62.8,1018.8
2012020612,8.8,0,0.9,181.8,43.8,1014
2012020618,6.6,0,1.4,343.4,65,1012
2012020700,3.3,2.5,1.9,349.6,80.2,1010.5
2012020706,2.5,0,3.3,320,57.7,1011.6
2012020712,1.2,0,6.5,323.3,24.2,1012.5
2012020718,-3.7,0,4.3,318.4,28.2,1017
2012020800,-7.1,0,5.4,299.9,34.5,1019.7
2012020806,-7,0,5.7,299.9,34,1021.2
2012020812,-0.7,0,4.9,260.2,28.3,1019.1
2012020818,-2.9,0,1.9,310.9,43,1021.2
2012020900,-5.1,0,0.7,354,51,1024.1
2012020906,-3.8,0,1.7,337.6,51.7,1026.1
2012020912,2,0,2.7,279.4,21.7,1024.7
2012020918,0.6,0,1.3,310.8,29,1024.9
2012021000,-0.3,0,2.4,318.4,42.3,1025.2
2012021006,-0.1,0,3.4,329.9,43.8,1025.8
2012021012,3.6,0,3.3,318.4,29.7,1023.8
2012021018,1.6,0,2.3,291.6,36.3,1024.7
2012021100,-1.3,0,0.6,11.2,48.2,1025.2
2012021106,-1.2,0,2.5,0.4,41.2,1027.4
2012021112,5.2,0,2.5,342.7,16.7,1026.1
2012021118,1.4,0,1.5,310.3,24,1028.5
2012021200,-2.9,0,1.3,263.9,41.8,1030.4
2012021206,-0.1,0,1.8,346.9,43,1031.9
2012021212,6.2,0,2.5,133.6,33.7,1029.2
2012021218,3.5,0,1.4,263.3,55.3,1028.6
2012021300,2.5,0,0.6,319.8,57.2,1026.7
2012021306,2,0.5,0.9,284.7,76.5,1025.6
2012021312,3.4,1,0.7,356.8,88.5,1023
2012021318,1.8,0,0.7,297.3,92.2,1022.9
2012021400,1,0,0.5,314.9,94.8,1021.3
2012021406,2.6,1.5,0.1,0,93.5,1020.3
2012021412,7.2,2,0.6,16.2,86.2,1017.8
2012021418,5.2,0,1,301.9,88.3,1018.3
2012021500,3.6,0,0.9,304.6,75.5,1018.8
2012021506,4.7,0,2.4,24.6,57.5,1020.2
2012021512,8.1,0,2.6,58.8,53.3,1018.6
2012021518,4.8,0,1.3,8.1,71.3,1018.8
2012021600,2.6,0,3.2,350,30.5,1019.6
2012021606,2.1,0,4,325.8,24,1021.3
2012021612,5.6,0,4,314.5,18.7,1019.5
2012021618,1.9,0,1.8,267.2,27.7,1019
2012021700,-1.2,0,3,325,43.2,1020.7
2012021706,-2.5,0,3.5,333.2,42.3,1021.5
2012021712,0.7,0,5.7,293.2,28,1019.9
2012021718,-2.4,0,5.1,296.6,31.5,1022
2012021800,-5,0,3.6,316.8,44.3,1023.9
2012021806,-4.8,0,4.2,340,39.7,1025.3
2012021812,0.3,0,3.9,314.3,27.2,1023.5
2012021818,-1.8,0,2.7,310.4,33.2,1024.8
2012021900,-4.7,0,3.6,316.8,44.8,1025.6
2012021906,-3.5,0,4.1,320,40.7,1026
2012021912,3.2,0,3.2,328.5,22,1024.8
2012021918,0,0,0.7,356.7,31,1026.3
2012022000,-3.8,0,0.6,261.9,52,1027.2
2012022006,-1.8,0,1.1,254.8,44,1027.6
2012022012,8.6,0,2.3,157.1,22.5,1024.2
2012022018,5.2,0,2.1,267.7,26.5,1024.3
2012022100,-0.2,0,0.9,283.5,44.5,1025
2012022106,1.1,0,1.1,252.9,49.3,1025
2012022112,6.3,0,2.6,70,56.5,1023
2012022118,2.4,2.5,1.2,315,92.8,1023.9
2012022200,1.7,0,0.2,357,95,1022.6
2012022206,3.3,0,0.3,330.5,90.5,1021.5
2012022212,8.1,0,1.1,10,77.2,1016.8
2012022218,7.2,0,1,271.9,81.7,1013.3
2012022300,6.1,0,0.6,341.6,85.3,1009.9
2012022306,9,0,3.5,340,68.2,1009.7
2012022312,12.6,0,4.3,338,39.3,1010.6
2012022318,7.3,0,3.5,35,66.5,1017.6
2012022400,5.8,0,2.8,18.2,68.7,1020.3
2012022406,5.5,0,3,29.9,64.2,1021.6
2012022412,6.2,0,3.3,45.1,63.7,1018.5
2012022418,5,0,2.1,342.5,62.5,1017.5
2012022500,3.5,0,1.2,304.6,69.3,1015.3
2012022506,4.8,0,1.1,341.1,67.5,1014.2
2012022512,7.4,0,4.6,11.7,47.7,1014
2012022518,3.9,0,2.9,14.7,70.8,1017.3
2012022600,2.2,0,1.3,4.3,72.8,1019
2012022606,2.2,0,2.2,18.2,63.5,1020.3
2012022612,5.7,0,3.5,15,54.5,1019.4
2012022618,1.9,0,2.1,354.1,76.3,1022
2012022700,-0.8,0,0.3,340.3,74.5,1023.3
2012022706,1,0,1.2,348.2,48.8,1024.9
2012022712,6.2,0,4,38.1,42.5,1023.8
2012022718,2.5,0,2,344.3,64.7,1025.7
2012022800,-0.4,0,0.7,326.2,76.7,1025.8
2012022806,2,0,0.4,7.7,74.3,1025.6
2012022812,6.9,0,2.8,66.6,56.7,1023.4
2012022818,4.1,1,1.5,13.1,86.2,1023.9
2012022900,3.4,1,0.6,308.8,95.3,1023.3
2012022906,5,0,1.4,341.1,88.2,1023.2
2012022912,8.3,0,2.2,26.6,75,1022.1
2012022918,6.3,0,0.7,352.6,80.8,1021.7
2012030100,2.7,0,0.1,0,92.7,1020.8
2012030106,4.8,0,0.2,334.8,85,1020.3
2012030112,10.5,0,3.3,70,64.7,1018.1
2012030118,9.1,0,2.4,19.7,70.7,1016.8
2012030200,6.9,3.5,2.3,340,87,1016.7
2012030206,6.8,1,2.2,353.5,88.8,1016.8
2012030212,7.6,1,2.4,3.3,86.7,1016.8
2012030218,7,0.5,2.2,353.2,83,1019.8
2012030300,6.1,0,2.5,346.6,83.3,1022.2
2012030306,6.1,0.2,2.9,353.4,86.5,1024.7
2012030312,6.2,1.3,3.8,35,82.7,1026
2012030318,5.7,0,3.6,13.4,73.3,1027.4
2012030400,5.2,0.1,2.7,3.4,85,1026.3
2012030406,7.1,2.9,4.1,70,84.2,1025.7
2012030412,7.1,0.5,3,63.4,81.2,1023
2012030418,5.9,2,2.7,40.1,91.2,1021
2012030500,5.4,8.5,3,4.4,93.5,1017.1
2012030506,5.9,4.5,3,3.3,92.2,1015.3
2012030512,7.1,1,3,6.6,89.3,1012.7
2012030518,6.6,7.5,1.9,336.7,94.5,1010.5
2012030600,6.6,11,1.6,293.2,97.3,1007.7
2012030606,7.5,0,1.7,262.6,92.2,1009.5
2012030612,12.4,0,4,261.6,57.2,1008.9
2012030618,7.3,0,2.1,318.7,52.5,1012.9
2012030700,3.1,0,1.1,290.5,67.8,1015.6
2012030706,4.8,0,3.6,346.1,59.3,1016.8
2012030712,9.9,0,2.5,60,45.5,1016.4
2012030718,7.8,0,0.9,32.1,65.3,1017.4
2012030800,4.1,0,0.4,335.2,81,1018.1
2012030806,6.1,0,2.7,353.5,61,1019.6
2012030812,10,0,3.2,60,55.3,1018.2
2012030818,7.3,0,2.9,48.4,68,1019.2
2012030900,5.2,0,2.5,346.6,72.8,1019.6
2012030906,6.4,0,2.8,356.6,64.2,1019.9
2012030912,9,0,4.6,29.6,60.3,1018.7
2012030918,6.1,0,3.5,3.4,74,1019.6
2012031000,5.5,0,2.4,332.1,71.7,1020
2012031006,6.3,0,2,350,68.2,1019.9
2012031012,7.7,0.5,2.5,65.6,67.5,1018.5
2012031018,5.8,0,0.9,295,83.2,1018.3
2012031100,3.5,0,1.2,321.6,77.7,1017.7
2012031106,3.4,0,4.5,283.4,44,1017.5
2012031112,4.6,0,7.1,276.6,22.7,1017.5
2012031118,0.9,0,4.1,321.5,30.5,1020.7
2012031200,-2.3,0,3.8,333.4,45.7,1023.5
2012031206,-1.3,0,4.3,318.4,39.7,1025.3
2012031212,5.2,0,4.5,287.7,23.8,1023.9
2012031218,2.6,0,1.9,339,29.8,1025.1
2012031300,-0.3,0,3,329.8,40.8,1026.9
2012031306,1.4,0,2.6,337.6,39.2,1027.3
2012031312,8.2,0,3.2,131.2,31.7,1024.6
2012031318,4.4,0,0.8,306.6,50.2,1024.8
2012031400,0.1,0,0.3,350,65.7,1025.3
2012031406,3.1,0,0.9,280,52.7,1025.8
2012031412,13.3,0,3.5,188.8,25,1022.5
2012031418,9.7,0,2.5,242.1,39.2,1023.3
2012031500,5.1,0,1,1.5,57.8,1024.8
2012031506,6.8,0,3.2,19.7,53.7,1027.8
2012031512,10,0,4.7,66.7,42,1027.9
2012031518,7.3,0,1.7,52.8,59.3,1028
2012031600,5.2,0,0.5,320.7,71.3,1025.6
2012031606,6,0,0.7,315,73.2,1023.4
2012031612,9.3,0.5,1.2,133.6,79.5,1018.5
2012031618,9.1,4.5,1,247.4,97.7,1013.8
2012031700,10.5,3,1.1,246.6,99,1008.6
2012031706,11.5,0.5,0.7,15.7,95.5,1008.5
2012031712,12.1,0,3.3,58.5,83,1010
2012031718,9.9,0,1.2,335.4,79.5,1012.8
2012031800,8.8,0,0.9,319.7,88.8,1011.3
2012031806,9.7,0,0.7,314.9,84.7,1011
2012031812,14.4,0,2.3,70,67,1010.5
2012031818,8.4,0,3.2,53.3,81.3,1015.1
2012031900,4.3,0,3.8,16.9,80.2,1019.4
2012031906,5.1,0,1.9,336.1,74.2,1021.1
2012031912,8.3,0,2.7,93.4,60.5,1018.7
2012031918,6.4,0,1.7,237.1,74,1017.7
2012032000,3.3,0,1.6,10,54.7,1017.8
2012032006,5,0,1.9,353.5,35.2,1018.7
2012032012,11.8,0,2.7,155.4,28.5,1016.4
2012032018,8.1,0,2.8,307.4,34,1017.2
2012032100,4.1,0,5.1,323.3,33.8,1021.2
2012032106,4.9,0,1.7,271.7,38,1023.8
2012032112,12.7,0,2.9,160,30.5,1021.1
2012032118,8.2,0,1.5,237.8,52.5,1020.2
2012032200,5.2,0,0.4,350,58.2,1020.6
2012032206,7,0,1.6,310.4,48.5,1022.6
2012032212,7,4,1.4,255.8,78.3,1020.5
2012032218,7.3,0,0.7,314.7,88.7,1017.9
2012032300,7.3,14.5,2.2,36.6,96.2,1014.4
2012032306,8.2,3,2.2,40,93.2,1010
2012032312,8.8,3,2.4,340,95,1005.4
2012032318,6.5,4.5,1.6,286.5,95,1005.6
2012032400,5.4,1.6,2.2,333.1,80.3,1005.5
2012032406,6.4,0,2.7,308.9,64.3,1007.5
2012032412,10,0,5.5,283.6,36,1008.5
2012032418,6.5,0,4.2,270,35.5,1011.3
2012032500,3.2,0,4.9,260,42.5,1014.2
2012032506,4.8,0,6.4,276.6,43,1015.7
2012032512,9.1,0,6.6,270,27.5,1015.5
2012032518,6.2,0,2.8,307.7,32.3,1017.5
2012032600,2.3,0,3.6,291.6,44.2,1020.5
2012032606,3.9,0,3.2,313.4,43.3,1023
2012032612,11.2,0,2.7,10.5,26.7,1021.4
2012032618,8.5,0,1.7,293.2,32.5,1021.8
2012032700,5,0,0.9,356.8,43.8,1023.2
2012032706,7.5,0,1.1,202.4,43.8,1024.2
2012032712,17.5,0,5,225.1,20.3,1020.3
2012032718,12.3,0,3.2,224.5,36.2,1020.3
2012032800,7.7,0,1,340.3,62.2,1022.2
2012032806,10.2,0,1.2,233.8,62.3,1024.6
2012032812,14.5,0,4.5,63.4,41.8,1024.8
2012032818,9.4,0,2,3.9,57,1027.2
2012032900,4.7,0,0.4,333.4,69.7,1027.3
2012032906,9.2,0,1.2,290.6,65,1026.4
2012032912,18.6,0,5.7,190,33.2,1021.3
2012032918,15.7,0,3.4,193.4,68.8,1020.1
2012033000,16,0,4.6,196.7,75.2,1017.7
2012033006,15.2,2,5.5,209.9,85.5,1015.6
2012033012,15.6,5,4.2,200,88,1012
2012033018,12.8,8,1.8,260,93.5,1011.5
2012033100,9.4,3.1,4.1,316.8,65.5,1011.2
2012033106,7.8,0,4.4,286.7,39.5,1014.6
2012033112,12.6,0,4,261.6,23.8,1012.8
2012033118,10.2,0,3.1,264.1,34.7,1012.5
2012040100,4.3,0,4.6,306.2,44.7,1018.1
2012040106,5,0,4.7,283.4,34.7,1021.8
2012040112,11.4,0,3.7,70.2,25.8,1021.7
2012040118,8.1,0,1.6,215,52.3,1023
2012040200,4.2,0,0.5,326.2,70.2,1023.1
2012040206,8.3,0,1,11.7,60.5,1022.4
2012040212,16.8,0,5,166.3,42.3,1017.1
2012040218,15.2,0.1,5.2,198.2,74,1012.9
2012040300,14.3,12.3,4.7,183.3,92.2,1003.3
2012040306,14.9,5,6.3,210,81.5,991
2012040312,9.7,0,8.4,260,50,998.3
2012040318,6,0,5.1,283.4,38.2,1008
2012040400,4.6,0,2.9,296.5,42.7,1013.2
2012040406,7.7,0,3.1,220.9,41,1014.5
2012040412,15.6,0,6.2,228.4,33.2,1009.2
2012040418,13.4,0,4.9,218.2,43.2,1008.9
2012040500,10.8,0,3.7,267.3,48.2,1009.7
2012040506,10.7,0,1.2,346.1,40.8,1011.5
2012040512,15.7,0,4.2,168.2,29.8,1007.7
2012040518,11.6,0,4.2,283.4,23.3,1009.2
2012040600,5.8,0,2.5,6.4,33.5,1014.6
2012040606,7.6,0,2,215,33.8,1016.4
2012040612,13.3,0,5.4,260.2,25,1012.2
2012040618,9.6,0,3.6,315.2,26.2,1015.3
2012040700,4.2,0,3.8,342,36.3,1019.3
2012040706,5,0,4.1,322.3,39,1022
2012040712,11.4,0,3.7,188.5,30.8,1021.5
2012040718,8.4,0,2,215,57.8,1021.2
2012040800,4.2,0,0.3,330.5,74.2,1020.9
2012040806,9.9,0,1.1,21.7,57.5,1019.9
2012040812,22.3,0,6,220.1,23.5,1016.8
2012040818,17.4,0,5.8,209.9,38.2,1017.8
2012040900,16,0,5.8,193.4,54.2,1018.7
2012040906,18.2,0,2.2,203.6,54.7,1019.2
2012040912,20.4,0.1,3.2,112.2,57.8,1018.2
2012040918,17.9,0,1.2,305,68,1019.2
2012041000,14.1,0,0.6,236.8,81.2,1020.5
2012041006,15.4,0,1.1,212.1,77,1020.2
2012041012,19,0,4.2,186.6,52.7,1016.3
2012041018,15,0.5,4,190,77.5,1012.6
2012041100,14.8,1,1.9,115,96.5,1006.7
2012041106,15.6,4.5,1,354.9,97.5,1002.4
2012041112,17.9,1.5,2.4,79.4,78.8,1001.2
2012041118,12,0,1.6,52.3,85.7,1005.7
2012041200,9.7,0,1,339.7,92.2,1009.1
2012041206,12.5,0,1.6,289.2,69.5,1009.9
2012041212,21.9,0,3.3,218.3,25,1006
2012041218,17.5,0,2.3,323.9,33.3,1008.2
2012041300,13,0,2.8,350.2,42.3,1011.9
2012041306,12.9,0,2.1,17.5,50.2,1013.2
2012041312,12,1.5,2.3,30.6,79,1012
2012041318,9.8,1.5,1.5,303.3,92,1012.2
2012041400,9.3,0,0.4,353.6,90.5,1012
2012041406,13.3,0,1.3,306.9,70.2,1013.4
2012041412,18.4,0,3.6,133.8,45.7,1012.5
2012041418,14.3,0,1.5,73.9,64.7,1013.3
2012041500,10.8,0,0.6,306.7,79,1013.1
2012041506,14.9,0,0.6,302,64.5,1013
2012041512,20.7,0,3.9,104.7,50.7,1010.3
2012041518,16,0,1.4,46.8,65.5,1010.5
2012041600,13.1,0,0.7,325.5,66.5,1010.4
2012041606,17.1,0,1.3,52.5,49.7,1011.2
2012041612,19.8,0,4.4,90,40.2,1010.5
2012041618,12.9,0,2.6,26.6,70.8,1013.1
2012041700,10.2,0,1.4,322.9,82,1014.6
2012041706,12.5,0,2.8,10.6,66,1016.5
2012041712,15.1,0,5.3,73.3,47,1015.6
2012041718,11.4,0,2.2,35,68.3,1017.1
2012041800,7.9,0,0.6,332.3,81.3,1018.4
2012041806,11.8,0,1.2,288,65.5,1019
2012041812,16.9,0,3.8,90,46.8,1018.5
2012041818,13,0,2.4,56.4,60.5,1019.8
2012041900,9.7,0,1,294.1,80.3,1020.2
2012041906,12.4,0,1.8,25,74.3,1021.2
2012041912,15.4,0,3.9,70,68.2,1020.8
2012041918,12.8,2.5,2,32.9,82.8,1022
2012042000,11.3,4,1.5,340,94,1022.7
2012042006,12.4,0,2.4,20.2,85.2,1023.8
2012042012,15.6,0,4.8,66.7,63.5,1022.5
2012042018,12.7,0,3.8,50,75.5,1023.7
2012042100,11.4,0.1,3.8,50,88.2,1021.2
2012042106,11.9,8.4,4.4,43.4,94.8,1017.7
2012042112,13.8,27.5,4.2,70,96.5,1012.4
2012042118,14.6,40,5.3,100,98,1008.1
2012042200,15.1,13,3,156.6,99.3,1004
2012042206,15.5,0,4.6,186.6,87.8,1004.1
2012042212,20.4,0,4.6,215,56.7,1005.3
2012042218,17.3,0,3.2,236.4,56.8,1008.1
2012042300,12,0,0.9,295.4,78.5,1010.9
2012042306,15.2,0,0.9,328.1,69.7,1012.5
2012042312,24.5,0,3.8,201.4,43,1010.7
2012042318,20,0,1.9,277,66.7,1012
2012042400,14.9,0,0.5,358,87.7,1013.3
2012042406,20,0,1.4,201.1,65.2,1014.3
2012042412,25.1,0,3,96.6,47.2,1011.6
2012042418,20.3,0,1.1,350,64.8,1012.3
2012042500,16.2,0,0.4,7.7,65.7,1011.1
2012042506,16.8,0.5,0.9,104.1,76.3,1008.2
2012042512,14.1,21.5,2.2,134.2,91.7,1003.2
2012042518,14.4,4.5,1.5,234.8,98.7,999.1
2012042600,15,0,0.8,307.1,97.3,997.8
2012042606,15.9,0,4.2,296.6,51.2,1001.9
2012042612,19.8,0,4.9,295,27.2,1005.3
2012042618,15.9,0,2.4,321.8,31,1009
2012042700,11.2,0,2.2,326.3,48.5,1012.3
2012042706,14.6,0,1.4,234.5,44.5,1014
2012042712,20.8,0,4.1,130.9,31.2,1012.3
2012042718,16.9,0,2.2,247.9,39.3,1012.7
2012042800,10.6,0,0.4,345.6,73.3,1013.9
2012042806,15,0,0.8,30.2,53.5,1015.3
2012042812,24.3,0,4.2,131.3,43.5,1013.8
2012042818,19.9,0,2.2,80,41.8,1015.2
2012042900,13.2,0,0.5,338.7,65.3,1016
2012042906,16.9,0,0.6,280,53,1016.6
2012042912,19.5,0,1.9,105,62.3,1015.1
2012042918,17.2,0,0.8,347.4,80.8,1014.5
2012043000,15.9,0,0.5,282.3,84.7,1014
2012043006,17.3,0.5,4.6,78.4,74.5,1014.5
2012043012,17.9,0,2.8,73.3,69.2,1013.1
2012043018,17.1,0,1.5,28.6,75.3,1012.3
2012050100,16.1,0,0.5,308.8,83,1011.6
2012050106,18.1,0,1.3,79.4,75.2,1011.7
2012050112,20.7,0,2,102.3,66.8,1009.5
2012050118,17.2,1.5,1.4,42.3,89,1008.7
2012050200,16.1,4.5,2.5,352.8,95.2,1006.7
2012050206,16.1,0.5,4.5,16.7,88.3,1006.4
2012050212,16.3,0,4.8,16.7,87.7,1005.3
2012050218,15.8,0,3.2,356.7,88.2,1005.3
2012050300,15.2,0,1.4,356.6,89,1004.4
2012050306,15.5,0,1.7,40.4,87.3,1004.1
2012050312,16.6,8,2.8,53.9,83.8,1003.2
2012050318,15.9,0,1.5,14.7,83.8,1004.5
2012050400,15.1,0,0.9,334.3,88.2,1005.7
2012050406,19,0,1.6,15,68.3,1006.8
2012050412,20.9,0,3.8,130.1,66.5,1006.2
2012050418,17.1,0,1.2,53.1,86.3,1005.6
2012050500,15.8,0,1.4,293.8,84.3,1004.7
2012050506,22.2,0,1.9,6.3,45.8,1004.6
2012050512,28,0,3.1,305,29,1002.8
2012050518,23.3,0,2,256.4,35.7,1002.2
2012050600,19.1,0,2.5,316.6,40.7,1003.8
2012050606,18.9,0,2.4,333,38.8,1007.3
2012050612,24.7,0,3,314.2,24.2,1005.4
2012050618,20.3,0,2.1,266.8,38.7,1005.1
2012050700,15.7,0,0.5,327.4,51.7,1005.7
2012050706,19.1,0,1.2,285.9,49.5,1006.5
2012050712,24.5,0,3.2,80.5,36.7,1005.9
2012050718,18,0,1.7,61.9,85.2,1007.2
2012050800,16.2,0,0.2,0,90.8,1006.8
2012050806,19.4,0,1.2,43.9,70,1007.4
2012050812,22,0,3.4,135.6,58.8,1007.1
2012050818,17.2,1.5,2.1,23.6,76.2,1009.4
2012050900,14,1.5,1,296,93.2,1010.8
2012050906,18,0,1.9,16.7,75.2,1011.7
2012050912,22.3,0,3.5,73,60.5,1011.3
2012050918,15.7,0,3,31.8,78,1014.7
2012051000,14,0,1.7,16.7,80,1016
2012051006,14.1,0,3.6,35,77.3,1017.6
2012051012,14.3,0,3.6,26.6,78,1017.8
2012051018,13.2,0,2.5,24.9,80.3,1018.7
2012051100,12.6,0,2.5,45.1,75.7,1018.6
2012051106,13.2,0,3.3,48.4,69.7,1018.8
2012051112,13.9,0,4.2,63.4,65.7,1018.2
2012051118,12.3,0,3,35,71.7,1018.8
2012051200,11.4,0,1.2,19.7,78.2,1018.5
2012051206,13.2,0,1.7,137.9,70,1017.9
2012051212,17.3,0,3.2,133.4,56.3,1015.7
2012051218,13.6,0,2.2,163.3,71.3,1015.3
2012051300,10.8,0,0.4,335.9,86,1014.3
2012051306,15.1,0,1,233.7,70.8,1013.5
2012051312,19.1,0,2.5,108.2,66.3,1012.4
2012051318,17.2,0,0.8,314.2,77.2,1012.7
2012051400,15,0,0.5,327.8,79.5,1012.7
2012051406,15.8,0,1,299.6,78,1012.1
2012051412,17,2.5,0.8,275.8,89,1009.3
2012051418,16,15,1.6,40.1,98.7,1007.9
2012051500,15.3,2.5,0.8,17,99,1005.3
2012051506,17.8,0,2.6,313.2,85.3,1005.2
2012051512,23.6,0,3,318.4,45.8,1003.8
2012051518,19.2,0,1.8,277.9,56.3,1005.6
2012051600,13.9,0,0.3,341.1,77.8,1005.9
2012051606,18.4,0,0.8,332.1,58.7,1005.6
2012051612,24.3,0,2.7,81.6,46,1002.7
2012051618,21,0,2.6,210,62.2,1002
2012051700,17.9,0,1,188.7,76.5,1001.6
2012051706,20.7,0,2.8,264.1,52.7,1001.3
2012051712,21.6,0.1,4.1,296.1,42,1000.8
2012051718,14.4,0.3,3.2,6.6,74.7,1006
2012051800,11.8,0,1.9,314.9,79.5,1010.3
2012051806,17,0,1.4,31.3,60.5,1013.5
2012051812,22.6,0,3.7,116.2,37.5,1014
2012051818,17.9,0,1.6,239.6,47.3,1015.3
2012051900,13,0,0.4,327.4,68.2,1016
2012051906,18.1,0,1,238.7,59.7,1016.5
2012051912,21.9,0,3.1,100,52.2,1015.6
2012051918,17.6,0,1,45,71.2,1015.8
2012052000,13.7,0,0.5,310.4,71.7,1015.3
2012052006,18.7,0,1,20.1,53.8,1015.3
2012052012,23.7,0,4,106.7,49.8,1014.3
2012052018,19.1,0,1.6,43.4,76.5,1015.5
2012052100,14.7,0,1.1,281.1,85.3,1016.7
2012052106,18.7,0,2,37.8,69,1017.5
2012052112,23.6,0,4.2,55.3,52.3,1017
2012052118,18.6,0,2.7,2,67.7,1017.8
2012052200,15.4,0,1.6,297.3,76.7,1017.2
2012052206,20.2,0,2,16.4,55.5,1016.4
2012052212,24.3,0,4.6,66.7,44,1014.3
2012052218,19.7,0,1.4,31,50.3,1013.6
2012052300,15.1,0,0.4,332.1,68,1013
2012052306,19.5,0,0.9,299,56.8,1012.8
2012052312,26.5,0,2.8,96.6,41.7,1011
2012052318,22,0,1.4,67.9,59,1010.7
2012052400,18.3,0,0.8,307.2,68,1011
2012052406,22.7,0,1.3,234.5,55.3,1010.9
2012052412,26.8,0,4.6,108.2,39.7,1009
2012052418,21.1,0,1.7,333.6,65.3,1009.9
2012052500,18.8,0.2,1.1,295,79.3,1009.4
2012052506,19.4,0,1.1,294.7,78.3,1010
2012052512,24.1,0,2.4,134.2,54.3,1008.5
2012052518,20.6,0,1.9,191.6,67,1008.8
2012052600,18.1,0,1.6,301.3,76.3,1009.7
2012052606,21.8,0,2.4,17.3,48.5,1010.2
2012052612,25.4,0,3.2,103.4,26,1009.5
2012052618,20.3,0,1.9,201.1,45.7,1009.9
2012052700,15.9,0,0.2,350,61.5,1010.7
2012052706,21.5,0,1.1,268.1,47.2,1011.8
2012052712,27.6,0,3.2,88.9,36,1010.5
2012052718,22.7,0,1.6,347.2,51.8,1012
2012052800,19.6,0,1.9,319.5,61.3,1014
2012052806,20.6,0,3,49.1,60.5,1018
2012052812,21.5,0,3.7,80,56.2,1018.2
2012052818,17.6,0,2.7,40.1,77.7,1019.2
2012052900,16,0,0.7,339.5,87.3,1019.1
2012052906,19.7,0,1.3,237,73.3,1019.3
2012052912,23.7,0,3.5,113.2,63.2,1018
2012052918,19.3,0,2.4,63.4,78.8,1019.5
2012053000,18,0,2.3,83.5,81.8,1019.7
2012053006,18.5,0,2.5,51.8,78.5,1020
2012053012,19.7,0,3.6,70,71.7,1019.7
2012053018,17.9,0,2.8,46.8,77.8,1020.6
2012053100,16.7,0,0.8,19.7,82.7,1019.2
2012053106,18.6,0,2,22.6,73.5,1019.3
2012053112,22.4,0,3,76.8,55,1017.1
2012053118,18.8,0,1.4,71.1,66.5,1017.3
2012060100,15.2,0,0.8,317.2,83,1017.5
2012060106,19.3,0,1,81.8,66.7,1017.3
2012060112,23,0,3.1,119.9,54.5,1016.1
2012060118,18.5,0,2.8,119.9,72.5,1016.8
2012060200,17.3,0,1.4,68.1,78.3,1016.7
2012060206,18.8,0,2.2,91.4,68.7,1016.6
2012060212,22.4,0,4.7,141.8,52,1014.4
2012060218,18.5,0,3.5,128.1,72.5,1014.3
2012060300,16.6,0,1.5,71.6,80.3,1013.9
2012060306,20.1,0,2.2,118.7,62.8,1014.5
2012060312,24,0,3.2,186.6,49.3,1012.3
2012060318,19.6,0,2.2,169.8,70.5,1013.2
2012060400,16.3,0,0.9,35,87.2,1013.5
2012060406,20.8,0,1.5,309.7,65.3,1013.3
2012060412,25.1,0,3.7,200,56.3,1011.3
2012060418,21.7,0,2.1,220,78.7,1010.6
2012060500,20.4,0,0.4,3.3,85,1009.7
2012060506,24.6,0,1.3,147.3,59.7,1008.9
2012060512,27.4,0,4,224.5,48.8,1006.4
2012060518,22.4,0,2.2,289,63.7,1005.1
2012060600,19.9,0,0.9,11.6,74.7,1003.3
2012060606,24.1,0,2.8,26.6,57,1004.2
2012060612,27,0,3.6,211.9,45.3,1003.6
2012060618,22.9,0,2.6,186.8,67,1005.1
2012060700,20.2,0,0.9,343.9,84.2,1005.9
2012060706,23.6,0,1.9,254.4,67,1005.9
2012060712,27.6,0,3.8,209.9,53.2,1004.7
2012060718,23.7,0,2.9,287.7,63.8,1005.4
2012060800,21.2,0,1.3,360,67.5,1005.2
2012060806,20.3,0.3,1.7,358,77.8,1004.1
2012060812,19.9,7.7,1.6,117.4,90.2,1001
2012060818,19.1,4.5,2.4,86.8,89.5,1000.6
2012060900,18.6,0,1.3,40.9,89.2,1000.8
2012060906,20,0,1.6,83.9,81.7,1002.5
2012060912,23.5,0,3.6,94.5,62,1002.2
2012060918,20.9,0,3,114.9,75.5,1003.1
2012061000,19.1,0,1.1,95.1,85.3,1003.4
2012061006,21.5,0,1.7,104.4,70.7,1003.7
2012061012,25.5,0,3.5,173.4,52.3,1002.8
2012061018,20.8,0,2,128.4,74.5,1003.2
2012061100,18.3,0,1.3,83.6,84.2,1002.8
2012061106,20.4,0,1.7,42.3,73.8,1003.1
2012061112,24,0,2.7,170.4,59.8,1001.2
2012061118,20.7,0,1.9,145,76,1001.4
2012061200,19.3,0,0.8,77.7,82.2,1000.8
2012061206,21.6,0,1.8,88,74.3,1001.4
2012061212,24.1,0,5,153.4,65.8,1000.5
2012061218,21.1,0,3.9,114.9,72.8,1003.3
2012061300,19,0,1.7,60.5,77.2,1005.7
2012061306,20.2,0,2.5,83.6,73.5,1008.1
2012061312,20.9,0,3.9,125,68,1009.3
2012061318,19.1,0,2.6,100,73,1011.2
2012061400,17.8,0,1.8,53.3,76.2,1013
2012061406,19.9,0,3,88,70,1014.5
2012061412,21.4,0,4.7,125,66.8,1014.5
2012061418,19.9,0,2.8,110,75.7,1015.2
2012061500,19.4,0,1,80,78.7,1014.7
2012061506,20.7,0,2.9,118.5,76.8,1013.7
2012061512,21.1,1.5,3.7,130.1,79,1011
2012061518,19.7,20.5,3.2,135.1,90.7,1007.8
2012061600,18.8,1,2.6,80,89,1006
2012061606,21.6,0,2.1,72,76,1007.2
2012061612,24.1,0,2.8,145.3,66.2,1006.7
2012061618,21.6,0,1.7,215,78.3,1008
2012061700,19.3,0,1,21.3,87.8,1009.5
2012061706,23,0,1,311.3,73,1010.7
2012061712,25.8,0,4.1,186.8,63,1009.7
2012061718,23.2,0,1.1,46.8,76.5,1010.2
2012061800,21.1,0,0.7,346.4,80.8,1009.9
2012061806,22.5,0,1.6,1.3,74.8,1010.1
2012061812,24.1,0.5,2.9,283.4,64.5,1008.9
2012061818,19.4,5,1.5,153,90.7,1007.2
2012061900,19.2,14,0.9,58.2,93.3,1003.5
2012061906,19.8,11.5,1.8,60.4,92.5,1000.7
2012061912,21.5,0.5,4.3,90,80.3,998.9
2012061918,21.1,0,2.8,73.4,75.3,1000.7
2012062000,18.8,0,0.8,11.2,87.2,1003.5
2012062006,20.9,0,1.4,100.3,75.8,1005.8
2012062012,23.4,0,2.6,152.8,62.8,1006.4
2012062018,21.1,0,2.3,193.4,77.8,1008.2
2012062100,19.2,0,0.4,7.7,88,1008
2012062106,21.7,0,1.6,91.9,74.8,1008.2
2012062112,24.4,0,4.7,146.6,58.3,1007.4
2012062118,21,0,3,100.2,71.7,1007.5
2012062200,18.5,0,1.3,38.9,83,1009.1
2012062206,21.9,0,1.3,70,70.8,1010.8
2012062212,25.7,0,3.5,223.8,56.5,1009.9
2012062218,21.9,0,2.2,250,75.7,1010.5
2012062300,20.7,0,1.4,326.2,84.7,1010.5
2012062306,22.4,0,1.3,339.8,77.3,1009.9
2012062312,25.5,0,3.5,196.7,53.8,1008.7
2012062318,22.7,0,2.2,191.2,67.5,1008.3
2012062400,20.1,0,0.6,64.3,85,1007.2
2012062406,21.5,0,1.5,75.7,74.8,1007.2
2012062412,22.5,0,4.6,138.4,71.5,1006.6
2012062418,21.2,0,4.2,110,72.5,1007.5
2012062500,19.7,0,3.8,100,75.8,1008.5
2012062506,21.2,0,4.9,114.9,69.8,1010.1
2012062512,22.3,0,5.9,140,63.7,1010.6
2012062518,20.6,0,4.7,119.9,69.3,1011.8
2012062600,19.8,0,4.7,106.7,70.2,1012.3
2012062606,20.1,0,3.9,110,69.5,1013.5
2012062612,20.4,0.4,4.2,125,73.7,1013.4
2012062618,19,1.6,3.4,119.9,82.5,1014.5
2012062700,17.9,0.1,2.5,116.6,86.2,1014.5
2012062706,18.1,0.1,2.3,96.8,87.3,1014.8
2012062712,18.8,0.2,3.8,110,83.7,1014.3
2012062718,18.8,0,3.4,103.4,82.2,1014.4
2012062800,18.8,0,2.6,83.4,82.2,1013.8
2012062806,20.1,0,3.3,73.4,78.7,1014.4
2012062812,23.4,0,3.7,101.5,65.5,1013
2012062818,20.7,0,2,76.1,76.5,1013.5
2012062900,18.2,0,1.1,22.6,87.2,1012.8
2012062906,21.7,0,1.1,317.4,75,1012.3
2012062912,25.3,0,3.6,204.9,62.7,1010.8
2012062918,22.7,0.5,1.8,235,80.3,1010.1
2012063000,21.6,2.5,1.5,285,90.3,1008.1
2012063006,24.4,2,2.7,286.7,85.8,1005.9
2012063012,27.2,0,4.8,290,72.2,1003.4
2012063018,25.3,2,3.2,273.3,85.7,1002.5
2012070100,23.9,0.5,1.5,44.5,87.8,1002.3
2012070106,25.1,0,2.9,38.2,67,1004.7
2012070112,28.2,0,2.7,175.8,54.8,1004
2012070118,24.9,0,1.2,33,73.5,1003.8
2012070200,21.8,0,1.1,16.7,82.8,1004.1
2012070206,25.1,0,1.7,1.3,66,1003.7
2012070212,27.9,0,3.5,186.9,61.2,1001.4
2012070218,25.4,0,1.6,351.8,73,1000.8
2012070300,23.7,0,1.4,6.6,78,1000
2012070306,25.4,0,1.4,18.6,70.7,1000
2012070312,29.2,0,2.8,177,58,999
2012070318,26.4,0,1.8,284.1,67.8,1000.3
2012070400,23.8,0,0.9,342.8,80.5,1002.2
2012070406,26.7,0,1.9,334.2,66.8,1003.7
2012070412,30.8,0,3.7,316.8,50.7,1002.7
2012070418,27.9,0,2.4,328.3,64.8,1004.5
2012070500,24.9,0.5,1.2,354.1,78.3,1006
2012070506,24,8,1.1,7,87,1007
2012070512,24.6,5,1.5,278.3,87.5,1007.6
2012070518,24.1,0,1,135,88,1007
2012070600,25.2,0,2.3,296.5,85,1003.1
2012070606,27,0,4.3,310.1,72.2,1000.5
2012070612,26,4,2.1,280,82.5,998.6
2012070618,22.2,4,3,115,86.3,999.3
2012070700,20.5,3.5,1.5,58.9,90.2,1001.1
2012070706,20.2,2,1.5,56.9,87.3,1004.1
2012070712,24,0,2.8,116.6,66.2,1004.7
2012070718,21.5,0,1.9,94,70.8,1005.5
2012070800,20.3,0,1,53.1,78.5,1006.2
2012070806,22.8,0,1.5,70,71.2,1007
2012070812,26.4,0,3.2,203.7,59.2,1006.2
2012070818,22.3,0,2.2,255.2,73.7,1006.9
2012070900,19.4,0,0.6,6.6,88.3,1006.8
2012070906,23,0,1.4,280.6,75.2,1007
2012070912,26.4,0,3.6,186.6,66,1006.3
2012070918,23.4,0,2.6,184.8,82.5,1007
2012071000,22.6,0,2,244.6,84.5,1007.2
2012071006,24.8,0,2,241.5,72.3,1007.3
2012071012,26.3,0,3.5,215,66.8,1005.6
2012071018,23.7,3.5,2.4,218.4,84.5,1004.3
2012071100,22.6,1,1,350.2,91.2,1001.7
2012071106,23.4,38.5,2.7,256.5,92.5,999
2012071112,24.9,19.5,1.9,270,90.5,996.7
2012071118,24.7,4.5,0.7,332.4,93.5,996.4
2012071200,22.7,0,0.6,20.1,95.2,997.8
2012071206,25.9,0,0.7,344.3,78,999.8
2012071212,29.9,0,2.2,109.6,58.2,1000.2
2012071218,27.6,0,1.3,331.2,71.8,1001.2
2012071300,24.6,0.4,1,28.7,85.2,1001.6
2012071306,23.9,2.6,2.3,312.9,84.2,1002
2012071312,26.7,0,2.4,191.6,69.7,1001
2012071318,24.6,0.5,1.7,134.1,85.7,1001
2012071400,23.2,0,1.7,128.4,89.3,1001.1
2012071406,24,0,1.8,86.9,80.3,1002.6
2012071412,23.8,0.5,2.7,119.9,77.7,1003.8
2012071418,20.9,10,1.1,55,89.2,1005.3
2012071500,19.9,43,1.5,346.1,93.8,1003.5
2012071506,21.4,7,0.7,33.4,92.8,1002.7
2012071512,25.4,35.5,2.6,285,88.8,1002.2
2012071518,24.7,5,1.9,278.1,88.7,1004.5
2012071600,22.5,0.5,1.7,120.3,92,1006
2012071606,21.8,0,2.2,114.9,84.8,1009.3
2012071612,23.8,0,2.9,122.9,75.7,1010.8
2012071618,21.9,0,2.2,114.9,83.7,1012.7
2012071700,21,0,1.1,98.4,87.8,1013.3
2012071706,22.6,0,1.1,27.8,83.8,1014.2
2012071712,23.6,0,2.3,119.9,82.7,1013.4
2012071718,23,0,1.8,98.7,84.7,1014
2012071800,22.8,0,1.3,37.8,87.8,1013.2
2012071806,25.8,0,2.5,119.9,78.8,1012.3
2012071812,28,0,3.4,163.3,69,1010
2012071818,25.4,16.5,2.5,126.5,83.8,1009.4
2012071900,24.8,1,2.7,207.9,90.5,1007.9
2012071906,26,4,4.7,270,84.8,1007.3
2012071912,28.8,0,5,301.8,70.3,1006.7
2012071918,27,0,3.4,277.9,75,1007
2012072000,25.1,0,1.9,353,83.5,1007.8
2012072006,27.7,0,1.3,50,73.8,1008.8
2012072012,30.7,0,2.9,210.5,61.2,1008.3
2012072018,28,0,1.7,80,72.8,1008.6
2012072100,25.5,0,1,10,84.7,1009.7
2012072106,26.5,0,2.1,109.4,75.5,1010.9
2012072112,28,0,3,146.4,68,1010.8
2012072118,25,0,2.4,116.6,80.2,1011.3
2012072200,23.3,0,1,74.2,86.7,1011.7
2012072206,24.1,0,1.7,106.7,82.2,1011.6
2012072212,27.3,0,2.1,219.1,69.8,1010.8
2012072218,25.3,0,2.5,232.9,79.8,1010.9
2012072300,23.5,0,0.9,22.2,88.7,1010.3
2012072306,27.1,0,1.9,320.7,73.3,1010.8
2012072312,32.3,0,3.3,325,54.2,1009.5
2012072318,28,0,1.6,117.9,76.3,1010.7
2012072400,26,0,1.4,350.2,82,1012.2
2012072406,29.2,0,1.1,346.4,65.3,1013.5
2012072412,33.3,0,3.8,187.9,51.3,1012.5
2012072418,28.8,0,1.6,80,70.8,1012.9
2012072500,26.6,0,1.7,10,79.3,1013.6
2012072506,29.5,0,1.5,43.9,69.7,1014.4
2012072512,32.8,0,3.3,180,54,1012.4
2012072518,29,0,1.5,112.6,67.5,1011.8
2012072600,27.2,0,0.8,10,78.3,1011.3
2012072606,29.7,0,1.2,344.3,68.7,1011.2
2012072612,33.1,0,2.9,166.1,55.7,1008.5
2012072618,30.4,0,2.1,350.3,65.3,1008.1
2012072700,26.8,0,1.2,10.2,75.3,1008.9
2012072706,29.6,0,1.5,224.4,66.8,1010.2
2012072712,33.1,0,3.9,243.4,52.5,1008.1
2012072718,30,0,2.6,338.1,67.7,1008.3
2012072800,27.2,0,2,14.7,78.7,1009.7
2012072806,29.5,0,1.9,356.6,64.7,1010.4
2012072812,33.9,0,3.1,164.4,46.3,1008.6
2012072818,30.4,0,1.6,53,58.5,1008.5
2012072900,26.9,0,1.4,357,75.8,1008.3
2012072906,30.3,0,1.1,296.7,62.2,1008.4
2012072912,32.4,0,2.9,143.8,58.2,1006
2012072918,30.4,0,1.5,119.4,65.5,1005.8
2012073000,27.1,0,1.5,6.6,77.5,1005.6
2012073006,30.2,0,1.7,343.4,62.7,1007
2012073012,34,0,3.7,218.1,51.2,1005.6
2012073018,30,0,2.3,318,64.3,1006.4
2012073100,26.9,0,1.4,7.6,75,1007.5
2012073106,30.4,0,1.6,79.4,64,1007.8
2012073112,33.3,0,3.6,198.2,51.3,1006.7
2012073118,29.1,0,1.8,126.4,68.7,1008
2012080100,26.4,0,0.8,95.8,77.3,1008
2012080106,28.6,0,2.6,108.5,66.3,1008.4
2012080112,32,0,5.9,125,50.5,1007.5
2012080118,27.8,0,4.3,96.6,68.3,1008.3
2012080200,27.1,0,3.1,118.5,76.3,1008.9
2012080206,29.3,0,3.3,139.8,69.8,1010.2
2012080212,31.2,0,4,156.7,57,1010.6
2012080218,28.4,0,2.7,101.5,71,1011.7
2012080300,26.6,0,2,101.5,81.7,1012.4
2012080306,28.3,0,2.6,103.4,73.5,1012.9
2012080312,31.5,0,3.6,141.8,59.5,1011.6
2012080318,27.7,0,2.7,93.4,76.3,1012.4
2012080400,26.3,0,1.1,51.2,80.7,1012
2012080406,28.4,0,3.1,97.9,72.8,1011.6
2012080412,30.9,0,4.2,135.1,61,1010.8
2012080418,27.5,0,2.5,91.3,72.3,1010.8
2012080500,25.3,0,1.4,18.2,80.5,1009.8
2012080506,29.1,0,2.2,91.1,69.8,1008.8
2012080512,32.1,0,4.2,141.8,56,1006.9
2012080518,28.8,0,2.3,116.6,64.8,1006.9
2012080600,26.2,0,1.3,45,80.3,1006.7
2012080606,28.8,0,2.6,88.4,70,1007.2
2012080612,29.6,0,4.2,125,62.2,1007.1
2012080618,27.4,0,2.8,86.9,69.7,1007.9
2012080700,25.9,0,1.8,72.4,78,1008.4
2012080706,27.5,0,3.7,109.7,66.2,1009.3
2012080712,29.9,0,5.4,135.1,49.2,1008.9
2012080718,26.7,0,3.2,103.4,67.3,1009.3
2012080800,24.9,0,1.9,87.6,76,1008.9
2012080806,26.7,0,2.6,110,69.3,1009.1
2012080812,29,0,4.4,150,54,1007.9
2012080818,25.8,0,2,109.3,72.2,1007.7
2012080900,23,0,1.1,25.8,82.8,1007.7
2012080906,26.4,0,1,80,67.3,1007.5
2012080912,30.4,0,3.2,217.4,53.3,1006.2
2012080918,27.5,0,2.7,257.6,66.2,1006.3
2012081000,25.7,0,1.4,354.2,72.7,1006.2
2012081006,28.5,0,1.8,197.5,66.3,1006.2
2012081012,28.8,0,2.9,160,67.5,1006.1
2012081018,25.2,0.1,1.1,65.3,82.3,1007.1
2012081100,24.3,0,0.9,15.2,86.5,1007.9
2012081106,27.2,0,1.4,295,72,1008.1
2012081112,31.9,0,2.6,215.5,52.7,1006.5
2012081118,28.3,0,2.5,238,68.2,1007
2012081200,25.8,0,0.9,340,79.3,1006.5
2012081206,28.2,0,1.1,348.1,67.3,1005.6
2012081212,28.7,22.5,2.4,235.3,75.8,1003.8
2012081218,26,0.5,1.6,15.5,85.8,1004.3
2012081300,26,0.5,1.5,308.4,83.5,1002.8
2012081306,25.9,13,2.1,290.9,86.3,1002.9
2012081312,28.1,1,2.4,317.4,75.2,1003
2012081318,24.7,0.5,2.5,90,82.8,1006.1
2012081400,23.8,0.4,1.8,73.4,86.5,1008.1
2012081406,23.9,0,2.5,96.6,84.7,1010.3
2012081412,26.4,1.1,2.8,100,78.7,1009.8
2012081418,24.3,0.5,1.2,25.8,89.2,1010.2
2012081500,24.1,4.5,1.3,340,91.8,1009.2
2012081506,28.2,0.5,3.1,305.5,77,1007.8
2012081512,29.2,0.5,5.5,294.9,72.8,1007.1
2012081518,28.8,0,4.3,299.9,72.2,1008
2012081600,27.7,0.5,3.3,305,76.3,1009.2
2012081606,29.6,0,3.4,305,69.8,1010.5
2012081612,31.9,0,4.1,310.3,61,1010.2
2012081618,25.1,22.5,1.5,111.3,89.2,1012.7
2012081700,23.9,1,1.1,79.8,91.2,1013.5
2012081706,25.5,0,1.2,149.9,84,1014.2
2012081712,29.2,0,2.4,200,72.2,1013
2012081718,27.2,0,2.4,265.1,83.2,1012.6
2012081800,25.6,0,1.1,346.6,90,1012.8
2012081806,28.9,0,1.6,313.2,74.7,1012.6
2012081812,32.7,0,3.2,281.2,59.3,1010
2012081818,29.4,0,2.2,316.3,71.3,1010.5
2012081900,27.5,0,1.4,318,74.8,1010.4
2012081906,29.2,0,2.3,302.2,68.5,1010.8
2012081912,32.4,0,4.2,296.2,56.7,1008.9
2012081918,28.8,0,3.4,286.7,71,1009.1
2012082000,26.9,0,1.7,323.1,78.7,1009.4
2012082006,29,0,2.7,310.9,67.7,1009.9
2012082012,30.7,0,5,280,60.3,1009.2
2012082018,28.2,0,2.4,305,71.2,1010.2
2012082100,25.4,0,1.1,12.4,84.3,1010.8
2012082106,28.2,0,2.2,300.3,71.2,1011.6
2012082112,31.8,0,4.5,253.1,57.2,1010.4
2012082118,28.6,0,3.5,288.2,64.5,1010.5
2012082200,26.4,0.2,2.5,307.1,77.2,1010.3
2012082206,25.1,16.3,2.4,266.8,84.7,1010.7
2012082212,25.2,4,3.2,296.6,83.8,1011.2
2012082218,24.3,0.5,1.7,91.8,86.8,1012.4
2012082300,22.6,5,2.3,93.1,89.8,1013.9
2012082306,21.6,16,1.5,57.6,90.2,1015.7
2012082312,21.5,26,2.4,76.4,88.8,1015.9
2012082318,20.8,25.5,2,46.8,91.2,1016.8
2012082400,20.8,3.5,1.5,61.3,90.5,1016
2012082406,20.6,17,1.7,43.8,90.2,1016.9
2012082412,21.5,5.5,1.5,13.9,89.7,1017.5
2012082418,21.1,0,1.5,14.7,90.3,1017.7
2012082500,21,0,1.3,4.3,90.2,1016.8
2012082506,23.7,0,0.8,35.4,83,1016.7
2012082512,30,0,2.1,168.4,61.8,1014.6
2012082518,25.6,0,1.1,70.7,83.2,1014.5
2012082600,22.8,0,0.5,22.6,91.3,1014.2
2012082606,25.8,0,1.4,341.6,78,1014
2012082612,30,0,4.2,140.3,63.5,1011.8
2012082618,26.9,0,2.8,106.9,76.5,1012.1
2012082700,25.2,0,0.9,19.3,85.2,1011.8
2012082706,27.6,0,3,119.9,75.3,1011.8
2012082712,29.4,0,5.3,140,65.8,1009.9
2012082718,27.7,0.3,3.7,143.3,78.2,1008.5
2012082800,27.6,3.5,5.7,183.3,74.3,1006
2012082806,26.9,3.5,8.6,190,80,1002.4
2012082812,26.4,16,7.2,260.2,82.7,1000.8
2012082818,26.5,0,5.7,286.7,69.8,1003.5
2012082900,25.5,0,4.6,294.9,71.7,1006.6
2012082906,27.3,0,3.8,292.6,65.7,1009.9
2012082912,31.5,0,4.7,323.3,51.7,1009.5
2012082918,27.7,0,2.2,303.5,71.7,1011.2
2012083000,25.2,0,0.9,12.8,84,1010.7
2012083006,25.9,6.5,3.2,220.1,88.7,1008.8
2012083012,25.9,0.5,6.4,243.6,78.3,1003.6
2012083018,24.3,0,3.8,301.6,72.7,1004.2
2012083100,20.3,1,2.4,95.1,83.7,1008.7
2012083106,22,0,1.6,86.7,73.7,1011.5
2012083112,24.3,0,2.3,237.3,61.8,1011.9
2012083118,21.9,0,1.4,148.6,74.8,1013.6
2012090100,20,0,0.8,10,86.5,1013.8
2012090106,23.4,0,1.2,0,70.7,1014.3
2012090112,25.3,0,2.7,186.8,61.3,1013.2
2012090118,22.3,0,2.2,122.8,77.7,1014.7
2012090200,20.9,0,1.1,80.5,84,1014.6
2012090206,23.2,0,1.6,78.4,73.2,1014.5
2012090212,27.2,0,2.5,132.1,58.2,1012.8
2012090218,22.9,0,2.6,106.9,76.5,1013.3
2012090300,20.7,0,0.8,42.9,83.7,1013.3
2012090306,22.4,0,1.4,99.5,79,1013.4
2012090312,27.1,0,2.5,176.7,67,1012.6
2012090318,24.2,0.1,2,100,81.5,1013.8
2012090400,21.4,0,1,353.5,89.7,1014
2012090406,24,0,1.9,321.1,77.5,1014.8
2012090412,29.2,0,4.5,301.8,60.2,1014
2012090418,26.2,0,2.6,290,71.3,1015.5
2012090500,24,0,0.8,341.6,80.2,1015.7
2012090506,23.5,7,2.1,25.5,81.2,1016.9
2012090512,27.8,0,2.2,206.3,60.7,1016.3
2012090518,25.3,0,2.1,342.8,70,1017
2012090600,21.5,0,1,93.5,76.2,1017.8
2012090606,22.7,0,1.8,77,53.7,1018.8
2012090612,27.2,0,2.9,154.2,41.8,1017.8
2012090618,21.7,0,2.2,75.7,67.2,1019.2
2012090700,18.4,0,0.7,38.2,82.2,1019.8
2012090706,22.1,0,0.9,320,70.3,1020.1
2012090712,26.9,0,3.2,177.3,58.5,1018.5
2012090718,23.9,0,2.8,140.3,73.5,1018.4
2012090800,22.4,42,2.3,97.2,85.2,1015.1
2012090806,20.9,30.5,1.7,284,90.8,1014.4
2012090812,27.3,0,3.5,276.6,70,1012.3
2012090818,24.9,0,2.5,316.7,77,1013
2012090900,22.5,0,1.2,75.2,81,1013.2
2012090906,20.5,1.5,1.7,86.6,78.8,1014.5
2012090912,20,11,1.6,105.8,84.2,1013.8
2012090918,19,3,0.9,24.7,89,1013.7
2012091000,18.4,17.5,1.2,43.9,90.5,1012.8
2012091006,18.6,21.5,1.4,35.5,91.2,1013.7
2012091012,21.8,1,3.2,83.5,78.8,1013.8
2012091018,19.3,0,1.8,18.2,82,1015.7
2012091100,17,0,0.9,13.5,90,1015.5
2012091106,20.4,0,1.7,82.1,74,1015.6
2012091112,24.5,0,4.1,136.8,54,1014
2012091118,19.9,0,2,55.3,72,1014
2012091200,17,0,1.4,26.6,86,1013.3
2012091206,20.6,0,0.9,333,73.3,1012.4
2012091212,25.6,0,2.1,239.8,56.2,1010.3
2012091218,21.7,0,1.4,150,73.5,1011.4
2012091300,19.9,0,0.7,11.2,85,1010.9
2012091306,23.5,0,0.9,301.5,66.8,1010.6
2012091312,27.8,0,3.2,236.9,56.2,1008.8
2012091318,24.5,0.5,1.8,316.8,78.7,1009.7
2012091400,21.7,13.5,1.1,62.1,90.8,1010.3
2012091406,20.6,4,1.5,64.9,87.7,1012.5
2012091412,20.4,1.5,2.2,70,85,1013.2
2012091418,18.7,1,1.9,61.3,89,1015.2
2012091500,18.1,1,1.4,26.6,88.3,1015.7
2012091506,17.7,7.5,2,66.6,88.5,1018
2012091512,19.4,1.5,2.1,51.8,86.2,1017.9
2012091518,18.5,18,2,49.1,89.5,1019.2
2012091600,18.1,6.5,2.3,53.3,90.2,1018.3
2012091606,18.8,10,3.2,73.3,89,1017.4
2012091612,20,16,5.8,96.8,87,1013.4
2012091618,19.6,54.5,4.4,76.6,90.5,1009
2012091700,20,61,5.1,72.7,90,1002.8
2012091706,21.6,41.5,9.5,130.1,89.5,994.6
2012091712,22,19.5,7.4,252.8,85.7,989.6
2012091718,21.1,0,3.3,299.6,74.7,996.2
2012091800,18.5,0,1.1,355.4,83.3,1002.3
2012091806,21.2,0,1.5,331.9,73.2,1004.4
2012091812,25.1,0,3.3,313.4,56.2,1003.7
2012091818,21.6,0,2.5,305,70.2,1005.2
2012091900,17.5,0,0.9,1.4,84.2,1006.2
2012091906,20.2,0,1.6,350,69.5,1008.5
2012091912,25.3,0,2.3,15.8,40.7,1008.7
2012091918,20.8,0,1.7,5.2,67.8,1011.4
2012092000,17.1,0,0.7,346.4,84.3,1013.5
2012092006,19.9,0,1.6,5.8,63.2,1015.6
2012092012,24.1,0,3,257.2,44,1014.6
2012092018,19.7,0,1.4,331,69.3,1016.1
2012092100,16.2,0,0.8,13.6,86.2,1016.7
2012092106,19.9,0,0.9,53.8,69.5,1016.7
2012092112,23.4,0,2.3,198.9,57.2,1014.9
2012092118,20.1,0,1.6,60.7,74.8,1015.2
2012092200,16.6,0,0.9,6.6,88.7,1015.1
2012092206,19.1,0,1,352.7,74,1014.6
2012092212,24.3,0,3,193.7,54.5,1012.2
2012092218,20.1,0,1.6,79.5,75.3,1012.5
2012092300,17.2,0,0.8,350.2,86.5,1011.4
2012092306,19.9,0,2,35,63.2,1011.6
2012092312,24.7,0,4.3,100.2,40,1010.4
2012092318,19.4,0,2.3,43.4,69.7,1012.2
2012092400,16.8,0,1.2,17.7,76.3,1013.3
2012092406,19.7,0,2.3,64.5,66.8,1014.9
2012092412,23.9,0,4,106.7,43.2,1014.8
2012092418,18.9,0,2.2,59.8,71.3,1017.2
2012092500,17.9,0,2.1,35,80.2,1018.6
2012092506,20.5,0,3.4,75.3,68,1020.9
2012092512,22.8,0,4.8,133.4,53.2,1021.2
2012092518,19.1,0,2.7,93.4,67.3,1022.5
2012092600,16.4,0,1.2,8.1,78.5,1022
2012092606,19.5,0,1.6,89.4,69.5,1022.8
2012092612,22.7,0,4.5,125,58.8,1021.3
2012092618,19.5,0,2.3,96.8,73,1021.5
2012092700,17.2,0,1.4,13.9,79.3,1020.4
2012092706,20.1,0,1.9,57,73.8,1020.5
2012092712,23,0,4.3,135.1,62.2,1018
2012092718,19.7,0,1.7,51.2,77.8,1017.4
2012092800,16.9,0,1.3,0.7,88.7,1015.8
2012092806,19,0,1.1,328.1,78,1014.6
2012092812,23.5,0,1.9,215,58.3,1011.2
2012092818,19.8,0,1.4,331.9,75.3,1010.7
2012092900,17.4,0,1.8,58.6,68,1010.8
2012092906,18.5,0,1.8,326.9,56.8,1011.4
2012092912,23.3,0,2.6,245,38.8,1009
2012092918,18.5,0,1.9,98.7,55.5,1010
2012093000,14.3,0,1.5,45,65.3,1009.7
2012093006,16.8,0,2.4,44.9,60.3,1009.7
2012093012,21.8,0,3.9,80.2,47.3,1008
2012093018,17.9,0,2.5,67,66,1010.6
2012100100,14.9,0,0.7,6.6,77.8,1012.8
2012100106,17.6,0,1.4,325,66.2,1014.7
2012100112,21.9,0,3.6,156.1,52.5,1014.4
2012100118,17.9,0,1.5,50.6,68.8,1016.2
2012100200,14.3,0,0.6,6.8,86.3,1017
2012100206,17.4,0,1.5,344.6,73.3,1017.7
2012100212,21.5,0,4.1,144.8,56.5,1016.1
2012100218,17.4,0,1.8,58.9,70.2,1016.9
2012100300,14.6,0,1,35,83.2,1016.3
2012100306,18.3,0,2.8,76.8,67.8,1015.7
2012100312,21.3,0,4,105,50.8,1013.3
2012100318,17.2,0,2.5,59.8,65.3,1013
2012100400,15.2,0,1.2,40.4,77.8,1011.8
2012100406,17.9,0,1.4,48.8,68.8,1012.2
2012100412,22.5,0,2.8,155.6,55.2,1011.2
2012100418,17.8,0,1.1,9.4,78.8,1013.6
2012100500,14.7,0,0.7,22.6,89,1015.2
2012100506,17.4,0,1,341.1,74.3,1017.6
2012100512,22.8,0,2.4,204.4,51.7,1016.9
2012100518,19.2,0,1.1,341.1,69.5,1018
2012100600,17.1,0,1.1,349.8,74.2,1018.9
2012100606,18.7,0,2,45.3,69,1020
2012100612,22.7,0,4,125,47.8,1019
2012100618,17.7,0,1.9,34.2,61.3,1021
2012100700,15.4,0,1.9,6.3,79.7,1021.6
2012100706,19,0,4.1,76.5,55.5,1023
2012100712,20.9,0,5.2,125,42.5,1022.4
2012100718,17.1,0,2.8,83.2,57.2,1023.5
2012100800,15.9,0,2,80,63,1022.9
2012100806,17.5,0,2.5,86.9,55.7,1023
2012100812,19.5,0,4.7,128.2,45.5,1021.2
2012100818,15.5,0,2,80,66.5,1021.3
2012100900,12,0,0.5,342.8,80.2,1020.3
2012100906,15.8,0,1.3,251.6,67.8,1019.4
2012100912,20.3,0,3.5,150,51.7,1016.6
2012100918,16.8,0,1.9,74.5,69,1016.4
2012101000,13.6,0,1.3,19.3,81.8,1015.6
2012101006,16.4,0,0.8,338.6,69.2,1014.9
2012101012,23.1,0,2.4,290,44.2,1011.5
2012101018,18.9,0.1,1.6,41.2,65,1012.6
2012101100,14.9,0,1.6,32.3,69,1013.2
2012101106,15.3,0,3.6,70,55.7,1014.9
2012101112,20.2,0,2.9,101.7,41.5,1014.3
2012101118,16.1,0,2.5,80,70.2,1016.8
2012101200,13.9,0,1.7,40.7,76.5,1017.7
2012101206,15.6,0,1.8,25.5,62.7,1018.7
2012101212,20.7,0,2.8,149.6,40.7,1017.1
2012101218,15.4,0,0.7,5,68.8,1018.9
2012101300,12.3,0,1,19.5,83,1019
2012101306,14.5,0,0.9,325,69,1019.3
2012101312,21.7,0,2.2,197.1,38.3,1017.2
2012101318,15.9,0,0.8,357,67.7,1018.2
2012101400,12.2,0,0.6,350.2,82,1017.4
2012101406,15,0,0.5,321.4,71,1018
2012101412,23.4,0,1.2,297.4,39.2,1016.4
2012101418,17,0,1.2,348.5,64,1017.9
2012101500,14.5,0,1.9,43.7,60,1019.2
2012101506,16.9,0,3.4,90.9,38.2,1022.4
2012101512,19.2,0,4.6,153.4,42.2,1021.9
2012101518,14.8,0,2.2,35,64.7,1023.3
2012101600,13.3,0,0.5,335.9,81.3,1022.8
2012101606,17.3,0,2.5,26.6,64.5,1022.7
2012101612,20.3,0,3.4,145,48.8,1019
2012101618,16.1,0,1.2,25.2,69.8,1017.4
2012101700,14.4,0,0.6,2.9,79,1015
2012101706,16,0,0.8,340,73,1012.5
2012101712,19.4,0,3,46.9,57.2,1010.8
2012101718,13.4,0,3.3,63,40.2,1014.2
2012101800,9.7,0,3.1,73,44,1015.9
2012101806,10.8,0,3,62.3,39.5,1017.8
2012101812,17.1,0,3.9,86.9,29.8,1016
2012101818,11.9,0,2,34.2,49.5,1017.7
2012101900,9.9,0,1.7,33.1,53.3,1020
2012101906,13.8,0,2.2,73.4,50.2,1022.4
2012101912,19.9,0,2.4,21.2,37.2,1020.6
2012101918,14,0,1,329.1,64.5,1022
2012102000,9.8,0,0.6,350.2,81.8,1022.5
2012102006,12.8,0,0.6,314.4,65.7,1023
2012102012,21.3,0,2.7,284.4,34.7,1020.1
2012102018,15,0,0.7,3.4,59.5,1021.9
2012102100,11.2,0,0.8,342,76.2,1023.3
2012102106,14.6,0,1.4,313.3,65,1025.2
2012102112,23.2,0,2.7,248,35.8,1023
2012102118,17.1,0,1.1,324.5,67,1022.6
2012102200,13.9,0,0.8,350,78.7,1019.7
2012102206,19.1,0,2.5,310.9,72.3,1016.2
2012102212,21.7,0,6.2,310.1,68.3,1009.7
2012102218,16.3,10,3.4,29.9,68.3,1009
2012102300,13.3,0,2.7,28.4,51.5,1010.2
2012102306,12.8,0,4.3,26.6,41.5,1012.7
2012102312,16.7,0,4.7,24.9,24.2,1014.3
2012102318,12.1,0,2.1,28.8,39.7,1018
2012102400,9.7,0,2.5,64,46.7,1019.2
2012102406,12.2,0,1.1,244,55,1020.4
2012102412,18.5,0,2.9,250.5,41,1018.5
2012102418,14.3,0,1.6,340.5,58.2,1019.8
2012102500,9.6,0,0.7,6.6,79.7,1021
2012102506,12.7,0,1,313.6,66.2,1021.7
2012102512,21.2,0,1.9,200,35.7,1020.4
2012102518,14.9,0,0.6,13.3,65.3,1021.9
2012102600,10.7,0,0.7,344.8,80.2,1022.9
2012102606,13.8,0,0.8,331.8,69.8,1024.2
2012102612,21,0,3,203.1,52.3,1022.5
2012102618,15.5,0,1.2,26.1,80.8,1023.8
2012102700,13,0,0.6,0,88.5,1022.9
2012102706,14,4.5,0.8,346.8,91.3,1021.4
2012102712,15.8,14.5,0.9,15.1,94.5,1016.6
2012102718,17.8,11.5,2,322.9,92.2,1014.3
2012102800,17.4,0,3,357.6,86,1013.4
2012102806,17.7,0,3,26.2,62.7,1016.2
2012102812,21.2,0,5.3,16.7,33.3,1015.6
2012102818,15.6,0,2.1,68,49.5,1018.6
2012102900,11.2,0,1.3,340,66.2,1019.4
2012102906,13.5,0,1.1,35,65.3,1020.2
2012102912,19.1,0,2.3,174.7,52.5,1017.4
2012102918,14.2,0,1.2,32.4,76,1016.6
2012103000,12.2,0,2.1,25.8,73.3,1014.5
2012103006,13.5,0,4.3,53.3,50.7,1014.5
2012103012,15.6,0,3.9,82.3,36.3,1013.8
2012103018,10.6,0,1.8,40.5,72.3,1015.8
2012103100,9.5,0,1.3,51.8,72.3,1015.3
2012103106,9.7,0,2.6,80.5,53.2,1015
2012103112,14.6,0,3.8,46.8,26.2,1012.8
2012103118,9.9,0,1.5,8.6,40.7,1014.5
2012110100,7.7,0,1.1,15,57,1014.8
2012110106,9,0,2.9,23.2,45.7,1016.3
2012110112,12,0,5.3,35,19.8,1018.2
2012110118,8,0,2.5,51.8,26.8,1021.5
2012110200,5.3,0,2.5,80,42.8,1023
2012110206,7.6,0,1.9,86.6,43.8,1024.7
2012110212,13.1,0,2.7,133.3,25.8,1023.4
2012110218,8.1,0,1,25.3,50.3,1025
2012110300,5.8,0,1.2,0,60.5,1025.8
2012110306,9.4,0,1.2,316.9,48.7,1026.4
2012110312,15.4,0,3,160,45,1024.8
2012110318,10.5,0,1.1,58.8,72.2,1025.1
2012110400,7.6,0,0.6,348.4,84.7,1023.9
2012110406,10.3,0,2,349.4,74.8,1022.2
2012110412,15.1,0,3,155.7,62.7,1019.5
2012110418,12.2,10,1.7,60.5,90.2,1017.5
2012110500,11.9,5,1.8,38.7,92.5,1014.4
2012110506,14,0,2,337.1,76.8,1014.8
2012110512,16.6,0,5.1,323.3,40.8,1013.6
2012110518,11.4,0,1.8,353.2,66.7,1014.8
2012110600,8.6,0,1.6,344.8,73,1014
2012110606,11.3,0,3.3,346.6,58.2,1013.5
2012110612,14.8,0,4.3,342.8,40.7,1012.8
2012110618,11.3,0,2.2,353.6,66.7,1014.4
2012110700,9.1,0.1,2.7,68,64.3,1015
2012110706,10.4,0,3.2,22.8,56,1015.2
2012110712,15.2,0,6.1,26.6,41.7,1012.4
2012110718,11.1,0,1.9,54.4,57.5,1015
2012110800,9,0,2.1,56.9,61.2,1015.7
2012110806,11.6,0,2.1,15,53.3,1016.8
2012110812,16.9,0,1.8,79.8,40.3,1015.8
2012110818,12.4,0,0.8,38,60.2,1017.9
2012110900,9.7,0,0.7,341.1,76,1020
2012110906,11.2,0,1,359.3,68.3,1022.7
2012110912,16.6,0,2.8,128.2,48.5,1022.5
2012110918,13.7,0,1.8,87.2,64.3,1025.2
2012111000,14.1,0,2.7,135.1,55.8,1025.8
2012111006,13.9,0,3.5,146.6,51.5,1026.6
2012111012,14.6,0,4,140,51.8,1023.7
2012111018,14.4,0,3,145,65.8,1020.5
2012111100,13.2,3.9,2.6,148.8,84.8,1014
2012111106,13.5,25,1.5,154.3,94.3,1008.4
2012111112,17.5,2,3.7,329.8,65.7,1005.2
2012111118,10.5,0,3.2,340,41.8,1010.6
2012111200,8,0,2.2,281.2,47.8,1013.5
2012111206,10,0,3.3,280.2,45.2,1014.3
2012111212,14.9,0,3.9,336.7,29.7,1011.5
2012111218,10.1,0,1.6,3.4,44.5,1012.4
2012111300,9.4,0,1.6,329.7,48.8,1011.4
2012111306,11,0,2.7,321.8,43.8,1009.4
2012111312,13.4,0,5.3,336.6,27.3,1007
2012111318,6.8,0,1.6,58.9,64.3,1008.5
2012111400,6.4,0,2.4,359.5,50.7,1010.4
2012111406,5.8,0,3.2,42.3,51.7,1013.8
2012111412,8.7,0,3.7,21.6,32.7,1015.5
2012111418,5.7,0,1.7,38.4,45.3,1018.6
2012111500,4.8,0,3.5,35,53.2,1020.7
2012111506,5.5,0,2,80,49.2,1024.9
2012111512,11.2,0,2.3,76.4,39.8,1025.9
2012111518,6.7,0,1.1,28.9,63.3,1028.2
2012111600,3.5,0,0.6,8.5,78.8,1027.9
2012111606,6.6,0,0.7,294.6,67.7,1026.6
2012111612,14.2,0,3.3,291.6,56.3,1021.2
2012111618,11.6,0,0.8,4.3,78.3,1017.8
2012111700,9.1,7.5,0.7,44.3,91.7,1013.2
2012111706,9.3,8,1.4,70,82,1011.8
2012111712,12,0,3.9,21.6,43.2,1011.7
2012111718,7.5,0,2.5,13.4,42.5,1015.7
2012111800,5.2,0,1.9,56.4,48.2,1018.3
2012111806,5.7,0,1.9,85.1,42.8,1021.2
2012111812,11,0,1.4,112.1,27.2,1020.2
2012111818,5.7,0,0.7,350.2,65,1020.4
2012111900,2.2,0,0.4,19.7,78.2,1018.5
2012111906,5.8,0,0.8,0,64.3,1015.9
2012111912,13.5,0,2.9,354.1,38.3,1013.3
2012111918,8.8,0,2.8,63.4,47.2,1016.9
2012112000,4.3,0,2,66.7,50.2,1019.3
2012112006,4.8,0,2.8,40.7,42.2,1021
2012112012,9,0,3.1,45.7,24.5,1020.3
2012112018,5.2,0,1.4,62.3,35.3,1022.5
2012112100,1.7,0,0.7,354.2,52.8,1022.8
2012112106,3.6,0,0.5,353.5,53,1023
2012112112,11.6,0,1.5,216.3,48.2,1019.1
2012112118,9.1,0,0.6,347.4,59,1019.1
2012112200,5.3,0,0.6,30.5,60.5,1018.7
2012112206,6.9,0,1.1,52.1,54.5,1019.4
2012112212,12.8,0,1.8,170,45.8,1016.5
2012112218,8.1,0,0.6,0,74.7,1016.3
2012112300,7.8,0,1.1,45.3,63.2,1015.2
2012112306,9.3,0,1.7,51.4,60.3,1016.1
2012112312,12.7,0,2,90.5,47.2,1014.2
2012112318,8,0,1.4,52.7,64.5,1016
2012112400,5.7,0,1.4,66.7,49.3,1017.6
2012112406,4.8,0,1.6,41.9,49.8,1019.7
2012112412,10.6,0,2.3,43.4,26.7,1019.6
2012112418,4.8,0,0.9,32.9,36.2,1022.2
2012112500,1.6,0,1,11.5,48,1022.8
2012112506,3.6,0,1,338.1,45.2,1022.6
2012112512,12.1,0,2.1,293.2,22.5,1018.2
2012112518,8.4,0,1.4,356.9,33.7,1016.7
2012112600,3.8,1.4,1.4,70,84.5,1012.2
2012112606,5.1,3,2.4,70,78.7,1010.3
2012112612,8.4,0,3.8,37.1,43.5,1011
2012112618,4.2,0,2.5,40.1,38.8,1016.7
2012112700,1.3,0,2,26.6,41.3,1020.7
2012112706,2.7,0,1.8,47.9,35.7,1023.4
2012112712,8.5,0,1.9,12.1,22,1021.9
2012112718,2.4,0,0.6,6.5,46.2,1022.4
2012112800,-0.7,0,0.6,345.2,69.5,1020.9
2012112806,3.3,0,1.3,317.6,71.7,1018.6
2012112812,14.3,0,4.4,321.8,38.8,1014.3
2012112818,11.1,0,1.5,313.2,51,1015.8
2012112900,6,0,2.2,86.6,56,1018.9
2012112906,5.2,0,1.1,74.4,50,1021.4
2012112912,9,0,1.4,83.5,29.7,1021.3
2012112918,3.8,0,1.1,25.6,34.2,1022.2
2012113000,0.7,0,0.8,327.1,48.3,1022.4
2012113006,3.5,0,1,16.7,31.3,1023.6
2012113012,9.1,0,1,83.2,37.3,1021.8
2012113018,3.9,0,0.6,28.1,59,1022.7
2012120100,1.9,0,1.5,46.9,57.7,1024
2012120106,2,0,2.9,56.6,36.7,1027.8
2012120112,6.3,0,2.8,76.4,58.2,1026.6
2012120118,4.4,0.2,2.5,70,76.2,1027.6
2012120200,5.5,0,1.1,95.5,65.3,1025.4
2012120206,5.4,0,1.4,17.8,75,1024
2012120212,9,0.5,0.8,46.9,67.5,1021.4
2012120218,5.9,0,1,39.1,74.8,1021.9
2012120300,2.5,0,0.6,14.7,83.8,1020.4
2012120306,4.2,0,1,338.6,76.8,1017.8
2012120312,12.1,0,3.5,329.8,49.2,1011.5
2012120318,8.9,0,3.8,338,49.3,1010.8
2012120400,4.4,0,2.8,3.4,44,1013.4
2012120406,2.3,0,2.3,23.2,32,1018.2
2012120412,4.7,0,3.5,13.4,19,1018.4
2012120418,1,0,0.7,25.6,41.7,1020.3
2012120500,-0.1,0,1,40.4,49.5,1021.5
2012120506,1.7,0,0.9,0,38,1021.6
2012120512,6.3,0,3.3,263.6,38.5,1014.2
2012120518,3.2,2.5,3.4,357.6,75.8,1009.9
2012120600,-0.9,0,3.2,26.6,60.3,1017.5
2012120606,-2.3,0,2.7,35,40.7,1023.5
2012120612,1.5,0,2.6,45.1,25.5,1024
2012120618,-1.8,0,0.5,354.9,47.2,1025.1
2012120700,-3,0,0.8,330.8,63.2,1024.8
2012120706,-1,0,0.9,336.8,56.8,1023.6
2012120712,1.4,0.4,0.9,342.4,79.3,1017
2012120718,-0.2,0,0.5,25.2,89.7,1014.3
2012120800,1.4,0,3.5,25.5,56.7,1016.2
2012120806,-0.6,0,2.3,51.8,56,1020.2
2012120812,2.4,0,3.9,330,44.8,1016.7
2012120818,-1.3,0,2,48.4,51.8,1017.2
2012120900,-4.8,0,1.8,98.4,57.3,1016.8
2012120906,-3.8,0,3.5,19.3,38.3,1017.9
2012120912,0.2,0,2.8,15.6,29.3,1017.2
2012120918,-2.9,0,2.2,29.1,46,1019.5
2012121000,-4.1,0,4,42.3,45.3,1021
2012121006,-2,0,4.8,40.1,44.8,1022.2
2012121012,3,0,3,40.1,25,1021.2
2012121018,-1.6,0,2.3,63.4,32.5,1023.5
2012121100,-4.7,0,2.2,76.5,43.3,1024
2012121106,-3,0,1.9,70,43.7,1024.5
2012121112,4,0,2.5,40.1,22.3,1023.1
2012121118,-0.7,0,1.2,76.5,34.3,1024.9
2012121200,-4.1,0,0.7,41.8,50.7,1026
2012121206,-2,0,0.9,91.3,50.8,1027.8
2012121212,6.5,0,1.5,80,19.2,1027.1
2012121218,0,0,0.8,259.5,36.5,1029.8
2012121300,-3.8,0,0.7,324.2,56,1031.1
2012121306,-1.1,0,0.7,314.4,45.8,1031.8
2012121312,11.3,0,1.4,287.7,14,1029.1
2012121318,3,0,0.6,350.2,38.5,1029.4
2012121400,0.6,0,0.4,2,52.5,1028.2
2012121406,2.6,0,0.5,339.1,63.8,1025.5
2012121412,6.2,7,0.6,355,91.3,1018.8
2012121418,8,13,0.6,0.6,95.5,1013.5
2012121500,6.5,0,0.6,19.3,96,1012.9
2012121506,6.2,0,0.5,28.7,96.7,1014.9
2012121512,8.1,0,1.1,83.2,87.8,1015.6
2012121518,6.8,0,1.4,59.8,84,1018.4
2012121600,4.3,0,2,65.8,79.5,1020.5
2012121606,4.3,0,1,322,78.5,1022.2
2012121612,11.2,0,1.4,113.1,57,1020.5
2012121618,9.1,0,1.3,58.7,65.5,1020.7
2012121700,6.5,0,0.9,333.9,79.7,1019.1
2012121706,6,0,0.6,317.9,79.8,1018
2012121712,10.2,0,2.1,29.9,53.7,1016
2012121718,4.7,0,2.8,63.4,53.8,1017.3
2012121800,1.3,0,4.8,37.1,50.5,1018.7
2012121806,-0.7,0,4.6,40.1,35.5,1020.9
2012121812,2.5,0,3.9,45.1,24,1020.3
2012121818,-1.7,0,2.5,63.2,34.7,1022.7
2012121900,-5.1,0,1,70,45.5,1024
2012121906,-3.7,0,1.1,66.6,44.7,1025.7
2012121912,3.5,0,1.7,73.4,22.8,1024.8
2012121918,-1.6,0,0.8,117.6,33.8,1027.3
2012122000,-3.4,0,0.8,70,34.2,1028.2
2012122006,-0.4,0,1.8,85.6,22.8,1029.3
2012122012,7.3,0,1.8,91.8,17,1029
2012122018,1.7,0,0.8,21.1,34.5,1029.9
2012122100,-0.2,0,0.9,16.5,48.7,1027.7
2012122106,1.5,0.5,0.4,8.6,75,1025.5
2012122112,3,13,0.6,320.2,93.8,1019.5
2012122118,3,10.5,0.5,14.7,94.3,1017.3
2012122200,3.5,0,1.2,20.1,91.7,1016.3
2012122206,4.2,0,2.3,76.6,69.3,1018
2012122212,5.3,0,3.4,46.3,49.7,1018.8
2012122218,0.9,0,1.3,40.4,55.5,1022.1
2012122300,-0.5,0,3.1,60,44.7,1022.3
2012122306,-1,0,4.7,29.9,41,1023.2
2012122312,-0.5,0,3.6,26.6,27,1024.5
2012122318,-4.9,0,2.5,18.2,33.8,1026.8
2012122400,-7.2,0,2.8,23.2,36.2,1026.6
2012122406,-5.6,0,2.8,53.9,41,1028.7
2012122412,-0.2,0,3.3,48.4,26.5,1026.1
2012122418,-3.9,0,0.9,38.6,43.7,1026.1
2012122500,-5.8,0,0.5,10,63.3,1025.2
2012122506,-3.1,0,0.6,340,65,1025.6
2012122512,3.9,0,3.3,13.1,28.8,1025.3
2012122518,-2.1,0,2.9,60,20.8,1029.1
2012122600,-7,0,2,70,29.2,1031.4
2012122606,-6.9,0,1.9,101.9,29.2,1033.1
2012122612,0.6,0,2,101.7,14.8,1031.1
2012122618,-3.8,0,0.9,71.5,23.3,1031.6
2012122700,-7.2,0,0.8,13.4,38,1030.9
2012122706,-4,0,0.9,320.7,31.7,1030.2
2012122712,6.2,0,1.4,119.5,13.2,1027.7
2012122718,1.1,0,0.4,7.7,30.2,1027.3
2012122800,0.1,0,0.5,3.4,48.7,1026
2012122806,-0.2,6,0.6,11.9,93.3,1023.1
2012122812,2.3,9,0.8,21.3,88.2,1019.9
2012122818,1.9,0,0.6,36,90.3,1022.6
2012122900,0.3,0,0.8,23.2,93,1024.9
2012122906,2.7,0,0.6,357,88.3,1022.7
2012122912,6.7,0,0.5,43.5,78.5,1019.7
2012122918,3.5,0,0.7,329.2,88,1016.8
2012123000,3.3,0.6,1.8,38.2,82,1014.3
2012123006,2.5,0,2.7,26.6,64,1013.1
2012123012,0.5,0,3.9,24.9,34,1012.4
2012123018,-3.1,0,4.8,24.9,33.8,1015
2012123100,-4.9,0,2,40.1,47.3,1017.7
2012123106,-5,0,2.1,7.7,42.8,1020.4
2012123112,0.3,0,1.8,348,31.7,1019.4
2012123118,-2.6,0,0.8,7,50.5,1020.9
2013010100,-5.5,0,0.6,357,70.8,1021.9
2013010106,-4.4,0,0.8,300,73.3,1020.7
2013010112,5.7,0,4.4,332.3,46.8,1017.3
2013010118,2.8,0,1.9,343.3,49,1020.5
2013010200,1.4,0,1.2,335.7,60.5,1020.3
2013010206,0.1,0,4,40,52.5,1024.3
2013010212,0.4,0,3.2,40.1,29.7,1027.2
2013010218,-4.4,0,2.6,41.5,32.2,1031.5
2013010300,-7.2,0,4.1,35,33.8,1032.5
2013010306,-6.7,0,3.8,35,29.8,1033.3
2013010312,-3,0,3.2,40.1,20.8,1032
2013010318,-6.7,0,3.1,63.4,29,1032.5
2013010400,-9.3,0,1.8,81.7,44.2,1032.6
2013010406,-7.5,0,1.8,76.6,42.7,1031.4
2013010412,0,0,1.9,90,23.3,1028.1
2013010418,-4.4,0,1.1,58.5,33.8,1027.3
2013010500,-7.7,0,0.8,13.4,47.7,1025.6
2013010506,-4.8,0,0.9,337.9,36.8,1024.7
2013010512,2.8,0,3,48.4,23,1021.8
2013010518,-0.9,0,2.8,26.6,42.3,1023.3
2013010600,-3.5,0,1.1,56.1,55.5,1023.6
2013010606,-2.5,0,1.1,48.4,54.7,1024.6
2013010612,4.4,0,1.1,38.6,24.5,1022.5
2013010618,-0.9,0,1,70,36.3,1023
2013010700,-3.4,0,1.1,36.7,37,1022.8
2013010706,-1.2,0,1.3,24.9,29,1023.5
2013010712,6,0,1.9,118.4,15.7,1020.5
2013010718,0.1,0,1.3,73,28.3,1021.9
2013010800,-2.6,0,0.7,33.5,48.3,1022.8
2013010806,-0.6,0,0.6,37.2,44.8,1024
2013010812,6.2,0,1.8,65.7,21.3,1021.3
2013010818,1,0,2,35,28.2,1021.9
2013010900,-1,0,4,50,32.3,1022.8
2013010906,-2.8,0,3.5,35,36.5,1024.1
2013010912,0.7,0,3.8,29.9,18.8,1022.2
2013010918,-3.3,0,3.1,10,25,1024.4
2013011000,-5.7,0,2.5,51.8,23,1025.5
2013011006,-3.8,0,4.1,40.1,25.2,1027
2013011012,1.2,0,3.5,40.1,17.3,1027
2013011018,-3.1,0,1.4,74.1,27.2,1029.5
2013011100,-6.3,0,1.1,44.7,37.7,1030.6
2013011106,-4.8,0,1.1,344.9,42.2,1031.2
2013011112,4.5,0,1.5,191.9,22.7,1027.6
2013011118,0.5,0,0.9,22.4,37.3,1026.9
2013011200,-1.4,0,0.5,38.3,50.8,1026
2013011206,0.2,0,0.8,7.4,49.2,1025.2
2013011212,10.2,0,2.1,328.1,29.3,1022.2
2013011218,3.1,0,0.6,351.6,59,1023.8
2013011300,-1,0,0.8,353.4,74.8,1024.9
2013011306,0.6,0,0.9,328.4,64.7,1024.7
2013011312,6.3,0,1.1,64.9,49.2,1022.2
2013011318,6,0,1.7,63.4,67,1020.5
2013011400,4.1,0,2.4,63.4,73.2,1018
2013011406,3.1,0,1.4,65.6,69.5,1016.5
2013011412,7.8,0,3.8,29.9,27.2,1015.1
2013011418,2.6,0,1.8,48.4,47,1020.7
2013011500,-0.9,0,0.8,358.8,61.8,1024.6
2013011506,0.3,0,0.8,353.4,62.8,1026.1
2013011512,7.1,0,1.6,173.5,45.7,1024.1
2013011518,2.9,0,0.8,348.3,65.3,1023
2013011600,-0.9,0,0.3,0,82.5,1022.2
2013011606,1.3,0,1.1,80,51.7,1022.8
2013011612,7,0,2.7,45.7,38.2,1020.3
2013011618,2.4,0,2,70,64.3,1021.8
2013011700,-0.4,0,2.3,63.9,60.3,1023.1
2013011706,-1.4,0,2.4,51.8,57.7,1024.6
2013011712,2.2,0,3.3,66.7,51.3,1024.1
2013011718,-0.8,0,1.8,58.5,54,1027.7
2013011800,-4.4,0,1.9,66.6,65,1029
2013011806,-2.9,0,1.1,57.4,56.7,1030.2
2013011812,5.4,0,1.6,88,20.5,1026.9
2013011818,0.1,0,0.7,7.7,29.7,1027.1
2013011900,-1.5,0,1.8,38.3,44.2,1026.8
2013011906,0.5,0,2.4,19.3,51,1028.6
2013011912,6.7,0,2.4,15.8,32,1027
2013011918,1.9,0,0.9,4.5,52.7,1029.2
2013012000,-1.6,0,0.8,1.8,72.8,1030.8
2013012006,0.1,0,0.9,309.2,69.7,1032.7
2013012012,8,0,1.8,162,52.2,1031.8
2013012018,6.8,0,0.8,42.4,63.3,1031.2
2013012100,5.1,0,0.9,10,81.8,1029
2013012106,5.2,4.5,1,57.9,93.7,1026.7
2013012112,7,11,1.2,120.2,92.3,1020.7
2013012118,6.3,3,0.4,356.7,95.5,1016.7
2013012200,5.9,2,0.5,1.3,94.5,1015.7
2013012206,5.9,0.5,1.5,49.1,88.8,1018.9
2013012212,6.3,0,2.3,66.7,79,1020.7
2013012218,4.8,0,1.9,56.6,78.2,1022
2013012300,4.3,0,1.6,53.3,74.7,1021.3
2013012306,4.1,0.5,0.9,52.7,77.8,1019.9
2013012312,5.3,0.5,0.9,70,81.7,1017.8
2013012318,4.2,0,0.4,36,86.8,1017.7
2013012400,0.6,0,0.9,328,95.5,1016.4
2013012406,1.2,0,0.9,6,82.3,1015.5
2013012412,7,0,3.6,357.3,47.5,1012.7
2013012418,4.2,0,2.8,357.2,49,1011.9
2013012500,-1.7,0,5.3,6.6,29.3,1015.8
2013012506,-2.2,0,3.2,11.5,20.2,1018.6
2013012512,1.4,0,3.3,21.6,16,1017.3
2013012518,-2,0,2.3,28.5,22.2,1018.1
2013012600,-5,0,0.9,118.5,31.2,1018.5
2013012606,-3.7,0,1.8,348.2,22.5,1019.2
2013012612,0.7,0,3.2,38.2,15.5,1019.1
2013012618,-2.5,0,1.9,76.3,26.7,1021.6
2013012700,-4.8,0,3,29.9,36.3,1023
2013012706,-3.9,0,2.6,46.3,39,1022.8
2013012712,0.5,0,4.4,23.7,29.8,1021.2
2013012718,-2.4,0,2.2,49.8,39.5,1023.2
2013012800,-4.2,0,2.9,66.6,49.5,1024.9
2013012806,-2.2,0,1.8,60,41.8,1026.2
2013012812,6.2,0,2.9,35,20.3,1024.8
2013012818,1.7,0,1.3,57.4,40.2,1026.2
2013012900,-2.3,0,0.7,349.8,66.8,1027
2013012906,-0.4,0,0.5,331.9,65.5,1027.8
2013012912,9.1,0,1.9,174,38.7,1026.2
2013012918,4.2,0,0.6,15.2,50,1027.3
2013013000,0,0,0.4,0,70.8,1028.8
2013013006,1.8,0,0.5,319,71,1030.6
2013013012,11.3,0,1.9,191.9,41,1029.8
2013013018,6.1,0,0.9,2.1,70.8,1031.4
2013013100,2.5,0,0.4,13.3,83.5,1031.8
2013013106,3.4,0,0.4,346.4,80.5,1032.8
2013013112,12.3,0,1.5,222.9,55.5,1030.8
2013013118,8.6,0,0.9,9.4,71.7,1030.6
2013020100,6.3,0,0.5,3.3,85.5,1027.6
2013020106,8,3,1.1,339.2,93.7,1024
2013020112,11.9,7,4.7,276.6,90.2,1017
2013020118,12.1,4.5,1.5,325.9,91.7,1015.1
2013020200,9.6,0,2.2,13.9,80.7,1017.4
2013020206,8.6,0,3.8,50,41.5,1021
2013020212,11.3,0,3.6,45.1,14,1022.1
2013020218,4.8,0,2.5,77.6,24.3,1025.9
2013020300,0.3,0,2.2,75.8,31.3,1027.6
2013020306,1,0,0.8,334.4,38.3,1028.6
2013020312,6.7,0,0.4,4.3,46.2,1024.2
2013020318,5.3,0,0.5,19,67.5,1020.8
2013020400,3.3,1.6,0.5,29.4,89.3,1016
2013020406,3.6,0.5,0.8,29.4,92.2,1013.6
2013020412,9.1,0,3.2,48.4,54.7,1015.6
2013020418,3.8,0,1,15.2,63,1022.5
2013020500,1.6,0,0.6,333,70.5,1024.5
2013020506,3.1,0,0.4,350,71.7,1024.2
2013020512,6.7,0,2,128,73,1020.3
2013020518,5.2,1,1.3,72,81.2,1017.8
2013020600,4.3,0,1,340.1,87.7,1014.7
2013020606,5,0,1.2,28.1,79.7,1015.8
2013020612,7.8,0,3.1,24.9,49.8,1014.9
2013020618,2.3,0,3.3,63.2,59.2,1016.2
2013020700,-0.1,0,1,341.6,53.2,1016.9
2013020706,0.6,0,2.1,349.8,46.5,1017.5
2013020712,-1,0,4.6,50,19.3,1019.5
2013020718,-6.8,0,4,40.1,23.7,1024.1
2013020800,-10,0,3.1,32.9,34,1026.9
2013020806,-9.9,0,2.6,55.3,33.3,1030.3
2013020812,-0.5,0,2.1,66.7,30.7,1028.4
2013020818,-3,0,1.1,40.4,42.2,1028.4
2013020900,-5.3,0,0.4,355.3,49,1028.2
2013020906,-3.6,0,1.8,94.7,33.8,1027.2
2013020912,3.1,0,1.9,73.2,15.5,1023.7
2013020918,-1,0,2,66.6,35,1024.5
2013021000,-3.5,0,1.2,52.3,44.7,1024.8
2013021006,-0.7,0,2,89.4,45.2,1025.3
2013021012,7.2,0,1.7,64.5,29,1022.8
2013021018,1.5,0,1.1,78.4,52,1024.3
2013021100,-1.8,0,1.9,76.8,46.5,1026.4
2013021106,-1.9,0,1.7,49.1,34.2,1029.8
2013021112,4.7,0,2.3,136.9,30.3,1029.4
2013021118,1,0,0.7,17.9,57,1029.8
2013021200,-0.5,0,0.4,346.9,66.8,1028.6
2013021206,0.7,0,0.6,330.7,68.2,1025
2013021212,3.9,0,1.2,84.1,71.3,1020.5
2013021218,0.1,0.3,2.5,51.8,60.5,1022.5
2013021300,-2.2,0,2.3,40.4,54.8,1025.5
2013021306,-1.4,0,1.3,88,55.5,1027.8
2013021312,6.5,0,1.8,230,24.8,1025.9
2013021318,2.1,0,1.1,341.6,45.7,1026.3
2013021400,0.6,0,0.8,14.6,48.8,1026
2013021406,2.5,0,1.4,354.8,45,1025.4
2013021412,9.2,0,1.8,246.1,24.7,1022.2
2013021418,6.1,0,0.8,26.8,42.7,1020.9
2013021500,4.2,0,0.7,31.6,47.2,1019
2013021506,4.7,0,1.6,54.1,34.2,1019.3
2013021512,8.7,0,3.3,48.4,20,1018.7
2013021518,2.4,0,2.9,38.2,15.2,1021.2
2013021600,-2.3,0,1.8,56.6,31.7,1024.1
2013021606,-1.4,0,1.1,73.4,31.2,1026.6
2013021612,5.5,0,2.1,109.3,13.7,1026
2013021618,1,0,1.1,68.8,41.8,1027.5
2013021700,-1,0,0.5,356.4,53,1025.9
2013021706,0.6,0,0.7,341.2,55.3,1025.4
2013021712,7.2,0,1,333.6,50.7,1020.3
2013021718,5.2,0,0.7,3.4,74.8,1018.4
2013021800,4,4,0.5,346.9,93,1014.4
2013021806,4.4,4,2,43.8,89.8,1014.8
2013021812,5.6,0.5,1.6,66.6,76.5,1015.5
2013021818,4.2,0,1.3,46.8,76.3,1018.2
2013021900,3.1,0,1.7,48.1,80.2,1018.6
2013021906,1.9,0,3.1,63.4,74.8,1020.8
2013021912,4.2,0,1.7,66.7,57.8,1020.8
2013021918,1.8,0,1.8,29.9,28.5,1022.4
2013022000,-2,0,2.4,51.8,26.2,1024.2
2013022006,-1.3,0,1.9,73.7,29.2,1026.7
2013022012,4.4,0,3.2,18.6,14.5,1026.3
2013022018,0.9,0,0.8,10,25.5,1027.2
2013022100,-0.8,0,1.3,45.7,37.7,1029.1
2013022106,0.3,0,1.2,349.7,42.8,1029.9
2013022112,6.3,0,2.9,45.1,17.3,1027.2
2013022118,2.8,0,1,40.2,25.8,1027.2
2013022200,-0.4,0,1.1,313.4,44.5,1027.3
2013022206,1.9,0,1.1,308.9,42.2,1026.4
2013022212,8.6,0,3.8,340,35.3,1023
2013022218,5,0,2.3,54.9,54.7,1023.9
2013022300,0.7,0,2,31.8,39.8,1026.1
2013022306,0.9,0,2,63.2,30.2,1027.5
2013022312,7,0,3.9,45.1,12.7,1024.7
2013022318,2.6,0,1.3,46.8,25,1025.7
2013022400,0.5,0,2.5,35,40.3,1028.2
2013022406,2.2,0,2,0,34.2,1029.9
2013022412,9.2,0,2.3,13.8,16.2,1027.7
2013022418,5.8,0,1.4,73.3,24.2,1028.3
2013022500,2.6,0,0.5,10,38.8,1029.1
2013022506,4,0,1.4,296.4,39.8,1029.9
2013022512,10.4,0,2.3,193,20.7,1027.9
2013022518,5.4,0,1,41.1,45.3,1027.8
2013022600,1.9,0,0.4,342.8,63.5,1026.8
2013022606,4.5,0,0.5,325,58.8,1024.4
2013022612,10.1,0,1,315,52.3,1019.4
2013022618,6.9,0,0.7,2,67,1017.1
2013022700,2.5,0,0.4,346.4,84.2,1016
2013022706,6.6,0,1.2,29.6,62.7,1016.7
2013022712,14.1,0,2.1,192.3,29.7,1015.8
2013022718,8.6,0,1,160.9,58.5,1017.8
2013022800,4.7,0,0.8,351.9,62.7,1019.3
2013022806,7.1,0,0.9,299.4,42.3,1019.5
2013022812,16.4,0,3,247.1,24.2,1016.6
2013022818,11.7,0,1.6,290.4,34.2,1014.3
2013030100,12.1,0.3,2.7,316.3,67.8,1009.7
2013030106,11.6,6.2,1.8,39.2,84.2,1007
2013030112,10.6,0,4.2,29.9,27,1009.6
2013030118,3.7,0,3.5,35,29.3,1016
2013030200,-0.9,0,2.9,45.1,50.5,1021
2013030206,0.3,0,2.1,35,45.5,1024.9
2013030212,6.6,0,2.5,120.5,28.7,1024.1
2013030218,2.9,0,1.2,111.3,50.3,1025.5
2013030300,-0.8,0,0.6,11.2,68.7,1025
2013030306,2.2,0,0.6,343.5,54.3,1023
2013030312,9.6,0,3.2,96.5,13.7,1019
2013030318,5.3,0,1.9,66.6,22.3,1019.6
2013030400,2.3,0,1.8,49.8,39.3,1019.6
2013030406,4.2,0,1.2,102.4,37.8,1019.6
2013030412,11.3,0,1.9,333,20.8,1017.5
2013030418,7.9,0,1.6,56.6,31,1020.3
2013030500,3.6,0,0.9,54.3,39.3,1023.7
2013030506,4.9,0,1.3,307.1,45.2,1025.4
2013030512,15.8,0,2.5,274.8,14,1021.7
2013030518,10.1,0,2.2,343.1,29.3,1021.3
2013030600,3.8,0,0.5,355.8,53.5,1022
2013030606,4.9,0,1.1,300.7,51.8,1022.9
2013030612,18.3,0,2.8,294.7,19.7,1019.5
2013030618,12.7,0,1.6,313.8,35.5,1018.7
2013030700,10.4,0,1.4,301,46.3,1016.4
2013030706,14.2,0,5.4,305,42.8,1013.9
2013030712,15.9,0,4.1,301.8,54.5,1010.6
2013030718,12.6,0,2,344,70.5,1010.1
2013030800,8,0,0.7,6.8,75.5,1010.6
2013030806,9.3,0,0.8,340,59.2,1009.8
2013030812,20,0,5,330,22.7,1005.8
2013030818,15.7,0,1.9,348.5,41.5,1008.6
2013030900,8.8,0,1,340,57.5,1012
2013030906,11.9,0,0.6,338.7,46,1011.7
2013030912,23,0,4.6,276.8,22.5,1007.2
2013030918,19.1,0,3.1,280.6,41.5,1004.7
2013031000,18,0,3.6,329.7,43.2,1004.7
2013031006,11.2,0,2.6,103.6,51.7,1013.9
2013031012,11.6,0,3.5,166.6,51,1016.9
2013031018,6.9,0,1.3,108.6,73.3,1020.4
2013031100,3.5,0,1.1,35.8,51.8,1023.8
2013031106,5.9,0,1.1,295,49,1025.7
2013031112,10.2,0,2.5,177.6,49.8,1024.2
2013031118,7.1,0,1.8,295,63.2,1023.5
2013031200,2.8,0,0.5,353.6,81.5,1021.8
2013031206,6.3,0,0.8,323.9,68.3,1020
2013031212,18.1,0,3.9,262.4,21.5,1014
2013031218,14.8,0,3.2,276.8,59.7,1011.6
2013031300,15.6,4,3.4,290,89,1006.5
2013031306,12.5,3,1.7,150,90.7,1006.2
2013031312,6.4,6,1.4,76.6,88.7,1012.6
2013031318,5.2,0,2.5,86.7,76.5,1019.8
2013031400,3.6,0,2.5,70,71.7,1025
2013031406,4.3,0,1.9,99.5,65.3,1028.2
2013031412,6.1,0,2.4,136.8,55.3,1028
2013031418,3.7,0,1.1,3.5,67.3,1028.1
2013031500,0.4,0,0.2,0,86.2,1026.9
2013031506,4.5,0,0.7,334.6,72.2,1025.9
2013031512,14.1,0,2.6,176.9,44.8,1022.1
2013031518,9.5,0,1.1,26.5,68.3,1021.6
2013031600,5.7,0,0.9,350,73,1021.8
2013031606,9.4,0,1.7,20,33.2,1022.9
2013031612,17.5,0,2.5,340.7,15.2,1021.1
2013031618,11.1,0,1.3,147.3,60,1022.2
2013031700,5.3,0,0.4,346.9,75.2,1021.8
2013031706,8.5,0,0.6,335.2,62.8,1019.5
2013031712,16.8,0,4,276.6,25.8,1013.3
2013031718,12,1,2.1,314.4,70.8,1009.1
2013031800,13,36.5,1.5,70,94.7,1001.1
2013031806,10.6,19,1.2,118.6,86.3,1001.6
2013031812,15.9,0,2.5,203.1,68.2,1002
2013031818,13.1,0,0.9,35,83.8,1003.5
2013031900,10.2,0,1.4,107.7,74.3,1008.2
2013031906,11.1,0,1.3,80,62.7,1013.5
2013031912,15.9,0,3.1,199.3,56,1012.1
2013031918,14.6,0,1.1,281.9,57.5,1011
2013032000,12.7,0,1.1,125,70,1009.8
2013032006,10.3,0,1.5,116.2,83.2,1008
2013032012,10.8,0,2.5,97.9,67.7,1006.1
2013032018,5.6,0,2.5,58.5,38,1013.3
2013032100,-0.2,0,1.9,60,43.2,1017.9
2013032106,2.1,0,1,62.5,37,1019.4
2013032112,10.2,0,2.5,249.6,31.2,1016.1
2013032118,6.6,0,1.2,329.9,43.7,1014.4
2013032200,2.7,0,0.4,11.2,65.2,1012.4
2013032206,6.6,0,1.1,195,47.8,1011.2
2013032212,14.4,0,1.6,300.8,18.7,1008.8
2013032218,10,0,2.2,58.5,31.2,1011.7
2013032300,5.5,0,1,59.7,59.3,1014.5
2013032306,7.8,0,1.1,51.7,55,1016.9
2013032312,12.6,0,3.5,180,53,1014.5
2013032318,10.4,0,2,290,65.8,1013.6
2013032400,7.5,0,0.7,326.9,79.8,1012.5
2013032406,9.3,0,0.8,303.3,67,1011.2
2013032412,15.3,0,2.8,215,33.2,1009
2013032418,9.3,0,1.7,97.4,60.8,1011.3
2013032500,6.5,0,1.5,70,68.3,1012.5
2013032506,7.2,0,1.6,59.8,43.5,1014.3
2013032512,11.1,0,3.6,71.3,29.3,1013.8
2013032518,5.6,0,1.9,70,64,1018.6
2013032600,2.6,0,0.8,2.1,74.2,1020.9
2013032606,5.6,0,0.9,320.7,44.8,1022.7
2013032612,12.3,0,2.8,211.4,41.5,1019.8
2013032618,9.1,0,1.7,300.5,53.5,1019.5
2013032700,5.2,0,0.5,353.6,72.7,1018.5
2013032706,9.2,0,0.8,322.9,62.2,1017.5
2013032712,16.2,0,3.8,206.6,46,1013.9
2013032718,11.8,0,1.8,302,64.8,1013.2
2013032800,8.3,0,0.6,7.7,76.2,1013.7
2013032806,12.8,0,1.1,236.2,45.5,1014.5
2013032812,18.5,0,2.9,190.1,29,1013
2013032818,12.9,0,1.5,316.5,50.7,1013
2013032900,10.4,0,2,56.1,47.3,1014.7
2013032906,9.9,0,2.2,95.5,44.7,1017.9
2013032912,11.8,0,3.8,146.6,44.2,1017.4
2013032918,8.5,0,1.8,90,62.8,1020.5
2013033000,4.7,0,0.9,43.4,74.3,1022
2013033006,8.4,0,0.9,45.1,62.3,1022.3
2013033012,13.4,0,3.3,215,46.5,1019.6
2013033018,11.2,0,1.5,145.6,60.3,1019.9
2013033100,7.8,1.5,1.2,83.4,84,1020
2013033106,8.2,0.5,2.1,58.8,68.7,1021.9
2013033112,11.6,0,3.6,115,45.7,1022.2
2013033118,8.3,0,1.9,135.6,61,1024
2013040100,4.3,0,0.5,338.1,79.3,1024.3
2013040106,8.3,0,1.2,303.4,66.5,1024.2
2013040112,15,0,3.4,193.6,35.5,1020.2
2013040118,11.4,0,1.4,348.2,58.3,1018
2013040200,7.8,0,0.4,346.4,75,1014.5
2013040206,10.3,0,0.9,307.7,70,1012
2013040212,15.6,0.3,2.8,167.4,59.7,1008.2
2013040218,9.3,0.7,2.4,61.3,67.3,1010.7
2013040300,6.6,0,2.1,63.4,69.8,1013
2013040306,10.6,0,2.5,43.4,52.5,1014.5
2013040312,18.8,0,3,148.6,30.5,1011.7
2013040318,14,0,0.6,340,56.7,1012.7
2013040400,10.8,0,0.7,13.6,42.2,1014.6
2013040406,13.9,0,2,155,36,1017.3
2013040412,16,0,3.6,153.4,44.5,1017.1
2013040418,10.5,0,1.6,93.3,69.3,1018.7
2013040500,7.3,0,1.1,13.1,80.3,1018.7
2013040506,10.5,0,1.2,230.8,70.3,1018.1
2013040512,16.7,0,2,211.8,52.7,1014.1
2013040518,12.8,0,0.8,52.5,71.3,1012.3
2013040600,11.6,0.4,0.5,0,81.7,1006.9
2013040606,11.5,23.6,1.9,60,89.5,1000.1
2013040612,11.2,12.5,2.6,60,87.5,994.2
2013040618,9.8,4,2.2,58.8,85.2,993.6
2013040700,3.5,10,2.2,73.4,87.8,996.5
2013040706,5.5,0.5,2.3,37.7,73.7,1001.7
2013040712,10.6,0,2.8,12.4,43.3,1004.3
2013040718,7.9,0,1.1,28.7,46.8,1008.2
2013040800,4.7,0,1.4,55.3,48.2,1011.5
2013040806,9,0,1.3,57.9,38.7,1013.4
2013040812,16.6,0,2.6,206.4,31.7,1011.9
2013040818,13,0,3,331.9,37.2,1011.7
2013040900,9.2,0,1.9,343.7,47.3,1011.6
2013040906,10.5,0,1.6,11.5,37,1012.8
2013040912,15.1,0,4.3,350,13.8,1010.9
2013040918,9.7,0,4.2,346.6,19.8,1014.5
2013041000,5,0,2.1,32.3,38.8,1017.1
2013041006,5.8,0,2.6,11.7,38.5,1017.8
2013041012,10,0,3.5,1.3,27,1015.4
2013041018,6.5,0,1.3,13.1,40.2,1016.6
2013041100,4.2,0,1.1,1.9,46,1016.8
2013041106,7.6,0,3.5,353.2,44.2,1017.1
2013041112,13.1,0,3.9,333.4,18.2,1014.3
2013041118,9.9,0,2.5,356.6,21,1015.5
2013041200,5.5,0,0.8,3.9,31.5,1017.4
2013041206,7.3,0,2,15,32.3,1018.8
2013041212,13.1,0,2.5,51.5,21.2,1016.8
2013041218,9.5,0,1.2,38.7,35.7,1017.2
2013041300,4.4,0,0.9,6.6,57.5,1018
2013041306,9.4,0,1.4,294.7,42.3,1017.6
2013041312,19,0,4.8,288.2,17.5,1012.9
2013041318,14.1,0,4.5,294.9,44.5,1010.9
2013041400,14,0,3.5,298.5,59.8,1008
2013041406,18.2,0,4.3,291.6,41,1005.5
2013041412,20.2,0.5,5.3,326.1,37.8,1003.2
2013041418,14.5,0,1.9,53.8,21.3,1006.5
2013041500,6.3,0,1.1,91.9,29.2,1010.6
2013041506,8.9,0,1,28,26.8,1011.7
2013041512,16,0,2.6,201.7,25,1010.4
2013041518,11.7,0,1.2,150.6,55,1010.5
2013041600,9.5,0,0.8,343.4,74.5,1008.1
2013041606,18.8,0,2.7,252,49.5,1006.5
2013041612,23.8,0,6.3,294.9,36.3,1004.2
2013041618,19.5,0,3.1,273.9,65,1006.3
2013041700,11.6,0.1,2.2,121.6,78,1008.8
2013041706,9.4,0.4,1.6,93.4,83.5,1011.9
2013041712,9.7,0,2,108.2,76.8,1012.3
2013041718,9.1,0,1.3,70.5,79.2,1012.8
2013041800,8.8,0,1.1,16.6,85,1010.9
2013041806,11.7,0,1,340,75,1010.4
2013041812,18.5,0,2.2,192.3,53.8,1007.8
2013041818,11.1,0,2.6,97.9,67.3,1012.6
2013041900,8.6,0,2.3,80,56,1016.5
2013041906,9.1,0,2.6,96.9,47,1018.8
2013041912,10.4,0,4.7,156.7,39.3,1018.2
2013041918,8.7,0,2.2,160,47.5,1019.2
2013042000,7.9,0,0.7,99.3,56.5,1018.5
2013042006,7.5,1,1.9,70,66.3,1017.6
2013042012,6.4,1.5,1.3,70,83,1015.7
2013042018,5.6,1,0.9,28.5,88.5,1015.9
2013042100,5.1,0,1,31.8,87.3,1016.5
2013042106,9.2,0,1.5,49.3,63.3,1018
2013042112,15.3,0,2.8,38.2,25.8,1016.7
2013042118,9.7,0,1.3,74.2,58.2,1019.5
2013042200,5.7,0,0.4,356.6,81,1021.7
2013042206,11.2,0,0.7,20.2,53.5,1023.2
2013042212,17.8,0,2.8,228.4,25.2,1021
2013042218,13.9,0,2.1,289.3,31.3,1020.9
2013042300,10.9,0,0.7,8,46.3,1020.7
2013042306,10.6,5,1.4,343.4,64.5,1020.7
2013042312,11,10,0.8,354.1,91,1017.4
2013042318,12.7,10,2.7,256.5,92.8,1013
2013042400,14.4,5,1.7,293.1,93,1006.8
2013042406,17.1,0,2.3,42.6,75.3,1005.8
2013042412,21,0,3.8,29.9,36.3,1006.5
2013042418,16.6,0,1.5,11.6,43.7,1008.8
2013042500,11.6,0,0.5,348.7,64.5,1009.8
2013042506,14.8,0,1.3,327.7,52.5,1009.3
2013042512,21,0,4.4,326.3,25,1004.7
2013042518,14.3,0,1.6,344.3,48.7,1006.2
2013042600,10.4,0,0.8,14.3,52.7,1007.7
2013042606,12.6,0,2.7,38.2,43,1009
2013042612,17,0,4.5,10.2,28.7,1008.5
2013042618,13.5,0,0.9,14.7,41.8,1010.6
2013042700,8.5,0,1.2,0,59.7,1013.5
2013042706,13.6,0,1.5,10.3,44,1016
2013042712,17.9,0,2.8,192.8,40,1015.5
2013042718,14.9,0,1.8,2.9,46,1018
2013042800,10.8,0,1.2,0,62.3,1019.8
2013042806,14.2,0,1.5,276.6,55.3,1020.8
2013042812,21.5,0,3.7,242.6,32.2,1018.2
2013042818,17.5,0,2.6,299.9,51.8,1017.5
2013042900,13.4,0,0.7,338.9,67.2,1016.9
2013042906,17.5,0,3,314.5,65.7,1014.4
2013042912,19.7,0,5.4,290,70,1010.3
2013042918,18.2,0,3.4,334.6,61.5,1009.7
2013043000,13,0,1.3,10.2,27.3,1012.1
2013043006,13.6,0,1,326.1,39.2,1011.8
2013043012,22,0,3.8,280.1,19.2,1006.5
2013043018,16.1,0,2.6,43.1,39.7,1006
2013050100,10.9,0,2.5,86.6,64.5,1009.1
2013050106,10.9,0,2.4,108.5,62.7,1011.3
2013050112,11.6,0,3,138.4,60.8,1012.2
2013050118,10.3,0,1.8,118.7,66.3,1013
2013050200,8.9,0,0.5,34.2,74.8,1013.5
2013050206,12.9,0,1.5,260,62.5,1013.8
2013050212,15.4,0,2.7,233.1,61.3,1011.9
2013050218,11.1,9,1.6,78.2,86,1013.6
2013050300,8.4,0,1,350.4,90,1014.9
2013050306,12.4,0,1,324.2,73.7,1016
2013050312,17.5,0,2.7,220.9,52.7,1014.8
2013050318,13.6,1.5,1.8,313.5,76,1015.9
2013050400,11.4,0.6,0.8,15.9,79.8,1016.5
2013050406,14.4,0,1.6,10.2,60.2,1017.6
2013050412,18.5,0,3,196.3,43.8,1017.3
2013050418,14.6,0,1.7,315,58.5,1019
2013050500,10.4,0,1.2,346.1,78.7,1020
2013050506,16.3,0,1.6,336.6,52,1020.3
2013050512,23.7,0,2.6,146.4,27.8,1016.9
2013050518,19.8,0,1,36.6,38.5,1015.4
2013050600,18.1,0,2.7,8.7,25,1014.7
2013050606,20.7,0,3,51.8,19,1015.4
2013050612,26.4,0,2.7,146,19.2,1013.8
2013050618,18.5,0,2.4,106.7,45.7,1017.6
2013050700,13.2,0,1.4,86.6,70.7,1021.2
2013050706,13.6,0,2.7,110.2,65.3,1023.3
2013050712,15.9,0,4.3,156.7,56,1022.7
2013050718,11.9,0,1.4,103.9,73.2,1022.9
2013050800,9.1,0,0.4,356.7,84.7,1022.5
2013050806,14,0,1.1,270,66.7,1022.4
2013050812,20.1,0,3.4,186.8,49,1019.2
2013050818,15.8,0,0.8,43.5,70,1017.3
2013050900,13.3,0,0.3,356.7,73,1016.1
2013050906,19,0,1.4,313.4,52.8,1015.5
2013050912,25.3,0,3.7,308.7,34.7,1012.6
2013050918,21,0,3.4,291.6,69.3,1011.6
2013051000,16.9,2.5,3.5,296.6,80.2,1008.9
2013051006,15.5,9.5,1.8,285.6,91.7,1004.3
2013051012,21.8,0,1.7,293.5,69.5,999.7
2013051018,20.3,0,1.7,33.1,59.2,1001.7
2013051100,16.4,0,0.6,3.1,54,1003.1
2013051106,19.3,0,2.2,69.6,44.8,1004.5
2013051112,25.1,0,2.4,178.1,26.5,1003.3
2013051118,20.5,0,1.5,297.3,42.8,1005
2013051200,15.3,0,0.3,0,63.7,1006
2013051206,20.4,0,1,125,49.3,1006.8
2013051212,28.1,0,3.5,277.9,32.3,1004.9
2013051218,22.4,0,2.4,263.7,56.3,1006.5
2013051300,18,0,0.5,52.8,68.2,1008.8
2013051306,22.3,0,0.6,209.9,51.5,1011
2013051312,30.2,0,2.8,196.9,23,1009.9
2013051318,19.7,0,1.6,230.7,60.7,1012.3
2013051400,14.3,0,0.4,16.2,82.7,1013.1
2013051406,20.4,0,0.5,359.2,50.7,1012.8
2013051412,28.8,0,3.8,278.3,17.7,1011.2
2013051418,20.9,0,2.3,198.3,51,1011.1
2013051500,15.8,0,0.8,55,77,1011.9
2013051506,20.7,0,1.4,320.2,58.7,1012.5
2013051512,25.8,0,3.3,340,42.2,1010.8
2013051518,16.5,0,2.4,103.4,69.7,1015.8
2013051600,13.5,0,1.7,86.6,73.5,1018.3
2013051606,12.9,0,2.1,96.8,75.7,1020.7
2013051612,13.9,0,2.4,90,75,1020.8
2013051618,13.5,0,2.3,94.3,72,1021.3
2013051700,13.1,0,1.6,100,73.2,1021.2
2013051706,15.9,0,2.2,131.5,62.3,1020.3
2013051712,18.2,0,3.5,150,50.2,1017.2
2013051718,14.2,0,1.8,106.9,69.8,1016.6
2013051800,11.2,0,0.7,6.6,83.3,1014.8
2013051806,16.4,0,1.3,296,64.2,1012.3
2013051812,20.7,0,2.3,160,60.3,1008.9
2013051818,19.4,0,1.2,222.3,65.5,1006.9
2013051900,16.7,18.5,1.1,121.3,88,1002.5
2013051906,16.4,17,1.8,173.6,93.8,998.4
2013051912,18,0,0.9,75,83.5,997
2013051918,16.6,0,1.6,274.4,85.7,1000.1
2013052000,15.8,0,1.2,296.2,87.2,1002
2013052006,18.6,0,2.1,296.6,77.2,1002.9
2013052012,25.5,0,3,283.2,49.8,1000.5
2013052018,21.5,0,1.7,31.6,56.5,1002.6
2013052100,15.7,0,1.7,55.4,61,1006.1
2013052106,18.8,0,0.9,238.1,48,1007.9
2013052112,23.4,0,3.3,196.2,35,1007
2013052118,18.8,0,1.3,103.6,65.7,1007.7
2013052200,14.7,0,0.4,342.8,68.8,1008.4
2013052206,20.8,0,1.1,286.4,49.2,1010.6
2013052212,27.1,0,2.6,183.3,32,1009.9
2013052218,21.5,0,1.5,173.7,35,1012
2013052300,16.3,0,0.6,353.4,60.2,1013.4
2013052306,21.2,0,1.2,296.1,49.7,1014.1
2013052312,24.7,0,2.9,202.6,42.5,1013.7
2013052318,20.3,0,1.3,305,44,1013.6
2013052400,15.7,0,0.5,353.5,64,1013.8
2013052406,22.6,0,1.1,316.9,53.7,1013.7
2013052412,28.4,0,3,189.1,36.3,1011.6
2013052418,21.7,0,0.9,56.4,62.8,1012.2
2013052500,18.4,0,0.7,23.7,81.2,1013.7
2013052506,20.3,0,1.5,142.3,70,1016
2013052512,23.5,0,2.6,180.9,54,1015.5
2013052518,17.5,0,1.5,151.5,74.2,1016.9
2013052600,15.6,0,1.1,340.7,85,1017.8
2013052606,18.5,0,1.6,264.1,76.5,1018.2
2013052612,24.1,0,2.8,205,57.7,1016.7
2013052618,22.6,0,1.3,306.6,60.7,1017.1
2013052700,20.2,0,1,350.7,72.8,1016.2
2013052706,21.7,0,2.4,217.8,69,1014.8
2013052712,21.5,1.5,3.2,204.9,69.7,1013.6
2013052718,18.4,15.5,2.2,206.6,89.8,1012.1
2013052800,17.8,29.5,3,204.9,93.2,1010.2
2013052806,19,32.5,2.4,223.7,93.7,1008.3
2013052812,20.6,17.5,1.8,246.1,92.8,1006.6
2013052818,19.7,0,1,125,91.2,1006.8
2013052900,18.5,0,0.5,345.5,91.2,1006.7
2013052906,20.8,0,1.6,320.7,78.5,1007.3
2013052912,25.4,0,3.2,316.8,56.7,1005.7
2013052918,21.8,0,1.6,17.7,61.7,1008.2
2013053000,18.7,0,1.8,50.2,59.8,1010.9
2013053006,20.8,0,1.1,84.9,52.2,1012.6
2013053012,26.3,0,2.2,216.9,30.2,1010.8
2013053018,21.2,0,1.4,334.9,46.5,1011
2013053100,16.4,0,0.6,6.6,69.2,1011.1
2013053106,20.2,0,1.1,332.4,55.2,1010.8
2013053112,24.6,0,1,295.8,36.7,1009.4
2013053118,20.1,0,1,338.1,52.8,1008.9
2013060100,16.5,0,0.7,331.9,73.3,1007.8
2013060106,19.2,0,0.7,323.1,57.3,1007.6
2013060112,23,0,1.9,175.2,43.2,1006.3
2013060118,20.1,0,2,190.5,57,1007
2013060200,16.6,0,0.7,340,75,1007.5
2013060206,20.3,0,1.7,153.5,64,1007.9
2013060212,23.1,0,3.7,148.8,51.7,1007.9
2013060218,17.7,0,1.7,84.5,74.7,1010
2013060300,14.8,0,0.5,47.6,84.2,1010.8
2013060306,19.4,0,1.3,121.6,63.7,1012.6
2013060312,25.2,0,3,163.4,40.5,1012.3
2013060318,20.2,0,1.5,251.6,64.2,1014.2
2013060400,15.6,0,0.4,353.4,81.3,1015.7
2013060406,21,0,0.9,284.7,58.8,1017.4
2013060412,27.6,0,2.5,215,30.5,1015.8
2013060418,21.8,0,1.4,212.1,61,1016.7
2013060500,17.5,0,0.5,7.7,84.5,1017.2
2013060506,23,0,1.2,245.9,60.5,1018
2013060512,26.2,0,2.4,208.5,50.8,1017.5
2013060518,21.7,0,1.4,266.5,69.8,1017
2013060600,17.4,0,0.8,70.3,88.8,1016.9
2013060606,20,0,1.4,105.1,76,1017.3
2013060612,24.7,0,2.3,155.6,58.3,1014.9
2013060618,19.7,0,1.5,94.4,76.7,1015.2
2013060700,18.3,0,1.4,60,80.8,1014.8
2013060706,19.3,0,1.9,87.6,74.5,1015.2
2013060712,23.2,0,2.8,166.8,57,1013.1
2013060718,19.3,0,1.1,100.2,73.7,1012.9
2013060800,17,0,0.6,37.8,82.7,1012.8
2013060806,20.1,0,1.4,77,69.2,1012.3
2013060812,22.8,0,2.5,137.4,58.3,1011
2013060818,19.6,0,1.8,122,74.8,1010.9
2013060900,17.8,0,0.9,31.4,80.3,1009.5
2013060906,20,0,1.8,77.6,72.7,1009.6
2013060912,21.5,0,3.4,136.8,67.8,1008.9
2013060918,19.6,0,1.7,86.9,74.7,1009.3
2013061000,18.1,0,0.9,60,79.2,1009
2013061006,20.3,0,2.2,100.2,70.2,1009
2013061012,23.3,0,2.6,111.6,59.8,1008.2
2013061018,20.3,0,1.9,96.8,71.8,1009.3
2013061100,19.4,0,1,63.5,76.2,1009
2013061106,20.1,0,1.4,80,75.3,1008.9
2013061112,21,0,1.3,80,76.5,1007.9
2013061118,19.2,0.5,1,41.6,87,1008.5
2013061200,18.9,0,0.7,8.6,88.2,1008.3
2013061206,20.9,0.5,0.8,43.5,83,1008.8
2013061212,25.8,0,2.2,191.6,66.2,1008.5
2013061218,22.1,0,2.1,163.3,83.3,1009.8
2013061300,21,0,1,125,87,1011.1
2013061306,21.9,0,0.9,106.5,80.3,1012.7
2013061312,25.1,0,1.5,156.1,66.3,1013.1
2013061318,21.6,0,1.1,335.2,78.2,1014
2013061400,20.7,0,0.4,36,83.2,1014.2
2013061406,21.2,1.5,0.6,84.4,85.7,1015.3
2013061412,21.9,0,2,142.3,82.2,1014.2
2013061418,20.9,0,0.6,51.7,86.2,1013.9
2013061500,20.3,0,0.7,346.8,86.8,1013
2013061506,24.9,0,1,317.2,72.5,1012.1
2013061512,27.7,0,3,194.7,58.8,1010.6
2013061518,23.5,0,1.9,176.6,78,1010.3
2013061600,21.5,0,0.4,11.4,87.7,1009.4
2013061606,26.1,0,1,340,67.8,1008.8
2013061612,29.7,0,3.1,198.5,51.2,1005.6
2013061618,24.7,0,0.8,111.3,72.7,1004.8
2013061700,23.1,0,0.6,357.1,77.2,1003.5
2013061706,25.5,0,1.4,346.8,64.2,1002.9
2013061712,30.4,0,2.2,53.6,42.5,1000.2
2013061718,26.4,0,1.5,25,63.3,999.6
2013061800,24.3,0.2,1.5,340,74.7,999.1
2013061806,25.5,0,2.3,296.6,73.8,998.4
2013061812,25.5,0.1,2.2,290,77.7,996.6
2013061818,24.2,0.1,2.5,218.4,81.3,995.5
2013061900,21.7,33.5,1.2,141.1,90.3,995.9
2013061906,20.7,24.5,0.4,346.9,91.7,999.9
2013061912,24,0,1.9,268.4,77.3,1001.4
2013061918,21.5,0,1.6,201.6,84.2,1003.8
2013062000,20.2,0,0.6,340.5,89.8,1005.1
2013062006,21.4,0,0.6,345.5,84.8,1006.3
2013062012,26.1,0,2.1,209.9,64.5,1005.6
2013062018,22.6,0,2,211.4,80.7,1006.5
2013062100,21.1,0,0.6,30.7,86.5,1006.4
2013062106,22.2,0,1.6,224.3,80,1007.1
2013062112,22.4,0,1.8,210.5,73.2,1006.8
2013062118,21.4,0,1,180,79.5,1007.5
2013062200,20.2,0,0.5,8.3,85.7,1007.9
2013062206,21.5,0,1.1,87.8,80.8,1008.7
2013062212,24,0,1.4,93.2,67.5,1007.7
2013062218,21.9,0,1.4,248.6,79.3,1007.8
2013062300,20.8,0.2,0.6,0,85.7,1007.5
2013062306,21.4,0.3,0.9,359.7,84.8,1007.6
2013062312,24.2,0.5,1.5,232.8,61,1006.3
2013062318,20.7,0.5,0.7,37.6,84.2,1006
2013062400,19.2,0,1.4,10,89.5,1005.6
2013062406,23.4,0,1.3,100,70,1005.7
2013062412,26.1,0,2.2,228.4,59.2,1005.7
2013062418,22.8,0,1.8,176.6,72,1006.5
2013062500,21.4,0,1.1,193.1,81.7,1007.7
2013062506,23.8,0,1.1,187.6,71.5,1008.3
2013062512,24.7,0,2.5,162.8,65,1007.4
2013062518,21.3,3,1.5,128.9,85.3,1006
2013062600,19.9,13,1.4,70,90.2,1002.8
2013062606,21.2,1.5,1.4,59.8,84.7,1001.6
2013062612,26.3,0,2.4,89,56.8,1001.8
2013062618,21.9,0,1.3,82.8,70.3,1003.7
2013062700,19.7,0,0.5,3.4,81.7,1005.4
2013062706,22.4,0,1.1,69.8,73.5,1006.3
2013062712,25.9,0,2.5,187.9,55,1005.6
2013062718,22.2,0,1.5,163.7,75.3,1006.3
2013062800,20,0,0.4,4.3,83.5,1006.5
2013062806,22.6,0,1.1,77.2,75.2,1007
2013062812,25.4,0,2.7,143.3,57.8,1006.6
2013062818,22.1,0,1.5,129.2,73.8,1008.1
2013062900,19.2,0,0.5,359.4,85,1009.3
2013062906,23.5,0,1.1,70,69.7,1011.5
2013062912,26.8,0,2.4,153.6,54.2,1011.8
2013062918,22.8,0,1.5,116.5,73.8,1013.2
2013063000,20.1,0,0.4,0,84.8,1013.3
2013063006,24.2,0,1.4,235,69.5,1013
2013063012,27.4,0,3,203.2,57.2,1011.7
2013063018,23.3,0,2.1,272.4,77.8,1011.6
2013070100,22.2,0,0.9,333.2,83.3,1010.5
2013070106,24.4,0,1.3,320.5,76.3,1010.8
2013070112,28.1,0,3.5,212.8,61.8,1009.2
2013070118,24.7,0,2.5,266.9,78.3,1009.2
2013070200,23.6,0,2,283.4,81,1008.2
2013070206,25.7,0.1,2.9,276.6,78.3,1006.7
2013070212,26.8,0,4.4,276.6,74,1004.6
2013070218,26.6,0,4.1,273.3,75.5,1001.8
2013070300,26.2,0.4,3.6,273.4,76.3,1000.1
2013070306,23.9,11.1,2.1,284.7,85,1000.5
2013070312,26.9,0,3.1,308.2,70.8,999.7
2013070318,26.1,0,3.2,291.6,74.3,1000.2
2013070400,25,0,0.9,8.3,78.2,1000
2013070406,26.7,0,3.1,315.1,73.7,1000.3
2013070412,26.3,2.5,3.4,308.2,76,999.1
2013070418,24.5,4,1.4,232.9,84.2,999.1
2013070500,22.8,20.5,1.2,254.3,92.3,997.7
2013070506,23.8,24,1.9,258.4,90.5,997.2
2013070512,26.6,0,3.7,283.4,77,997.9
2013070518,24.8,1.5,2.6,267,83.7,999.5
2013070600,23.5,0,0.9,329.2,87.3,1002.3
2013070606,25.6,0,1.3,12.1,78.3,1004.8
2013070612,29.4,0,2.7,281.5,61.2,1005.7
2013070618,25.6,0,1.5,272,72.8,1007
2013070700,23.1,0,1.1,11.9,82.7,1008.2
2013070706,22.9,24,0.9,308.4,88.2,1010.3
2013070712,23.9,15.5,1.3,247.9,89.8,1010.4
2013070718,24.3,0.5,1,257,89,1010.3
2013070800,26.2,0,4,294.9,76.5,1010.5
2013070806,28.9,0,4.9,290,63,1010.9
2013070812,30.5,0,6.1,299.9,56.2,1009.9
2013070818,27.6,0,4.2,290,67.3,1009.8
2013070900,27.1,0,4.3,294.9,67.7,1009.4
2013070906,29.3,0,3.7,310.4,60.3,1009.2
2013070912,32.8,0,4.6,320,48.3,1006.9
2013070918,28.1,0,3.9,299.9,66,1007.3
2013071000,26.4,0,2.6,296.2,72,1007.2
2013071006,29.3,0,3.4,323.3,58.8,1007.4
2013071012,33.6,0,4.1,294.9,46.7,1006.2
2013071018,29,0,2.2,301.9,63,1007.5
2013071100,25.6,0,0.8,348.1,69.5,1007.9
2013071106,29.2,0,2.1,296.4,55.8,1008.4
2013071112,34,0,3.6,310.1,44.7,1007.5
2013071118,29.4,0,2.3,288.2,62,1008.7
2013071200,26.9,0,1.7,271.5,59.2,1008.6
2013071206,28.7,0,3.4,280.1,54.5,1008.4
2013071212,31.7,0,4.3,301.8,48.8,1008.4
2013071218,28.5,0,3.1,290,63.7,1009.4
2013071300,27.5,0,2.6,293.2,68.3,1009.8
2013071306,29,0,2.5,293.2,65.2,1011.2
2013071312,32.9,0,4.7,299.9,48.7,1011
2013071318,28.9,0,2.8,291.6,64,1012.2
2013071400,27.2,0,2.9,288.2,70.5,1012.3
2013071406,29.3,0,4,316.8,61.5,1012.1
2013071412,30.6,0,2.8,299.9,59.3,1012
2013071418,23,13,1.4,26.1,84.2,1013.8
2013071500,23.7,0,0.5,343.7,86.3,1013
2013071506,27.6,0,0.9,275.1,73.2,1013.5
2013071512,30.6,0,3.4,280,56.7,1012.2
2013071518,27,0,2.8,286.7,70.8,1012.3
2013071600,24.3,0,1.2,313.4,78,1011.9
2013071606,28.1,0,3.5,305.5,62.2,1011.8
2013071612,31.3,0,6.1,305,47.2,1010.2
2013071618,28,0,4.4,290,59,1009.9
2013071700,26.9,0,3.4,299.9,65,1009.7
2013071706,27.7,0,3.8,305,62.3,1010.4
2013071712,31.2,0,4.4,305,49.5,1008.2
2013071718,28.6,0,3.3,318.4,60.2,1008.6
2013071800,26.2,0,1.2,11.7,68.7,1009.4
2013071806,27.9,0,0.7,21.3,63.8,1010.5
2013071812,31.5,0,2.8,190,44,1009.4
2013071818,26.8,0,1.3,101.6,63.2,1010.7
2013071900,22.8,0,0.6,41.3,82.2,1011.4
2013071906,25.1,0,0.8,0.1,74,1011.8
2013071912,29.6,0,3.2,211.8,59.5,1010.9
2013071918,26.2,0,1.6,160,79.2,1010.6
2013072000,24.7,0,0.4,353.5,85.2,1010.2
2013072006,28.6,0,1.2,337.1,65.2,1010.3
2013072012,33.6,0,4.2,310.4,42.3,1008.3
2013072018,28.9,0,3.2,310.1,58.3,1008.5
2013072100,26.2,0,1.8,307.1,70.5,1008
2013072106,29.4,0,4.2,321.8,54.8,1008.1
2013072112,31.8,0,4.6,305,51.3,1007.4
2013072118,28.5,0,3.6,291.6,64.8,1008.1
2013072200,27.2,0,1.6,325.9,69.3,1008.5
2013072206,29.2,0,2.5,290.2,62.8,1009.8
2013072212,32.9,0,3.5,323.3,47,1008.8
2013072218,29,0,3,299.9,59.2,1008.8
2013072300,27.1,0,2.6,301.8,67.5,1008.7
2013072306,28.5,0,3.3,286.7,64.3,1007.8
2013072312,28.9,0,4,294.9,64.5,1006
2013072318,27.5,0,4,291.6,70.3,1005
2013072400,26.6,0,3.2,294.9,71.3,1003.3
2013072406,28.4,0,3.3,293.2,63.5,1002
2013072412,31.2,0,4.5,294.9,58,999.9
2013072418,28.6,0,2.1,289.7,69.8,1000
2013072500,25.1,0,1.2,9.3,80.7,1000.8
2013072506,28.6,0,2,346.5,58.2,1001.5
2013072512,34,0,2.3,43.3,34,1000.7
2013072518,29.9,0,1.7,0,50,1001.5
2013072600,25.8,0,1.2,2,67.7,1002.1
2013072606,29,0,1.4,15.6,56.5,1002.6
2013072612,33.6,0,2,42.6,37.8,1001.3
2013072618,29.9,0,1.1,74.6,51,1002.5
2013072700,25.6,0,1.2,353.2,68.5,1003.8
2013072706,28.3,0,1.2,16.5,59.7,1005
2013072712,32.5,0,2.7,168.2,37.3,1004.2
2013072718,29.5,0,1.4,35,51.7,1004.6
2013072800,27.2,0,0.9,24.5,63.3,1004.9
2013072806,26.2,8.5,1.4,337.9,74.2,1006.1
2013072812,28.4,1.5,1.7,298.4,69.2,1004.7
2013072818,27.4,0,1.5,249.5,76.3,1004.3
2013072900,27.3,0,2.5,305,73.2,1002.9
2013072906,29.5,0,2.7,296.6,65.7,1002
2013072912,34.2,0,4.1,323.3,49.3,1000.2
2013072918,30.2,0,2.2,338.7,61.8,1001.3
2013073000,26.3,0,0.9,358.4,80,1002.5
2013073006,28.1,0,1.1,217.6,68,1003.5
2013073012,28.8,1,2.2,233.5,65,1002.6
2013073018,25.5,2,1.1,351,84.8,1002.9
2013073100,24.6,0,0.6,354.9,85.8,1002.3
2013073106,29.3,0,2.4,321.8,69,1002.3
2013073112,32.6,0,3.2,283.6,56.7,1001.4
2013073118,29.6,0,2.1,239.8,68.7,1002.9
2013080100,26.7,0.5,1,16.8,80.3,1004.7
2013080106,27.5,0,1,32.4,75.3,1006.5
2013080112,28.9,0,2.8,113.2,71.2,1007.2
2013080118,25,0.9,1.6,55,89.2,1009.3
2013080200,24.9,0,1,40,88.7,1010.4
2013080206,25.6,0,0.9,334.2,85,1012.5
2013080212,27.9,0,2.1,135.3,74.7,1012.2
2013080218,26.7,0,1.9,162.6,84.5,1012
2013080300,25.7,0,0.8,350.3,91.8,1011.6
2013080306,29,0,1.6,291.2,76.2,1011.4
2013080312,32.6,0,2.5,195,59.8,1009
2013080318,28.4,0.6,1.7,291.3,78.5,1008.7
2013080400,26.8,0,1.4,285.6,85.2,1006.8
2013080406,29.6,0,1.1,331.2,71,1005.7
2013080412,33.1,0,2.8,279.7,55.5,1003.4
2013080418,25.7,1,1.9,288.1,87.5,1004.2
2013080500,25.5,0,1,329.7,86.5,1004
2013080506,29,0,1.4,287.1,72.7,1004.1
2013080512,33.5,0,3.3,268.9,52.5,1002.8
2013080518,31,0,2.4,257.6,62.5,1003.5
2013080600,27.5,0,1.2,298.5,77,1004.8
2013080606,29.9,0,1.4,293.5,67.8,1006.8
2013080612,35.2,0,3.5,283.9,51,1005.8
2013080618,28.9,0.6,2.7,297.6,76.2,1007
2013080700,26,0,0.9,41.9,84.2,1007.8
2013080706,29.5,0,1.4,291.2,72.2,1008.3
2013080712,35,0,3,119.5,52.5,1006.2
2013080718,31.5,0,1.3,70.5,67.5,1005.8
2013080800,28.9,0,1.1,302.3,82.3,1006.1
2013080806,31.7,0,2.1,280.2,64.2,1005.4
2013080812,37.6,0,4.2,277.9,39.2,1003.9
2013080818,32.7,0,3.5,266.6,62.7,1004.3
2013080900,29.4,0,1.2,300.6,75,1004.5
2013080906,32.1,0,2.7,223.4,60.7,1005
2013080912,37.4,0,4.7,263.2,45.2,1004
2013080918,33,0,2.5,243.2,62.5,1005.5
2013081000,29.5,0,1.1,359.1,75.7,1006.8
2013081006,32.1,0,1.9,176.8,61.7,1007.9
2013081012,36.3,0,4.2,296.2,44.7,1007.8
2013081018,31.2,0,0.9,321.7,58.3,1008.7
2013081100,28.1,0,0.7,323.5,72,1009.7
2013081106,30.8,0,1.2,25,65.8,1011
2013081112,35,0,2.8,121.3,49.8,1009.8
2013081118,31.6,0,1.3,17.2,61.2,1009.5
2013081200,28.8,0,0.8,315,74.2,1010
2013081206,31.3,0,1.2,205,66.7,1011
2013081212,34.9,0,4.1,131.5,48,1009.5
2013081218,31,0,1.8,5,53,1009.3
2013081300,28.1,0,1.4,312.9,65.3,1009.4
2013081306,30.7,0,1.7,297.4,62.7,1010.7
2013081312,35.7,0,3.4,141,44.7,1008.8
2013081318,31.5,0,1.7,344.4,56.2,1008.7
2013081400,27.6,0,2,307.1,74.3,1009.5
2013081406,30.1,0,1.7,338.8,64.7,1010.8
2013081412,33.5,0,4.1,121.8,53,1009.2
2013081418,30.4,0,1.8,9.5,59.8,1008.9
2013081500,27.3,0,2.1,315.1,74.3,1009.8
2013081506,29.8,0,1.8,263.8,64.8,1009.9
2013081512,34.3,0,2.7,96.6,46.8,1008.1
2013081518,29.9,0,1.7,4,61,1008.5
2013081600,27.1,0,1.2,305,72.5,1008
2013081606,30,0,1.2,303.4,63.8,1007.6
2013081612,34.5,0,3.7,178.4,45.5,1005.5
2013081618,30.6,0,2.9,269,56.8,1005.9
2013081700,26.6,0,1.2,307.1,69.8,1006.1
2013081706,29.8,0,2.5,266.6,59.8,1006.3
2013081712,35.2,0,4.8,266.6,39.2,1003.9
2013081718,30.8,0,3.3,256.6,60.5,1004.7
2013081800,27.5,0,1.1,301.8,74.5,1005.4
2013081806,30.5,0,2.3,287.3,59.7,1006
2013081812,35.7,0,4.3,237.2,40.7,1004.1
2013081818,31.4,0,2.3,273.5,58.7,1005.2
2013081900,28.6,0,1.4,307.4,71.5,1005.9
2013081906,30.9,0,1.5,273,63.8,1006.7
2013081912,34.3,0,3.4,101.5,52.8,1004.7
2013081918,32.4,0,2,306.6,57,1005.2
2013082000,29.8,0,1,318.3,68.8,1006
2013082006,31.1,0,2.2,53.1,64.3,1006.9
2013082012,29.9,0,4,80,66.5,1006.7
2013082018,27.6,0,2.6,32.2,68.2,1008
2013082100,25.9,0,1.7,343.3,75.3,1008.7
2013082106,27.6,0,1.9,25,68.5,1009.8
2013082112,30.8,0,3.5,91.4,58.7,1009
2013082118,27.4,0,2.1,43.5,76.7,1009.8
2013082200,26.2,0,1.1,7.1,81.3,1009.8
2013082206,27,3.4,1.3,306.6,83.3,1010.8
2013082212,30.4,0,2,159.3,74.7,1009.8
2013082218,30,0,2,253.1,72.8,1009.5
2013082300,27.7,1.2,1.4,227.6,84.3,1008.7
2013082306,27.8,0.8,1.8,279.5,86.2,1007.6
2013082312,27.2,7.4,1.9,280,86.3,1007.2
2013082318,25.9,1.3,0.9,330,92.3,1007.9
2013082400,25,0.1,0.8,331.9,94.7,1007.9
2013082406,23.5,10.1,1.4,329.9,92.8,1008.2
2013082412,23.5,3,1.3,286.7,87.7,1007
2013082418,24,2.4,1,342.3,89.3,1006
2013082500,22.6,8.4,1,332.1,95.8,1005.5
2013082506,25.4,0,1.4,31.6,79.8,1006.3
2013082512,28.9,0,3.7,83.2,50.2,1005.7
2013082518,24.9,0,2,13.4,68.5,1006.1
2013082600,22,0,1,295.3,88.2,1005.2
2013082606,25.1,0,1.4,354.2,76.8,1005.4
2013082612,29.2,0,2.1,49.4,53.8,1003.8
2013082618,25.7,0,1.7,219.8,62.8,1005
2013082700,22.4,0,1.2,323.7,81.3,1005.7
2013082706,26,0,1.6,307.8,63.5,1007.6
2013082712,31.6,0,3,261.5,40.7,1006.5
2013082718,27.8,0,1,350.4,57.7,1007.7
2013082800,23.9,0,0.7,312.4,75.5,1008.5
2013082806,25.8,0,1.2,240.5,73.8,1009.7
2013082812,29.6,0,3,159.1,60.3,1007.9
2013082818,26.7,0,1.3,271.9,70.7,1007.1
2013082900,23.9,0,1.1,288.2,78.3,1005
2013082906,28.1,0,3.4,235.3,70.2,1002.5
2013082912,32.4,0,6.7,243.4,55,999.2
2013082918,30.1,0,3.9,246.6,64,1000.2
2013083000,25.7,0.9,2.8,281.6,80.2,1001.6
2013083006,25.7,0.2,0.9,27.3,80.8,1003.2
2013083012,29,0,2,111.1,62.8,1002.5
2013083018,26.5,0,1.3,12.5,71.2,1002.3
2013083100,24.8,3.1,1.4,355.8,85.7,1001.3
2013083106,23.5,1.8,2,31.8,86.3,1004.3
2013083112,26,0,4.5,53.3,59.2,1006.7
2013083118,21.8,0,2.2,13.3,72,1010.3
2013090100,20.2,0,1.4,329.9,77.8,1011.6
2013090106,22.9,0,2.1,6.6,72.2,1012.3
2013090112,26,0,4.5,56.6,60.5,1011.5
2013090118,23.5,0,2.8,13.1,70.8,1012.5
2013090200,20.9,0,1.4,326.6,84.3,1013
2013090206,23.8,0,1.6,28.1,68.8,1013.8
2013090212,26.7,0,4.6,83.4,54.3,1012.3
2013090218,23.5,0,2.3,28.8,68.5,1012.8
2013090300,22,0,1.1,1,81.5,1012.2
2013090306,22.8,0,2.8,346.5,77.7,1012.7
2013090312,22.9,0,3.3,23.1,74.5,1010.9
2013090318,21.8,0,2.9,10,70,1010.8
2013090400,21.1,0,3.2,13.4,70.3,1009.5
2013090406,22.1,0,4.8,20,64.2,1009.8
2013090412,25.6,0,5.1,46.8,47.7,1010.9
2013090418,21.5,0,2.7,13.1,61.7,1014
2013090500,18.9,0,1.8,325,77,1015.4
2013090506,21.6,0,2.1,22.6,65.2,1017.5
2013090512,24.4,0,4.1,63.4,54.8,1017.1
2013090518,21.7,0,2.2,23.1,65,1018.2
2013090600,20.9,0,1.9,0.4,70.3,1018.6
2013090606,20.4,2.2,1.1,332.1,83.8,1019.6
2013090612,20.2,3.5,1.7,333.4,87.2,1018.7
2013090618,19.1,0,1.9,299.9,86.5,1018.4
2013090700,19.2,0,1.3,303.8,89.2,1017.4
2013090706,20.1,3.1,1.5,316.1,90,1017.5
2013090712,21.5,4.4,1.6,357.7,87.5,1016.7
2013090718,20.5,0,1.5,314.5,87.7,1016.8
2013090800,18.2,0,1,293.2,94.3,1017
2013090806,21.4,0,1.7,299.7,78.5,1017.8
2013090812,26.8,0,2.8,87.2,55.5,1016.4
2013090818,22.7,0,1.4,47.1,76,1017.2
2013090900,19,0,0.9,305,91.7,1017.3
2013090906,22.3,0,1.5,250,75.8,1017.2
2013090912,26.5,0,3.2,93.3,56.5,1015
2013090918,22.5,0,1.3,33.9,75.2,1015.1
2013091000,19.6,0,0.5,342.8,87.5,1014.5
2013091006,22.9,0,1.2,243.2,72.2,1014.8
2013091012,27.8,0,3.2,138.4,54.5,1013.3
2013091018,24.3,0,1.8,68.7,69,1014.2
2013091100,22.4,0,0.6,337.1,78.8,1013.8
2013091106,24.8,0,0.9,244.2,69.7,1014.6
2013091112,28.3,0,2.8,186.4,61.8,1013
2013091118,26.7,0,2.6,239.8,71,1014
2013091200,24.2,0,0.8,1.2,84.2,1015.2
2013091206,24.2,0.9,1.1,17.2,87.2,1016.7
2013091212,23.4,9.3,1.5,3.3,83.3,1016.7
2013091218,23.3,0,1,327.6,85.7,1016.8
2013091300,21.5,0,0.9,310.9,93.7,1015.6
2013091306,25.7,0,1.6,300.8,78.8,1014
2013091312,31.5,0,4.3,256.6,55.2,1010.7
2013091318,27.9,0,2.9,252.9,68.5,1011.5
2013091400,25.5,0,0.4,0,79.2,1011
2013091406,26.9,0,2,250,79.5,1010.6
2013091412,25.6,2.4,2.6,30,76,1009.5
2013091418,23.7,0,1.1,3.3,81.2,1008.9
2013091500,21.7,0,1,326.3,86.7,1008
2013091506,24.4,0,2.6,357.6,68.3,1007.8
2013091512,28.8,0,4.7,63.4,50.2,1005.6
2013091518,23.3,0,3,0,61,1006.6
2013091600,21.2,0,3.5,353.4,73.3,1006.6
2013091606,23.2,0,3.6,15,59,1009.8
2013091612,25,0,4.8,83.4,52.3,1012.2
2013091618,21.6,0,1.9,25.8,66.5,1014.9
2013091700,17.9,0,0.9,329.8,84,1016.5
2013091706,21.5,0,1.1,347,67.7,1018.2
2013091712,28.1,0,2.9,155.7,42.2,1017.2
2013091718,22.4,0,1.3,21.1,63.7,1019.1
2013091800,18.1,0,0.8,285,71,1019.7
2013091806,21,0,1.2,240,60.8,1021
2013091812,27.4,0,3.8,93.4,52,1019.8
2013091818,23.2,0,2,14.3,70,1020.8
2013091900,21.4,0,1.8,0,79.8,1021
2013091906,23.8,0,2.6,42.6,69,1020.9
2013091912,26.5,0,4.2,93.3,57.2,1018.8
2013091918,22.4,0,1.9,30.2,80.3,1018.4
2013092000,19.5,0,0.6,339.1,90,1017.3
2013092006,22.9,0,0.9,255.1,72.5,1017.1
2013092012,29.6,0,3.2,181.6,44.3,1014.1
2013092018,25,0,1.4,311.3,67.5,1014.4
2013092100,21.3,0,1,293.2,79.8,1015
2013092106,24,0,1.2,236.1,69.3,1015.5
2013092112,29.2,0,3.1,129.7,51.3,1013.9
2013092118,24.8,0,2.8,61.3,70.2,1015.6
2013092200,22.4,0,2.1,350,78.3,1016.8
2013092206,24.4,0,2.4,8.1,73.2,1017.7
2013092212,23.8,0.9,4.6,54.2,75.2,1018.1
2013092218,21.3,0,2.5,7.9,72.3,1019.2
2013092300,20.4,0,1.6,318.1,80.8,1018.9
2013092306,23.2,0,2.8,21.6,69,1018.5
2013092312,25.5,0,4.4,83.4,58.2,1015.9
2013092318,21.9,0,1.6,350,75.2,1015.3
2013092400,19.1,0,0.8,319.8,87.5,1014.3
2013092406,22.5,0,1,257.6,74.8,1013.1
2013092412,28.7,0,3.3,139.8,53.3,1010
2013092418,25.6,0,1.3,70.8,64.8,1010.3
2013092500,23.8,0,0.8,346.8,74,1008.8
2013092506,22.6,1.7,2.9,40.1,80.3,1009.8
2013092512,20.5,0.2,3.5,45.1,79.3,1010.1
2013092518,19.5,0,3,3.4,71.7,1012.2
2013092600,18,0,2.2,346.8,72.5,1013.6
2013092606,20.7,0,2.1,30.6,58,1015.3
2013092612,22.1,0,4.6,83.4,42.8,1015.3
2013092618,19,0,1.9,349.8,61.2,1017.4
2013092700,15.1,0,1.2,330,80,1018.7
2013092706,18.8,0,1,266.3,65.3,1019.6
2013092712,23.8,0,3.5,128.2,46,1017.6
2013092718,20.2,0,1.6,0.2,59.5,1018.4
2013092800,17.8,0,0.7,311.9,71.5,1017.6
2013092806,20.2,0,0.8,287.3,65.3,1017
2013092812,24.4,0,2.5,130.4,55.5,1015
2013092818,22.2,0,1.7,40.1,69.5,1016.3
2013092900,20.5,0,1.1,328,79.2,1015.3
2013092906,21.7,0,0.8,4.3,77.7,1015.6
2013092912,24.5,3.1,2.4,107.7,76.5,1015
2013092918,20.7,13,1.1,345.9,95.3,1016.3
2013093000,20.4,4.7,1.1,347.4,97,1015.5
2013093006,21.3,0.2,0.8,26.2,93,1016.5
2013093012,23.7,0,2.4,76.5,77.7,1016.3
2013093018,22,0,2.6,37.1,77.8,1017.7
2013100100,20.9,0,1.7,335.7,81.5,1018
2013100106,22.1,0,2.8,13.6,74.2,1018.2
2013100112,24.1,0,3.7,70,65.7,1015.7
2013100118,20.7,0,2.1,349.5,81,1014.9
2013100200,18.7,0,1.2,13.7,90,1012.7
2013100206,20.2,0.1,0.9,313.3,84,1011.3
2013100212,24.8,0,2.3,331.3,58,1008.9
2013100218,21.4,0,1.8,346.8,63.5,1010.8
2013100300,17.1,0,2.1,345.1,70.5,1013.4
2013100306,19.3,0,1.9,337.9,68,1016.3
2013100312,22.2,0,3.7,86.6,55.5,1015.9
2013100318,17.9,0,1.2,345.2,74.7,1017.2
2013100400,13.8,0,0.9,292.8,71.8,1018.4
2013100406,17.5,0,1,309.9,58.8,1020
2013100412,22.9,0,4.1,90,51.2,1019.8
2013100418,19.2,0,1.8,28.5,65,1021.2
2013100500,16.4,0,0.9,261.4,81,1020.8
2013100506,19.6,0,1.5,350,72.8,1022.1
2013100512,23.5,0,5,56.6,63.2,1021.2
2013100518,22.6,0,4.2,63.4,76,1021.9
2013100600,21.8,3,3,60,89,1021.8
2013100606,22.8,0.3,3.9,73.3,86,1023.2
2013100612,23,0.5,4,70,88,1022.8
2013100618,22.5,0,3.9,66.7,88,1022.9
2013100700,21.9,0.2,2.1,35,91.7,1021.5
2013100706,23.5,0,2.2,38.4,85.7,1020.8
2013100712,25.5,0,3.2,59.8,73.7,1019
2013100718,22.2,3.6,1.5,12.4,89.3,1019.3
2013100800,21.6,0,0.8,335.4,93,1017.1
2013100806,22.9,0.7,2.3,50.7,90.2,1015.2
2013100812,23.1,14.5,4.4,83.4,92.5,1010.6
2013100818,21.1,75.1,6.7,43.8,92.2,1004.3
2013100900,20.2,1.5,4.6,356.6,85.2,1007.5
2013100906,20.9,0,1.4,23.3,78.2,1013.9
2013100912,22.3,0,2,50.3,69.2,1015.2
2013100918,20.1,0,1.1,339.6,86.2,1016.5
2013101000,19.4,0,0.3,350.2,91.5,1016
2013101006,21.5,0,0.7,260,82.5,1016.2
2013101012,23.8,0,1.7,125,75.7,1014.1
2013101018,22.1,25.7,0.7,328.7,93.7,1012.2
2013101100,21.1,0,0.7,347.4,95.8,1010
2013101106,21.8,0,2.5,278,77,1010.6
2013101112,26.2,0,4.3,266.6,37.2,1008.7
2013101118,19.2,0,2.1,316.8,49.5,1011.9
2013101200,15.1,0,3.2,336.7,52.7,1015.4
2013101206,17.1,0,3.6,358.4,38.2,1019.1
2013101212,21.5,0,2.8,336,27,1018.8
2013101218,16.3,0,1.7,305.5,51.8,1019.7
2013101300,13.2,0,1.5,286.5,66.3,1020.3
2013101306,16.8,0,1.2,282,59,1022.1
2013101312,23,0,3.8,80,46.7,1021.2
2013101318,18.4,0,1.4,341.8,68.8,1022.8
2013101400,14.6,0,0.5,305.5,86.8,1021.1
2013101406,17.3,0,0.7,277.4,77.2,1020.7
2013101412,24.7,0,2.2,152.1,57.3,1017.3
2013101418,19.9,0,1.2,303.4,81.3,1017
2013101500,16.4,0,0.6,308.1,95,1015.5
2013101506,19,0,2.1,345.3,72.2,1013.9
2013101512,18.7,3.6,5.2,27.7,77.5,1012.1
2013101518,14.1,0,5.4,21.6,78.8,1013.7
2013101600,11.9,0,5.6,3.3,61.5,1014.5
2013101606,13.1,0,4.8,0,47.7,1017.8
2013101612,16.4,0,4.8,43.4,42.7,1020.2
2013101618,11.7,0,1.6,334.2,61.3,1024.3
2013101700,8.5,0,1.4,307.1,78.8,1026.9
2013101706,12,0,0.9,250,67.7,1028.9
2013101712,17.8,0,3.1,101.2,47.3,1028.2
2013101718,14.1,0,1.1,358.3,64.7,1028.9
2013101800,11.1,0,0.8,302.3,78.8,1029
2013101806,14.2,0,1.2,11.9,68.5,1029.9
2013101812,18.5,0,3.8,55.3,59.3,1027.9
2013101818,17,0,2.5,18.2,59.3,1027.8
2013101900,14.7,0,2,336.1,67.2,1027
2013101906,15.9,0.3,2.1,356.7,70.5,1026.3
2013101912,19.2,0.1,3.2,40.1,66,1024.4
2013101918,17.4,0,2.2,346.3,66.7,1024
2013102000,16.5,0,1.8,329.8,73.5,1021.5
2013102006,18.1,0,2.3,352.4,68,1020.1
2013102012,21.8,0,3.4,31.8,54.3,1017.3
2013102018,17.2,0,1.3,334,74.5,1017.3
2013102100,14.4,0,1,301.5,84.7,1017.2
2013102106,16.9,0,3.2,3.4,69.2,1018.2
2013102112,19.4,0,4.3,40.1,59.7,1018.5
2013102118,16.8,0,3.1,0.9,64.7,1020.6
2013102200,15.6,0,3,350,72.2,1021.1
2013102206,17.3,0,3.1,10,67.2,1022.1
2013102212,17.4,0.3,3.8,26.6,73.2,1022.3
2013102218,17.3,0,3.6,24.9,65.5,1023.1
2013102300,16.9,0,3.5,24.9,66.3,1022
2013102306,18,0,4,31.8,62.3,1021.7
2013102312,19.2,0,4.6,48.4,65.7,1019.6
2013102318,17.6,0,2.7,6.6,72.5,1019.2
2013102400,16.9,0,2.5,343.3,77.3,1017.2
2013102406,16,0.4,1.6,344.2,85.5,1016.5
2013102412,19.6,0,2.5,32.9,57,1013.5
2013102418,17.3,0,1.6,8.1,68.8,1013.2
2013102500,13.7,0,3,9.3,57.3,1013.3
2013102506,13.8,0,3.9,0,46.3,1014.3
2013102512,18.5,0,3.5,11.2,39.8,1012.8
2013102518,13.6,0,2.3,350.2,59.7,1013.5
2013102600,9.9,0,1.9,350,55.8,1013.6
2013102606,12,0,2.3,0,56,1014.7
2013102612,17.7,0,3.1,23.2,39.3,1014.7
2013102618,12.6,0,1.1,331.5,68,1017.3
2013102700,9.4,0,0.6,298.7,70.5,1019.3
2013102706,11.5,0,0.6,357.9,59.7,1021.7
2013102712,19.4,0,3.1,234.7,28.7,1020.5
2013102718,12.5,0,1.1,310.9,58,1022.6
2013102800,7.9,0,0.6,284.3,77.2,1024
2013102806,11.6,0,0.7,250.8,64.2,1025.2
2013102812,20.6,0,2.5,231,34.3,1022.6
2013102818,15.8,0,1,52.8,55.2,1023.5
2013102900,10.8,0,0.6,310.9,74.5,1023.5
2013102906,12.3,0,0.7,295,67.3,1023.4
2013102912,21,0,2.2,317.8,24.5,1021.1
2013102918,14.1,0,0.9,280,47.5,1022
2013103000,11,0,0.9,302,70.8,1022.3
2013103006,14,0,1.9,342.9,61.2,1023.4
2013103012,18.9,0,2.9,51.2,35.3,1022.8
2013103018,14.1,0,1.7,310,62.5,1024.8
2013103100,10.9,0,1.1,325.7,77.3,1025.2
2013103106,12.6,0,0.9,270.2,74.8,1026.2
2013103112,18.3,0,2.1,104.4,62,1024.5
2013103118,15.5,0,1,354,79.8,1025.6
2013110100,13,0,0.2,0,89.8,1026.1
2013110106,15.7,0,0.8,33,75.3,1027.1
2013110112,19.9,0,3.2,93.3,50.7,1025.5
2013110118,15.7,0,0.9,248.7,73.3,1025.9
2013110200,13.3,0,0.4,4.1,84.8,1024.6
2013110206,15.4,0,0.5,319.8,77.8,1024.3
2013110212,21.3,0,2.4,202.4,55,1021
2013110218,17.8,0,1.4,280.3,73.7,1021
2013110300,16,0,0.6,327,77.7,1020.3
2013110306,17,0,1.3,10.3,67.7,1020.3
2013110312,20.2,0,1.5,66.6,58.2,1017.8
2013110318,17.1,0,1.4,28.5,59.2,1018.3
2013110400,14.4,0,2.9,1.9,60,1019
2013110406,15,0,3.6,333.4,58.8,1020.8
2013110412,18.2,0,3.6,7.9,43.3,1021.6
2013110418,14.8,0,2.6,353.8,63.3,1025.2
2013110500,12,0,1.4,278.1,69.2,1026.8
2013110506,13,0,0.8,305,63.5,1027.9
2013110512,18.8,0,2.3,140.9,39.3,1025.2
2013110518,13.5,0,1.1,259.8,66.8,1025.3
2013110600,9.5,0,0.7,292.8,82.3,1023.9
2013110606,12.5,0,0.8,336.3,71.8,1022.5
2013110612,17.9,0,2.7,265.6,63.7,1018.9
2013110618,15.2,0.1,0.9,358,82,1017.5
2013110700,12,0.6,0.7,308.1,95,1015.7
2013110706,13.4,0,1.1,330.8,79.7,1016.5
2013110712,20,0,4.2,289,29.7,1016.1
2013110718,12.8,0,1.1,322.4,42.8,1019.4
2013110800,10.2,0,2.2,0,50.2,1022
2013110806,11.4,0,2,353.5,51.3,1025.6
2013110812,16.4,0,3.1,72.4,40.8,1025.7
2013110818,12.9,0,1.4,354.7,61.8,1027.9
2013110900,10.6,0,0.6,324.1,69.7,1028
2013110906,12.6,0,0.6,234.9,64.3,1027
2013110912,17.5,0,1.8,217.9,62.8,1022
2013110918,15.4,0.4,0.9,336.3,88.8,1016.3
2013111000,17.1,6,1.9,304.4,92.7,1010.9
2013111006,14.9,1.1,2.7,347.6,76.2,1013.9
2013111012,14.6,0,4.4,330,28.8,1014.1
2013111018,9.3,0,2.2,358.4,32.5,1015.9
2013111100,6.2,0,3.2,353.2,38.5,1017.8
2013111106,6.3,0,4.7,330,36.3,1020.1
2013111112,10.1,0,2.8,343.3,25,1019
2013111118,5.7,0,1.7,323.4,39.2,1019.8
2013111200,3.5,0,2.7,331.3,55.2,1019.3
2013111206,5.2,0,3.8,353.8,40.2,1019.9
2013111212,10.8,0,4.1,340,24,1018.4
2013111218,6.5,0,1.4,326.9,43.8,1020
2013111300,3.7,0,0.9,289.3,59.7,1021.1
2013111306,6.2,0,0.9,304.1,53,1022.6
2013111312,13.8,0,1.5,96.4,37,1021.4
2013111318,8.2,0,0.8,311.2,63.5,1022.8
2013111400,5.8,0,0.5,350.2,74.5,1022.3
2013111406,9.2,0,0.9,268.3,66.5,1021.5
2013111412,15.6,0,3.8,270,32.8,1018.5
2013111418,11.8,0,2.3,298.4,52.2,1019.7
2013111500,9.4,0.2,0.8,339.7,74.5,1019.6
2013111506,9.4,0,0.9,314.9,75.8,1021.1
2013111512,16.1,0,2,120.8,43.2,1018.5
2013111518,10.7,0,1.1,315,55.3,1019.9
2013111600,7.4,0,0.6,297.3,69.3,1020
2013111606,8.6,0,1.1,265.6,66.8,1019.7
2013111612,15.8,0,2.3,200.4,47,1015.8
2013111618,10,0,1,283.5,64.8,1015
2013111700,6.7,0,0.6,322.3,77.3,1012
2013111706,9.9,0.2,2.5,294.4,66.7,1011.2
2013111712,13.5,0,4.6,284.7,32.7,1010.2
2013111718,7.9,0,2.4,339,37.5,1014.3
2013111800,4.4,0,1.1,256.5,47.8,1015
2013111806,5.8,0,4,280,40.7,1015
2013111812,7.2,0,5,282.8,40.2,1012.9
2013111818,4.4,0,3.7,273.3,45.7,1013.2
2013111900,3.9,0,2.8,298.5,43.8,1013.1
2013111906,5.5,0,2.8,295,43.5,1014.3
2013111912,9.6,0,4.6,288.2,34.5,1013.3
2013111918,5.3,0,1.2,300.5,49.8,1016.3
2013112000,3.3,0,2.1,328.5,50.3,1016.9
2013112006,5.3,0,2.5,294.3,45,1017.9
2013112012,9.7,0,3.6,308.2,28.5,1017.3
2013112018,5.4,0,1.9,303.8,42.5,1020.4
2013112100,3.8,0,2.2,343.4,49.7,1021.9
2013112106,5.5,0,3.2,330,46.8,1022.6
2013112112,11,0,2.8,340,33.8,1021.2
2013112118,6.6,0,1.4,338.1,51,1022.3
2013112200,4.7,0,2.1,326.6,55.7,1022.6
2013112206,6.8,0,3.1,4.4,42.3,1023.7
2013112212,12,0,4.5,325.3,26.7,1022.5
2013112218,7.6,0,1.8,322.3,49.2,1024.5
2013112300,3.5,0,1.3,286.2,69.5,1024.4
2013112306,6.2,0,1.7,260,64.8,1024.2
2013112312,13.5,0,2,343.4,35.3,1021.4
2013112318,7.3,0,1.6,290.2,54.5,1022.6
2013112400,3.9,0,1.3,276.8,70.8,1023
2013112406,6.1,0,1.1,260,66.7,1022.3
2013112412,14.1,0,2.6,180,38.5,1016.8
2013112418,13.2,0,1.9,241.9,64.7,1010.8
2013112500,14.7,29.8,5.1,227.6,89.7,1000.7
2013112506,13.1,2.4,4.7,273.3,54.8,1003.3
2013112512,12.5,0,7,273.4,36.7,1005.5
2013112518,7.8,0,5.5,281.2,38,1010.9
2013112600,4.8,0,3,296.6,38.7,1014.4
2013112606,4.8,0,1.8,290.3,38.2,1018.2
2013112612,9.3,0,2.8,281.5,30.5,1017.3
2013112618,5.5,0,1.6,273.4,51.8,1018.3
2013112700,4.2,0,1.1,304.1,63.2,1017.5
2013112706,5.7,0,1.2,24.5,60.5,1013.8
2013112712,10.6,0.1,6,276.6,47,1009.4
2013112718,3.4,0,4.3,319.3,48.8,1016.1
2013112800,-0.4,0,1.3,346.5,55.7,1020.4
2013112806,0.4,0,1.5,289.4,55.5,1020.4
2013112812,4.4,0,2.9,313.8,38.5,1018.4
2013112818,1.2,0,1.3,307.1,50.8,1018.6
2013112900,0.3,0,2.3,333.2,54.7,1017.8
2013112906,2.5,0,2.9,341.9,49.3,1018.5
2013112912,6.8,0,4.7,325.3,31.3,1017.9
2013112918,3.1,0,1.2,310.4,53.8,1020.3
2013113000,-0.1,0,1,311.3,72.3,1020.7
2013113006,3.7,0,2.5,296.6,57.5,1021
2013113012,11.6,0,3.2,346.8,34.2,1019
2013113018,6.2,0,1.4,319.8,58,1021
2013120100,1.9,0,0.8,289.7,78.2,1020.8
2013120106,4.4,0,0.5,60.6,71.2,1021
2013120112,13.2,0,2.8,301.9,34.8,1018.7
2013120118,7.2,0,1.2,322.8,57,1020.1
2013120200,5,0,2.6,343.3,56.2,1019.8
2013120206,5.9,0,4.6,340,43.7,1020.5
2013120212,11.1,0,3.6,350,35.2,1019.1
2013120218,7.1,0,2.2,325.3,53,1020.3
2013120300,2.7,0,1.1,304.7,73,1020.7
2013120306,4.9,0,1.6,288.2,64.7,1020.8
2013120312,11.3,0,2.6,329.8,37,1018.2
2013120318,6,0,1.4,275,54.5,1019.1
2013120400,3.4,0,1.4,0.3,69.5,1019.4
2013120406,5.2,0,1.5,316.8,68.2,1020.3
2013120412,12.7,0,1.8,115.8,37.5,1018.9
2013120418,6.7,0,1.1,305.7,59.3,1019.8
2013120500,3,0,1,291.3,68.5,1019.8
2013120506,5.5,0,1.3,280,59.7,1019.6
2013120512,13.8,0,1.5,101.1,30.7,1016.8
2013120518,9.2,0,0.6,318.7,44.8,1016.2
2013120600,5.7,0,0.7,341.6,64.3,1015.4
2013120606,6.8,0,2.3,309.7,55.7,1017.5
2013120612,11.2,0,3.7,336.6,17,1017
2013120618,6.7,0,1.8,2.1,28.2,1019.4
2013120700,5.5,0,3.6,350,36.5,1020.2
2013120706,6.3,0,2.4,5.7,47.8,1022.2
2013120712,11.1,0,2.6,342.3,39.2,1021.8
2013120718,6.1,0,1.1,319.8,56.7,1024.1
2013120800,2,0,0.7,273.8,74.8,1024.7
2013120806,3.2,0,1.1,253.4,72.5,1025.1
2013120812,12.4,0,1.8,113.9,41.3,1022.5
2013120818,6.6,0,1,331,61.5,1022.3
2013120900,3.2,0,0.8,277.9,73,1019.3
2013120906,5.2,0,0.6,320.2,73,1014.7
2013120912,11.9,0.4,3.1,241.9,76.2,1007.7
2013120918,10.1,2,3.6,314.2,77.3,1003.5
2013121000,6,0,5.9,313.4,56.3,1006.6
2013121006,4.9,0,3.7,336.7,52.5,1011.9
2013121012,8.3,0,3.1,350,42.5,1012
2013121018,4,0,1.6,11.9,50.3,1013.3
2013121100,2.6,0,1.9,346.8,55.2,1012.2
2013121106,3.4,0,2.7,257.8,56,1011
2013121112,5.2,0,4.1,310.7,53.7,1010.3
2013121118,2.1,0,3.5,296.6,53.7,1014.4
2013121200,0.1,0,2.3,299.9,48.7,1017.8
2013121206,1.3,0,1,87.9,44.8,1021
2013121212,6.2,0,3.8,246.6,32.2,1017.9
2013121218,6.3,0,5,250,49.7,1015.5
2013121300,5.5,0,4.3,317.4,59.3,1015.2
2013121306,1.2,0,3.6,343.4,51.5,1020.2
2013121312,3.3,0,4.2,317.4,36.5,1020.7
2013121318,-0.8,0,2,8.9,43.2,1023.7
2013121400,-2.6,0,1,303.3,50.7,1024.7
2013121406,-0.9,0,0.9,341.6,54.8,1025.9
2013121412,6.4,0,3.5,284.7,29.8,1024
2013121418,2.9,0,1.2,357.3,42.8,1025.3
2013121500,-0.7,0,0.8,320.2,62,1026.8
2013121506,1.5,0,3.3,340,41.8,1028.7
2013121512,4.5,0,3.3,336.6,24.8,1028.6
2013121518,1.1,0,1.4,13.9,33.3,1030.9
2013121600,-1.4,0,1.2,277.9,44,1031.1
2013121606,-0.5,0,0.9,286.3,44,1030
2013121612,7.1,0,1.1,51,38,1027.2
2013121618,4.9,0,0.9,328.1,52,1027.2
2013121700,3,0,0.4,13.6,60,1026.8
2013121706,4.5,0,0.6,330.5,61.2,1026.2
2013121712,9.2,0,3.5,50.3,59.3,1023.9
2013121718,6.5,3.7,2.8,3.4,86.7,1024.1
2013121800,6.2,4.1,3.3,14.7,79.2,1022.3
2013121806,6.2,0.7,3.5,14.7,76.2,1021.5
2013121812,7.4,0,3.5,0,69.2,1019.3
2013121818,6.1,0,3.3,353.4,67.3,1019.3
2013121900,4.7,0.7,2.2,3.9,78,1018.3
2013121906,3.9,0,4.5,340,61.8,1017.9
2013121912,3.9,0,5.5,310.1,38.3,1017
2013121918,0.2,0,2.1,319.8,42.5,1018.2
2013122000,-0.9,0,3.4,273.3,67,1014.9
2013122006,-0.8,0.6,3.6,332.1,54,1017.7
2013122012,5.2,0,5.1,333.4,42.8,1018.2
2013122018,1.2,0,4,0,61.3,1020.8
2013122100,0.5,0,3.7,343.3,60,1021.3
2013122106,1.3,0,2.8,9.3,57.8,1023.1
2013122112,6.7,0,3.6,6.8,40.3,1023.6
2013122118,3.1,0,2,5.1,44.8,1025.7
2013122200,-0.6,0,1.3,16,56,1027
2013122206,0.1,0,1.4,344.6,48.5,1028.4
2013122212,7.1,0,2.5,24.9,37.2,1026.5
2013122218,2.8,0,0.7,350.6,47.7,1027.4
2013122300,0.6,0,0.9,289.5,56.2,1026.7
2013122306,1.9,0,1.4,357,57,1026.1
2013122312,7.5,0,3.2,0.9,33,1023.2
2013122318,3.5,0,2.9,356.6,40,1024.9
2013122400,-0.2,0,1.5,343.1,51,1026.2
2013122406,1.4,0,1.6,331.9,50.5,1028.3
2013122412,8.6,0,3.2,18.2,42.7,1027.8
2013122418,4.3,0,1.4,318.7,64,1030.2
2013122500,0.7,0,0.5,314.4,85.5,1030.1
2013122506,2,0,0.6,273.6,82.3,1029.6
2013122512,11.2,0,1.6,224.4,44.2,1025.3
2013122518,8.3,0,1.5,263.7,60.3,1024.4
2013122600,4.8,0,1.6,311.4,72,1021
2013122606,4.6,0,3.2,344.8,52.3,1020.8
2013122612,6,0,2.6,338.1,45,1016.5
2013122618,4,0,2.3,328.5,55.8,1016.2
2013122700,1.2,0,4.8,326.6,49.7,1015
2013122706,-1.1,0,4.2,339.1,47.8,1016.9
2013122712,3.2,0,4.7,336.6,25.2,1015.8
2013122718,-0.6,0,5.2,299.9,30.5,1018.1
2013122800,-2.8,0,5.7,318.4,37.8,1018.7
2013122806,-2.3,0,5.3,315.1,38.2,1020.2
2013122812,2.8,0,5.7,316.8,28,1017.9
2013122818,-0.8,0,2.8,301.8,35.5,1020.1
2013122900,-1.8,0,4,330,41,1020
2013122906,-0.2,0,3.1,316.8,48.3,1020.7
2013122912,4.2,0,4.2,326.6,30.3,1019.1
2013122918,0.1,0,0.8,310.9,46.3,1020.3
2013123000,-1.5,0,0.9,280,61,1019.5
2013123006,0.9,0,1.2,273.2,59.2,1019.1
2013123012,8.4,0,3.9,273.4,35,1015.5
2013123018,4,0,1.2,285.2,48,1016
2013123100,0.6,0,0.5,14.5,65,1016
2013123106,1.2,0,0.7,299.2,67.8,1016.3
2013123112,9.7,0,4.9,253.4,25,1011.5
2013123118,6.8,0,2.6,244.9,41.8,1010.7
2014010100,4.5,0,1.9,286.7,51.7,1011.2
2014010106,3.7,0,1.2,283,54,1014.8
2014010112,9.8,0,4.4,263.4,23.7,1013.1
2014010118,6.1,0,1.8,263.2,32.8,1015.3
2014010200,2,0,0.7,342.4,46,1017.8
2014010206,2.5,0,1.1,305.5,54.5,1021
2014010212,10.2,0,3.5,330,17.7,1019.9
2014010218,5.2,0,1.5,315.3,31.5,1020.7
2014010300,0.9,0,1,291.6,47,1019.8
2014010306,1.3,0,0.8,298,50,1018.1
2014010312,11,0,1,233.1,21,1014.6
2014010318,5.9,0,0.9,306.8,34.5,1015.5
2014010400,3.7,0,1.7,5.7,49.8,1016.1
2014010406,4.6,0,2,330.6,59.5,1017.5
2014010412,9.1,0,3.3,32.2,47.2,1016.4
2014010418,4.8,0,2.2,7.4,78.8,1018.9
2014010500,3.5,0,0.6,350.2,83.5,1020.1
2014010506,4.8,0,1.2,315.9,79.3,1021.3
2014010512,9.1,0,2.7,25.5,44.8,1019.6
2014010518,5,0,2.5,346.5,35.5,1022.5
2014010600,1.6,0,2.3,353.4,47,1025.1
2014010606,2.1,0,1.7,2.4,46.8,1027.8
2014010612,8.6,0,1.6,54.2,35,1026.8
2014010618,3.8,0,1.2,294.6,52.8,1027.5
2014010700,0.8,0,0.9,307.8,61,1026.8
2014010706,1.6,0,1,263.4,54.5,1026.2
2014010712,9.8,0,2.7,318.4,22.2,1022.8
2014010718,7.2,0,1.8,340,33.8,1023
2014010800,5.3,0,0.9,333.2,45.7,1021.1
2014010806,4.8,0.9,1.9,348.8,61.8,1019.8
2014010812,3.5,7,1.4,37.7,91.3,1015.7
2014010818,4.2,0.1,3,356.6,70,1016.2
2014010900,0.7,0,5.7,326.6,34.8,1017.8
2014010906,-2.1,0,5.2,336.6,27,1023.3
2014010912,0.9,0,5.5,321.8,15.3,1023.7
2014010918,-2.8,0,3.8,336.6,19,1027.2
2014011000,-4.7,0,4.3,335.7,22.3,1029.8
2014011006,-2.7,0,4.9,333.4,38.2,1031.2
2014011012,3.1,0,3.6,305,31.3,1029.5
2014011018,-0.2,0,1.6,295.5,47.3,1030.2
2014011100,-0.8,0,1.5,354.1,53.2,1030.8
2014011106,0.7,0,2.1,350.5,46,1032.2
2014011112,5.1,0,3.3,336.7,33.2,1029.6
2014011118,2.2,0,2.4,323.3,44,1029.6
2014011200,-0.6,0,1.6,290.9,60.3,1027.9
2014011206,1.4,0,2,290.2,53.8,1027.6
2014011212,6.4,0,2.9,317.4,28.2,1025.1
2014011218,2.9,0,2,342.8,43.2,1026.1
2014011300,-1.2,0,2.5,18.6,36.2,1028.1
2014011306,-2.6,0,2.8,3.4,27.3,1029.9
2014011312,3,0,3.4,35,12.5,1028.8
2014011318,-0.3,0,1.5,6.4,18.5,1029.9
2014011400,-2.9,0,0.7,303.2,23.8,1030.8
2014011406,-2.2,0,1.3,335.3,25.8,1031.8
2014011412,4.9,0,2.9,23.2,15.5,1029.7
2014011418,0.9,0,2,356.6,22.7,1030.6
2014011500,-1.9,0,3,15,31.3,1031.1
2014011506,-1.1,0,2,352.8,31.7,1031.4
2014011512,5.5,0,3,342.8,18.3,1029.4
2014011518,1.9,0,2.2,343.4,28,1029.6
2014011600,-0.9,0,2.2,349.8,43,1029.5
2014011606,-0.5,0,1.9,340.7,48.3,1029.8
2014011612,6.2,0,2.5,39.5,28,1026.5
2014011618,3.4,0,1.9,347,41.2,1027
2014011700,2,0,2.1,350,51.7,1026.3
2014011706,2.3,0,2.3,350,53.3,1026.7
2014011712,7.4,0,3,16.1,26.5,1024.4
2014011718,2.5,0,1.1,325.5,43.7,1024.8
2014011800,-0.8,0,1.2,292.8,58.5,1024.1
2014011806,0.9,0,2.9,21.2,52.7,1024
2014011812,4.8,0,5.3,318.4,32.5,1023
2014011818,1.4,0,3.5,333.4,29.3,1026.6
2014011900,-2.2,0,1.8,349.8,39.7,1029.5
2014011906,-1.7,0,1.3,334.9,40.2,1031.6
2014011912,5.5,0,2.5,170,29,1027.4
2014011918,3.2,0,2,252.4,41,1026
2014012000,2,0,0.8,327.7,40.2,1022.9
2014012006,4.1,0,1.7,29.1,53.2,1019.2
2014012012,8.6,0,3.6,301.9,41.5,1016
2014012018,4.5,0,2.3,329.9,46.8,1017.9
2014012100,0.6,0,3.7,329.8,50.3,1019.5
2014012106,-0.5,0,4.1,320,45.2,1020.9
2014012112,2.6,0,4.1,336.6,35.8,1020.9
2014012118,-0.7,0,1.8,3.4,48,1024.4
2014012200,-3.5,0,1.3,29.1,62,1026
2014012206,-2.5,0,2.9,6.6,55,1027.1
2014012212,4.6,0,4.6,330,18.5,1025.2
2014012218,1.4,0,2.2,350,27.5,1027.2
2014012300,-1.9,0,2,345.9,45.2,1028.2
2014012306,-1,0,1.6,276.8,49,1028
2014012312,8.7,0,2.1,140.2,30,1024.2
2014012318,3.6,0,0.9,298,40.2,1023.7
2014012400,-1,0,0.2,0,58,1022.8
2014012406,1.9,0,1.2,343.3,55.5,1023
2014012412,13.1,0,4.7,265.2,38.5,1019.4
2014012418,10.2,0,2.3,266,58.2,1019.5
2014012500,10,0,1.6,266,66.3,1018.3
2014012506,10.7,0,2.1,264.9,74.3,1016.6
2014012512,14.1,0.6,2.6,263.5,73,1012
2014012518,10.7,0,2.9,1.3,67,1014.9
2014012600,6.3,0,3.8,333.4,58.3,1018.7
2014012606,3.4,0,4.4,350,43.5,1023.8
2014012612,6.8,0,4.3,25.7,42.8,1025.6
2014012618,2.4,0,2,335,68.7,1028
2014012700,-0.9,0,0.6,335.5,83.7,1027.5
2014012706,0.4,0,0.6,275.8,75.2,1027
2014012712,10.5,0,4.6,250,31.8,1022.3
2014012718,7.5,0,2.9,226.7,46.8,1021.2
2014012800,7.3,0,4.1,253.2,42.5,1020.3
2014012806,6.1,0,1.3,310.2,52,1020.9
2014012812,12.9,0,4.2,310.4,26.2,1020.4
2014012818,6.9,0,1.6,348,27.8,1024.3
2014012900,-0.1,0,0.9,283.8,49.5,1025.6
2014012906,1.3,0,0.5,320.7,40.5,1025
2014012912,14.1,0,3.3,214.3,21.2,1020.6
2014012918,10.8,0,2.2,246.6,46,1018.8
2014013000,10.8,0,2.5,252.4,64.2,1015.4
2014013006,11.2,0,2.1,270.9,68,1013
2014013012,15.3,0,4.3,263.4,49.3,1010.4
2014013018,11.7,0,3.3,308.2,43.5,1014.7
2014013100,5.7,0,2.6,29.6,40.2,1020.8
2014013106,5.2,0,1.6,356.5,28.2,1024.7
2014013112,12.3,0,2.4,157.7,13.7,1023.3
2014013118,7.5,0,0.9,330.7,36.5,1023.7
2014020100,3,0,0.9,296.6,49.8,1021.6
2014020106,6.3,0,0.8,270,55.7,1020.2
2014020112,17.2,0,4.2,225.7,59.8,1015.3
2014020118,11,4.1,2.5,59.8,83.7,1014.1
2014020200,8.2,1.7,0.6,20.8,90.8,1011.4
2014020206,9.8,0,0.9,59.7,88.8,1009.4
2014020212,17.8,0,1.8,104.7,66.2,1005.6
2014020218,13.9,0,1.6,318.6,68.3,1006.4
2014020300,10.5,0,2.5,17.8,68.7,1007.7
2014020306,9.1,0,2.9,23.2,60.8,1009.8
2014020312,11.5,0,3.7,0.4,37.5,1009.8
2014020318,5.1,0,3.4,343.2,18.3,1014.1
2014020400,-2.8,0,3.5,340,29.3,1016.9
2014020406,-4.4,0,5.1,346.4,29.2,1019.3
2014020412,1.4,0,5.6,333.2,13.2,1019.5
2014020418,-1.9,0,2.4,340,20,1023.8
2014020500,-5,0,1.5,353.7,29.5,1026
2014020506,-4.2,0,2.1,354.2,30.7,1028.5
2014020512,3,0,1.6,18.2,26.8,1026.9
2014020518,0.9,0,1.9,352.2,52.5,1027
2014020600,-1.1,0,0.6,335.6,62,1026.2
2014020606,0.3,0,1.1,288.4,69.5,1026.8
2014020612,4.1,0.2,2.8,18.2,66.8,1024.1
2014020618,3.1,0,2.1,349.8,72.2,1024.1
2014020700,2,0,1.5,340.7,72.2,1023.1
2014020706,3.5,0.3,2.6,26.6,85.2,1021.4
2014020712,6.2,3.5,5.5,78.7,71.3,1018.5
2014020718,4.6,3.8,5.3,83.4,81.2,1018.4
2014020800,3.4,6.2,4.2,59.6,84.3,1016.8
2014020806,3.8,4.9,3,20.2,78.3,1016.8
2014020812,5.3,0,2.7,3.4,71.3,1015.5
2014020818,3.1,0,1.5,348.7,82.3,1017.4
2014020900,1.6,0,1.1,311.3,90.5,1016.5
2014020906,2.8,0,2.8,357,78.5,1018.3
2014020912,5.2,0,3.7,6.6,69.3,1017.8
2014020918,1.9,2,3,0,88.3,1020.2
2014021000,0.9,10.8,3.1,0,95.2,1021.3
2014021006,0.7,5.7,2.8,3.3,94.8,1023.8
2014021012,1.2,6.1,3.2,35,90.7,1024.7
2014021018,-0.1,5.2,2.5,16.7,94.5,1026.8
2014021100,-0.7,2.7,2.9,0,85.8,1027.1
2014021106,-0.1,1.6,3.3,353.2,83.8,1027.2
2014021112,2.1,0.3,2.7,18.2,79.5,1026
2014021118,0.9,2.4,2.7,4.3,85.5,1026.7
2014021200,1.1,0.6,2.4,0,78.5,1027.4
2014021206,1.8,0,2.3,353.2,80,1028.1
2014021212,2.2,2.2,2,14.7,88.5,1028.3
2014021218,2,0.8,2.3,0,83.7,1028.8
2014021300,1.6,0.4,2.5,346.6,89.7,1029.1
2014021306,1.9,0,3.6,6.6,87.2,1030.1
2014021312,3.5,2.2,2.9,13.4,81.2,1029.2
2014021318,3.2,0.3,3.3,22.6,74.5,1029.9
2014021400,4,0,4.3,70,59,1029.3
2014021406,3.5,0,5.4,70,57.8,1029.3
2014021412,3.7,0.1,4.7,47.4,59.3,1026.7
2014021418,2.8,0,3.5,353.4,71.8,1025.4
2014021500,2.2,0,3.8,343.3,75.3,1024.9
2014021506,3.3,0,3.4,350,60.2,1025.7
2014021512,7.2,0,3.7,35,47,1025.6
2014021518,3.8,0,1.6,342.8,63.5,1027
2014021600,-0.1,0,0.7,304.6,83.8,1028
2014021606,1.5,0,0.5,330.5,77.7,1028.8
2014021612,10.4,0,2.7,141.4,36.7,1027.6
2014021618,6.5,0,0.7,311.8,55,1027.7
2014021700,5.4,0,1.5,8.5,58.5,1027.4
2014021706,7,0,2.4,30.2,51,1027.9
2014021712,6.8,0,4.1,50.3,71.3,1026.3
2014021718,4.7,3.6,3.4,44.3,86.2,1026.3
2014021800,4,1,4.8,60,73.5,1026.6
2014021806,2.6,1.6,3.9,42.3,76.8,1027.6
2014021812,2.9,0.9,4.1,29.9,68.2,1026.7
2014021818,2.5,0,3,14.7,59.8,1027.2
2014021900,2.4,0,3.2,3.3,57.3,1026.6
2014021906,3,0,2.7,10,57.2,1026.5
2014021912,3.5,0,2.5,28.5,70.2,1025.6
2014021918,3.1,0,1.9,355,76,1026.3
2014022000,2.1,0,1,333.9,78.8,1026.1
2014022006,2.7,0,0.6,260.3,74.2,1026.8
2014022012,8.9,0,2.7,106.9,40.5,1024.7
2014022018,5.5,0,1.5,341.1,55.5,1026
2014022100,1.9,0,1.6,7.9,55.7,1027.5
2014022106,2.3,0,1.3,357.6,50.3,1029.1
2014022112,8.6,0,2.7,85.8,36.3,1027.9
2014022118,4.9,0,1.4,14.4,68.3,1029.4
2014022200,0.9,0,0.9,299.1,86.7,1030.1
2014022206,2.9,0,1.5,292.7,64.2,1030.9
2014022212,9.4,0,4,83.4,46.7,1028.9
2014022218,5.9,0,2,346.6,70.5,1030
2014022300,2,0,0.8,319,85.8,1030.4
2014022306,4,0,0.9,310.7,79,1031.1
2014022312,10.6,0,3,76.6,48.8,1028.7
2014022318,7,0,1.5,359.3,70.8,1029.6
2014022400,3,0,1.2,342.1,85.3,1029.3
2014022406,4.2,0,0.6,295.6,77.8,1029.5
2014022412,12.4,0,2.5,121.6,37.2,1026.8
2014022418,8.4,0,1.4,30.2,61.7,1027.1
2014022500,4.8,0,1.8,329.9,61.3,1028
2014022506,6.3,0,1.1,225.3,57.7,1028.8
2014022512,12.6,0,2.9,128,38.5,1027.4
2014022518,8.9,0,1.1,49.7,57.2,1028.1
2014022600,5.1,0,0.4,341,76,1027.7
2014022606,6.1,0,0.4,310.4,75.3,1027.4
2014022612,9.6,3.3,0.8,19.7,82.7,1024.5
2014022618,9,13.6,2,31.8,92.3,1022.3
2014022700,9.6,5.3,2.5,4.4,93.3,1019.6
2014022706,10.6,0.4,1.9,343,87.2,1019.4
2014022712,15,0,2.2,201.6,64.5,1017
2014022718,11.7,0,1.1,10.7,82.8,1018.2
2014022800,10.1,0,2.3,359.4,63.8,1020
2014022806,9.6,0,2.5,38.2,69.3,1023.2
2014022812,9.5,0,3.5,60,69,1022.7
2014022818,8.4,0.7,1.5,20.9,77.8,1022.4
2014030100,7.7,0,1.2,321.5,82.2,1020.7
2014030106,8.4,0.1,1.5,280,81.2,1020
2014030112,10.7,0.2,1.9,72,78.8,1017.2
2014030118,9.2,1.9,0.9,41.6,92,1016.6
2014030200,7.8,0.2,2.4,4.3,89.3,1016.7
2014030206,7.1,0,2.6,13.4,79.2,1018.4
2014030212,9.2,0,4.6,43.8,53.2,1019
2014030218,5.4,0,2.8,354.1,70.5,1022.6
2014030300,3.5,0,0.9,337.2,81.2,1025.4
2014030306,5.2,0,1.9,325,70.2,1027.6
2014030312,8.7,0,4,83.2,46.2,1027.3
2014030318,5.6,0,2.1,25,58,1028.5
2014030400,1.6,0,0.6,323.3,79.3,1027.4
2014030406,4.6,0,0.6,276.7,69.8,1025.8
2014030412,11.1,0,2.2,134.7,32.3,1020.7
2014030418,8.9,0,1.5,299.5,56,1019.9
2014030500,6.4,0.3,1.7,326.9,65,1017.8
2014030506,6.1,0,3.2,8.7,49.3,1018.4
2014030512,9.1,0,4.3,41.6,37,1018.1
2014030518,3.9,0,3,35,58.2,1022.3
2014030600,1.1,0,3,308.2,36.2,1024.6
2014030606,2.1,0,3.8,346.3,27,1026.3
2014030612,7,0,3.6,322.3,18,1024.8
2014030618,4.8,0,2.2,310.1,23.3,1025.6
2014030700,1.6,0,2.3,299.9,38.8,1027.5
2014030706,0.9,0,3.7,326.4,35.5,1029
2014030712,6.4,0,4.3,340,16,1026.8
2014030718,4.2,0,2.5,323.3,18.3,1027.7
2014030800,2.3,0,2.5,343.1,27,1027.6
2014030806,3.3,0,2.5,325,40.7,1026.8
2014030812,8.2,0,2.9,195.4,31,1022.4
2014030818,4.9,0,1.6,275.5,52.2,1021.7
2014030900,3.8,0,2.9,330,45,1020.6
2014030906,5.6,0,2.5,304.5,46.8,1019.1
2014030912,8.8,0,4.4,301.6,42.3,1016.5
2014030918,4.4,0,3.2,343.4,31.2,1019.9
2014031000,0.4,0,2.3,353.4,37,1023.5
2014031006,1.9,0,2.8,2.9,32.8,1025.7
2014031012,8.9,0,3.3,137.3,25.7,1024.7
2014031018,5.3,0,1.2,278.1,51.7,1026
2014031100,0.6,0,0.7,297.3,65.5,1027.5
2014031106,3,0,1.2,283.5,51.5,1027.7
2014031112,15.1,0,3.4,178,19.8,1023.9
2014031118,10.9,0,3.9,238.8,26.8,1024.2
2014031200,7.7,0,1.8,266.4,60.2,1023.6
2014031206,9.8,0,0.6,239,62.8,1021.7
2014031212,11.4,0.8,1.3,263.7,84.7,1017
2014031218,12.4,11.1,1.5,155.7,96.5,1012.1
2014031300,9.2,35.4,4.4,29.1,91.2,1008.8
2014031306,5.7,10.8,4.8,29.9,85.3,1010.8
2014031312,4.4,3.3,3.4,7.5,85.5,1012.3
2014031318,2.2,2.9,3.2,346.6,85.7,1015.7
2014031400,1.5,0,1.5,340,76.7,1017
2014031406,3,0,1.6,345.3,64.8,1018.7
2014031412,7.8,0,2.5,1.4,40.2,1017.9
2014031418,4.7,0,1.2,235.5,72.3,1020.2
2014031500,0.8,0,0.8,325,81.2,1021.5
2014031506,3.9,0,1,272.9,59.2,1022.5
2014031512,14.1,0,4.5,245.8,25.8,1018.7
2014031518,11.4,0,3.3,223.4,51,1018.7
2014031600,9.1,0,2.9,197.1,58.7,1019
2014031606,12.8,0,3.4,281.2,44,1020.8
2014031612,18.8,0,3.7,252.1,33.5,1020.6
2014031618,12.3,0,1.5,78.6,64.3,1022.6
2014031700,6.9,0,0.6,298.4,85,1022.6
2014031706,10.5,0,1,316.5,70,1022.7
2014031712,19.2,0,5.5,228.4,41.3,1018.3
2014031718,15.6,0,5.8,240,64.3,1016.6
2014031800,15.2,0,3.5,206.2,86.5,1012.9
2014031806,18.5,0,3.3,229.8,65.7,1011.4
2014031812,19.7,0,5,30.4,41,1012.6
2014031818,11,0,4.8,63.4,68.3,1019.2
2014031900,9.1,0,2.7,53.3,65,1020.6
2014031906,9.6,0,2.8,63.2,60,1020.6
2014031912,10.3,0,4.6,73.3,49.5,1017.7
2014031918,9.1,0,2.5,50.3,56,1016.5
2014032000,8.4,0,1.8,349.8,62.3,1013.9
2014032006,7.3,1,1.9,320.7,83.3,1012
2014032012,10.2,1.7,4.2,346.5,61.2,1008.9
2014032018,4.8,0.9,2.3,350.2,83,1013.3
2014032100,2.8,0,2.2,8.1,83.5,1016.1
2014032106,5.2,0,2.8,346.6,65,1019
2014032112,9.2,0,4,340,41,1019.2
2014032118,6,0,1.8,320,62.5,1021.6
2014032200,1.6,0,0.6,304.1,76.8,1022.9
2014032206,6.2,0,1.2,293.9,55.7,1024
2014032212,15.6,0,3.4,197,25.8,1021.7
2014032218,11.6,0,1,302.6,47.7,1023.4
2014032300,6.7,0,1.2,280,66,1025.8
2014032306,9.6,0,0.7,23.9,55.2,1027.7
2014032312,18.7,0,3.1,154.9,23.8,1025.4
2014032318,13.9,0,1.3,310.2,40.3,1025.7
2014032400,8.6,0,1.1,324.2,51.8,1025.4
2014032406,10.3,0,1.5,263.2,45.3,1025
2014032412,19.4,0,4.3,246.6,18.2,1020.2
2014032418,15.2,0,4.6,243.4,48.2,1019.5
2014032500,14.1,0,2,232.2,61.3,1018.8
2014032506,15.5,0,3.2,260.2,60,1018.1
2014032512,17.9,0,5.1,260,60.8,1014.8
2014032518,15.2,1.8,1.7,240,90.5,1013.6
2014032600,14.6,9.5,1.2,207.1,97.2,1010.3
2014032606,15.1,3.6,1.1,45.8,93.3,1008.9
2014032612,16.6,0,1.5,87.3,84.5,1008.6
2014032618,14,3.7,0.9,25,94,1011.2
2014032700,11.9,0,1.2,322.3,98.2,1013.3
2014032706,11.9,0,0.9,298.4,94.8,1016.4
2014032712,17.2,0,3.5,153.2,69.2,1016.7
2014032718,13.9,0,2,226.9,83.7,1018.4
2014032800,10.1,0,1,274.4,96.2,1019.3
2014032806,12.6,0,0.5,350.3,84.3,1019.7
2014032812,23.5,0,5.2,233.3,24.5,1016.2
2014032818,19.2,0,2.4,231.8,36.8,1016.5
2014032900,18.1,0,2.9,240,64.7,1015.3
2014032906,16.6,0,3.7,220.1,68,1014
2014032912,13.9,0.4,2.6,162,92.5,1009.9
2014032918,13.9,22.8,1.4,26.3,97.2,1004.5
2014033000,12.4,6,2,337.6,92.7,1002.9
2014033006,12.3,4,2.2,351.7,86,1005.2
2014033012,15.8,0,2.9,67.9,65.3,1007.9
2014033018,11.7,0,2,40.2,55,1014.3
2014033100,7.3,0,0.6,319.9,80.2,1015.9
2014033106,10.4,0,0.8,265.9,73.8,1017.4
2014033112,17.3,0,2.9,145.3,47.5,1015.9
2014033118,13.5,0,2,217,80.2,1017.1
2014040100,9.6,0,0.8,293.5,94.2,1016.5
2014040106,12.9,0,0.8,263.5,73.2,1017.3
2014040112,18.7,0,3.7,148.8,57.3,1015.7
2014040118,13.9,0,1.2,70,81.2,1016.4
2014040200,9.5,0,0.7,296.6,90.8,1016.9
2014040206,13.2,0,1,249.4,62.2,1017.7
2014040212,20.4,0,3.5,143.3,34.8,1016
2014040218,15.5,0,1.1,51.2,61.3,1016.3
2014040300,10.7,0,0.6,299.1,77.5,1015.8
2014040306,13.8,0,0.9,215,58.8,1014.5
2014040312,16.5,0,3.3,104.7,59,1011.1
2014040318,11.2,1.3,2.6,38.4,84.7,1009.3
2014040400,5.8,6.2,4.1,0,82.3,1009.3
2014040406,7.3,0,3.7,339.6,58.3,1011.6
2014040412,11.9,0,3.4,354.6,35.7,1011.8
2014040418,9.1,0,3.2,86.9,65.2,1013.4
2014040500,5.4,1.9,2,8.7,88.2,1015
2014040506,7.4,0,1.9,252.2,74.7,1015
2014040512,12,0,3.4,173.9,54.8,1011
2014040518,9.3,0,3.8,334.9,49.3,1012
2014040600,5.4,0,2.1,343.2,57.2,1015.8
2014040606,7.2,0,3.1,343.4,46,1019.4
2014040612,12.8,0,3.6,283.2,27,1018.5
2014040618,9.9,0,1.3,270,47.3,1018.6
2014040700,6.7,0,1.1,263.4,53.5,1019
2014040706,11.5,0,1.4,251.1,43.7,1018.1
2014040712,21.1,0,4.3,270,16.8,1014.5
2014040718,18,0,2.9,315.1,24,1014.5
2014040800,13.6,0,3.1,353.4,29.2,1015.5
2014040806,14.9,0,2,36.5,25.5,1017.4
2014040812,20.1,0,3.3,135.4,24.8,1015.6
2014040818,14.7,0,1.9,203.8,35.5,1016.8
2014040900,8.8,0,0.7,312.1,58.3,1016.7
2014040906,13.3,0,1.1,246.6,48.2,1016.9
2014040912,22.3,0,3.9,170,20.7,1013.8
2014040918,16.6,0,1.2,280,45.5,1013.9
2014041000,11.8,0,1.2,273.4,60.2,1015.2
2014041006,14.9,0,3.7,43.7,53.3,1018.2
2014041012,14.7,0,6.5,83.4,50.2,1020
2014041018,10.6,0,2.2,11.9,59.3,1022
2014041100,8.9,0,1.3,318.8,66.3,1021.4
2014041106,11.2,0,1.5,291.3,59.7,1022.4
2014041112,16.2,0,2.9,150,34.3,1020.1
2014041118,12.6,0,1.3,60.6,55.3,1020
2014041200,9.5,0,1,282.2,73.2,1019.6
2014041206,11.3,0,0.9,285.3,69.7,1020.2
2014041212,15.6,0,1.8,161.6,46.7,1017.9
2014041218,14.5,0,1.3,25,51.8,1017.6
2014041300,12,0,0.9,312.6,69.3,1017.2
2014041306,12.1,0.5,1.2,291.3,79.5,1017.7
2014041312,15.6,0,4,80,60.3,1016.7
2014041318,12.6,0,3.2,46.3,66.2,1018.5
2014041400,9.2,0,1.2,340.5,73.5,1019.6
2014041406,12.6,0,1.3,229.7,55,1021.1
2014041412,18.9,0,3.7,156.1,27.3,1019.5
2014041418,13.9,0,2.4,214.4,48.2,1019.9
2014041500,9,0,0.7,285.6,67,1019.3
2014041506,16.8,0,3.2,316.8,41.7,1018.4
2014041512,26.7,0,4,325.3,23.2,1014.8
2014041518,22.5,0,1.8,287.7,37.8,1015
2014041600,19.4,0,2.7,336.7,45.5,1015.4
2014041606,20.3,0,1.4,43.2,51.2,1015.6
2014041612,23.1,0,3.7,131.5,40,1012.9
2014041618,17.8,0,1.9,100.1,64.7,1013.2
2014041700,13.9,0,0.9,290.5,80.8,1013.8
2014041706,17.4,0,1,227.9,53.5,1014.2
2014041712,20,0,3.5,125,44.5,1012.7
2014041718,13.1,15.5,2.8,50.7,92.5,1013.2
2014041800,11.8,3.2,1.9,13.1,93.2,1013.4
2014041806,12.2,0,2.2,6.6,88,1015.8
2014041812,14.2,0,3.1,26.6,69.7,1016.7
2014041818,11.9,0,2.1,22.4,63.7,1018.7
2014041900,10.7,0,2.4,3.4,76.3,1020.4
2014041906,12.4,0,4.3,65.6,63.2,1022.1
2014041912,13.3,0,5.2,80,54.8,1022.4
2014041918,11.4,0,3.4,56.6,58.3,1022.6
2014042000,10.8,0,2.5,50,66.5,1021.6
2014042006,12.3,0,2.9,70,61.5,1020.9
2014042012,15.6,0,3.5,107.7,52.3,1017.9
2014042018,12.4,0,1.8,94.3,69.2,1016.8
2014042100,10.7,0,1.2,289.3,82.3,1015.7
2014042106,15.7,0,1.5,325.4,59,1014.8
2014042112,20.8,0,3.9,126.5,39.8,1012.6
2014042118,15.5,0,1.6,48.1,53.7,1014.5
2014042200,12.3,0,0.7,316.2,69.3,1015
2014042206,15.9,0,1.9,302.4,50.3,1014.9
2014042212,19.2,0,4.9,83.4,33.8,1013.4
2014042218,14.4,0,1.9,354.1,49.5,1015.8
2014042300,10.1,0,0.9,304.7,68.8,1017.2
2014042306,15.4,0,1.3,248.7,50.2,1018.4
2014042312,22,0,3.8,158.5,28.2,1017.2
2014042318,16.9,0,1.8,227.4,38.5,1018.7
2014042400,11.3,0,0.8,292.8,63.5,1020.5
2014042406,15.8,0,1.4,225.8,53,1022.2
2014042412,23.1,0,4,177.7,25.3,1021.6
2014042418,17.8,0,1.4,262.2,37.2,1022.4
2014042500,11.5,0,0.6,308.4,59.5,1023
2014042506,15.8,0,0.9,246.9,45.7,1024.4
2014042512,22.8,0,3.8,140,26.8,1022.7
2014042518,17.3,0,1.3,354.1,46.3,1023.5
2014042600,11.5,0,0.7,310.9,60.2,1023.4
2014042606,16,0,0.9,194.5,48.3,1024.3
2014042612,22,0,2.8,110.2,50.7,1022.5
2014042618,18.4,0,1.2,40.6,62.8,1023.4
2014042700,15.3,0,0.8,310.5,72.2,1022.8
2014042706,17.4,0,1.1,193.8,67.2,1022
2014042712,20,0,3,205.8,60.2,1019.7
2014042718,17,1.2,2,295.3,64.3,1019.1
2014042800,13.5,9.4,1.7,27,92.8,1018.7
2014042806,14.1,12.5,4.8,83.4,92,1016.7
2014042812,13.6,7.4,4.4,86.7,92.2,1014.4
2014042818,13.7,5.8,3.9,70,93,1012.8
2014042900,14.4,25.5,3,53.3,96.2,1009.5
2014042906,15.9,0.8,2.2,90,94.3,1008
2014042912,17.5,0,2.9,140.5,79.8,1006.6
2014042918,16.1,0,1.5,200,83.7,1007.2
2014043000,14.6,0,1.4,19.8,90,1008.3
2014043006,15.1,0,0.9,13,80.7,1009.7
2014043012,15.5,0,2,93.9,77.5,1010.3
2014043018,13.9,0,1.4,53.3,86,1011.8
2014050100,13.5,0.2,0.6,352.4,90.8,1012.2
2014050106,16.7,0,2.2,276.8,78.8,1013.2
2014050112,23.3,0,2.2,170,49.2,1011
2014050118,20.3,0,2.5,293.2,61.2,1012
2014050200,15.3,0,1.7,299.6,75.8,1013
2014050206,19.1,0,2.1,270,56.2,1013.6
2014050212,27,0,4.2,234,29.7,1010.9
2014050218,21.3,0,4,240,54.2,1010.2
2014050300,17.7,0,4,307.1,51,1011.1
2014050306,16.5,0,4.2,333.2,32,1016.5
2014050312,20.7,0,4,235,27.5,1017.5
2014050318,16.3,0,3,244.2,40.5,1018.8
2014050400,11.3,0,1,298.7,63.3,1019.2
2014050406,15.4,0,1.6,261.4,48.7,1017.1
2014050412,21,0,3.8,215,24.2,1013.1
2014050418,17.6,0,4.4,235,38.3,1013.4
2014050500,12.6,0.1,4.3,308.1,50.8,1014.3
2014050506,13.4,0,3.7,313.4,31.2,1016.5
2014050512,18.2,0,4.6,332.3,19.5,1016.1
2014050518,14.8,0,2.1,302.8,28.3,1017.8
2014050600,9.5,0,1.6,299.9,41.2,1018.8
2014050606,13.2,0,2.5,313.9,37.5,1019.7
2014050612,18.6,0,3.5,190,27.8,1017.6
2014050618,14.7,0,2.2,235.9,37.8,1017.3
2014050700,10.1,0,1,272,62.5,1017.5
2014050706,14.7,0,1.6,118.6,52.3,1017
2014050712,22,0,4.2,183.4,29.5,1013.2
2014050718,16.9,0,3.2,233.3,44.2,1012.6
2014050800,15.1,0,3.2,238.5,63.5,1011.9
2014050806,18.5,0.2,3.9,225.3,68,1008.8
2014050812,25,0,5.5,292.8,29.2,1007
2014050818,19.5,0,2.7,25,41,1011.8
2014050900,14.6,0,1.9,16.5,60.5,1014.6
2014050906,17.6,0,1.8,358.9,53.2,1017.1
2014050912,20.2,0,5.2,91,41.2,1017.7
2014050918,15.2,0,2.3,29.5,42.8,1021.3
2014051000,10.7,0,0.9,295.6,61.3,1022.3
2014051006,14.9,0,1.8,266.2,55.5,1023.4
2014051012,20.6,0,3.3,108.2,38,1022.1
2014051018,16.2,0,1.9,3.4,48.5,1022.3
2014051100,12.1,0,1.6,276.6,64.5,1020.9
2014051106,16.6,0,2,170,61,1019.5
2014051112,21.6,0,3.7,152.1,43,1015.9
2014051118,18.9,0.1,2.3,195,65.8,1012.4
2014051200,17.2,20.9,2.7,231.8,92.8,1008.2
2014051206,20.4,11.6,3.5,246.7,87.3,1004.7
2014051212,25.8,0,4,304.2,41.5,1003.8
2014051218,21.7,0,2.3,313.9,41.8,1006
2014051300,19.7,0,2.7,305,40.3,1007.4
2014051306,21.9,0,2.7,298.1,39.3,1008.8
2014051312,29.4,0,4.1,243.2,25.3,1006.4
2014051318,23.7,0,3.2,263.1,40,1006.5
2014051400,18.9,0,1.3,285,61.7,1005.6
2014051406,19.4,0,1.1,310.5,65.7,1004.9
2014051412,21,0,2.8,235.3,52.7,1001.5
2014051418,18,0,1.4,5,55,999.3
2014051500,16,0,1.3,282.4,75.8,996.8
2014051506,19,0,3.8,333.9,60.8,997.5
2014051512,26,0,5.2,321.8,28.8,998.5
2014051518,21.2,0,1.9,331.3,27.3,1001.2
2014051600,16.5,0,0.8,326.4,40.3,1004.1
2014051606,21.2,0,2.2,321.3,28.8,1007
2014051612,27.5,0,4.2,311.5,19.7,1006.9
2014051618,23.1,0,1.8,8.8,30.3,1009.1
2014051700,17.1,0,1.1,343.7,49.5,1011.8
2014051706,19.9,0,1.2,240.3,46.8,1012.3
2014051712,23.8,0,4.2,138.4,40.5,1011
2014051718,19,0,2.4,95.1,78,1012.3
2014051800,15.9,0,0.8,346.6,88.5,1013.6
2014051806,19.4,0,1.4,250,71.3,1013.9
2014051812,23.5,0,3.4,139.1,42.8,1012.8
2014051818,19.5,0,2.3,174.3,67.8,1013.2
2014051900,15.4,0,0.8,310.9,89.3,1013.9
2014051906,20.5,0,1.3,242.1,60.2,1013.8
2014051912,26.4,0,3.7,156.1,32.7,1011.6
2014051918,22.5,0,2.1,212.6,45.3,1011.2
2014052000,19.1,0,1.2,279.4,63.3,1010.2
2014052006,19.4,0,1.9,109.4,70.7,1008.6
2014052012,18.7,1.3,2.7,103.4,85,1006
2014052018,17.6,0,1.2,27,86.5,1004.6
2014052100,14.9,0,0.9,314.4,93.8,1004.5
2014052106,19.5,0,1.6,247.6,68,1005.4
2014052112,24.2,0,4.2,38.2,45.7,1005.1
2014052118,18.6,0,2.2,41.6,61.8,1007.9
2014052200,15,0,1.2,310.9,76,1009.5
2014052206,20.5,0,1.6,84,61.2,1011.4
2014052212,20.9,0,4.1,110.2,67.5,1012.9
2014052218,17.3,0,3,66.6,80.8,1016.3
2014052300,16.1,0,1.5,45.1,77.8,1018.5
2014052306,17.2,0,2.1,76.6,74.8,1020.8
2014052312,19.4,0,2.2,145.3,66.7,1020
2014052318,17.6,0,2.2,213.4,74.7,1019.3
2014052400,15.3,0,0.8,302.9,87.5,1018.9
2014052406,21.6,0,1.2,266.1,70.3,1017.6
2014052412,27.9,0,3.2,140.6,50.2,1014.4
2014052418,24.9,0,3.2,253,47,1014.6
2014052500,22,0,2.9,263.5,53.7,1014.7
2014052506,22.9,0,2.7,213,61.5,1014.3
2014052512,24.5,0,5.1,223.4,54.5,1010.7
2014052518,19.8,0,4.3,218.2,80.8,1008.8
2014052600,19.7,2.4,3.5,223.4,94,1003.3
2014052606,22,0,1.2,35,83.3,1002
2014052612,26.6,0,4.1,273.4,35.7,1000.5
2014052618,23,0,2,313.4,35.8,1002.3
2014052700,17.2,0,1.5,282.1,48.8,1003.9
2014052706,23.8,0,2.4,315,31.3,1002.8
2014052712,30,0,4.5,250,23.3,1000.2
2014052718,24.2,0,2.6,208.6,47,1001.3
2014052800,18.8,0,1.7,63.4,78.8,1001.5
2014052806,23.6,0,2.3,330,62.5,1001.3
2014052812,25.4,0,4.2,139.1,62.7,999.8
2014052818,18.5,8.9,2.9,33.6,86.3,1002.3
2014052900,16.2,0,1.4,269.4,91.7,1004.3
2014052906,22,0,1.9,252,70,1006.4
2014052912,30.1,0,3.2,153.4,38.8,1005.7
2014052918,24.2,0,1.2,39.8,58.3,1007.1
2014053000,20.8,0,0.5,0,66.7,1008.2
2014053006,25.1,0,1.4,255.8,54,1009.6
2014053012,30,0,3.1,111.6,39.8,1008.9
2014053018,25.8,0,1.3,37.9,52.5,1010
2014053100,21.5,0,0.8,292,61.5,1012.1
2014053106,26,0,1.1,248.1,47.8,1013
2014053112,31.2,0,3.5,145,31.7,1011.8
2014053118,27.1,0,1.3,45,42.2,1011.5
2014060100,23.1,0,1.2,308.1,50.5,1012.2
2014060106,26.4,0,2.4,296.6,47.2,1012.2
2014060112,31.1,0,1.9,250,40.8,1010.2
2014060118,26.8,0,1.3,265.3,55.3,1010.3
2014060200,23.1,0,0.8,294.4,55.3,1010.4
2014060206,23.9,0,1.4,205,49.3,1009.8
2014060212,23.2,0.4,2.6,250.6,55.2,1009.4
2014060218,18.8,6.9,1.3,332.6,84.5,1009.2
2014060300,18,5.1,1.2,45.4,92.7,1008.2
2014060306,19.6,0.5,2.7,73.4,88.2,1008
2014060312,19.8,0.9,3,103.4,88.7,1007.1
2014060318,18.7,5.2,2.2,86.6,97.3,1007.3
2014060400,18.6,0.3,2,18.5,91.3,1006.5
2014060406,19.9,0,3.8,56.6,78.2,1006.6
2014060412,21.3,0.5,3.7,37.1,76.2,1005.6
2014060418,18.8,1.8,3.2,45.1,91,1005.5
2014060500,18.1,1.4,1.8,40.1,95.2,1004.2
2014060506,18.5,3.6,2.2,16.7,94.8,1004
2014060512,19,4.5,2.1,21.6,93.5,1003.8
2014060518,17.8,0.2,2.1,8.7,90.3,1004.8
2014060600,17.1,0.1,2.1,356.9,90.2,1005.1
2014060606,19.1,0,2.2,23.2,70,1005.8
2014060612,24.2,0,3.3,35,49.3,1005
2014060618,20.6,0,1.9,17.3,55.3,1005.9
2014060700,16,0,1.5,57.2,82,1006.7
2014060706,18.5,0,2.5,12.8,76.2,1007.2
2014060712,22.3,0,4.2,73.4,64.3,1005.4
2014060718,19.2,0,2.3,53.3,75,1006.5
2014060800,18.5,0,1.6,3.4,77.7,1006.9
2014060806,19.7,0,1.2,33.1,74.7,1007.7
2014060812,21.2,0,2.8,76.6,71.5,1007.5
2014060818,19.4,0,2.2,56.6,81.8,1008.7
2014060900,18.8,0,1.6,40.1,82.7,1009.7
2014060906,19.6,0,1.9,55.3,80.2,1011.4
2014060912,20.7,0,3.2,83.4,74.8,1011.5
2014060918,19.8,0,2.6,60,79.5,1011.9
2014061000,18.8,0.4,1.8,21.6,84.8,1011.8
2014061006,19.6,0,1.8,35,83.2,1012.1
2014061012,21.8,0,3,63.2,73.7,1011
2014061018,19.8,0,2.7,50.3,82,1010
2014061100,18.6,0.4,1.5,340,91.2,1008.7
2014061106,19.3,0,2.1,24.6,86.8,1008.2
2014061112,20.7,0,3.7,45.1,75.3,1006.2
2014061118,18.7,0,2,8.7,76.8,1005.5
2014061200,17.9,0,1.6,331.1,81.2,1004.2
2014061206,18.4,0.1,2,342.4,79,1003.4
2014061212,20.6,0,3,43.4,71,1002
2014061218,18.6,0,1.4,38.4,79.7,1002.8
2014061300,17.2,0,0.8,3.4,88.2,1003
2014061306,20.6,0,1.5,233.7,74.2,1003.7
2014061312,22.4,4.1,3.4,163.7,70.3,1004.2
2014061318,20.5,0,0.7,281.8,84.5,1005.8
2014061400,17.5,0,0.9,310.9,96.7,1006.7
2014061406,21.9,0,1.3,240,75.8,1007.2
2014061412,27.7,0,3.4,149.9,54.3,1005.6
2014061418,25,0,1.6,288.6,56.7,1005.7
2014061500,20.8,0,1.5,295.6,74.7,1006.3
2014061506,24,0,2.2,281.5,59.5,1006.2
2014061512,28.9,0,2.9,45,40.2,1004.6
2014061518,24.5,0,1.4,12.1,58.8,1005
2014061600,20.8,0,1.7,286.7,65.3,1005.8
2014061606,24,0,1.5,295,56.7,1005.7
2014061612,29.1,0,3.3,109.6,38.2,1004
2014061618,25.4,0,1.2,310.7,53,1004.8
2014061700,22.5,0,0.7,337.3,62.7,1005.4
2014061706,22.6,0,1.4,86.6,71,1006.5
2014061712,23.8,0,2.9,181.4,57.7,1006.1
2014061718,21.8,0,2.5,84.1,59.3,1005.2
2014061800,20.6,1,2.6,43.4,80,1004.1
2014061806,22,0.5,4.6,63.4,73.7,1004.9
2014061812,24.8,0,5.2,80.2,56.8,1004.6
2014061818,21.3,0,2.3,65.6,74.5,1005.5
2014061900,18.7,0,0.9,338,90.2,1006.1
2014061906,22.6,0,1.5,271.3,73.7,1006.4
2014061912,27,0,4,111.6,53,1004.6
2014061918,25.2,0.7,1.8,259.3,55.8,1005.4
2014062000,22.2,0,0.9,36.5,75.3,1006.8
2014062006,22.9,0,2.2,40.1,75.2,1009.4
2014062012,23.6,0,4,62.1,68.7,1009.9
2014062018,20.5,0,3.3,60,79,1010.8
2014062100,19.6,0,1.3,20.2,86.5,1010.6
2014062106,20.4,0,3,51.8,82.5,1010
2014062112,20.6,0.2,3.1,45.1,84.2,1008.8
2014062118,19.5,0.7,2.4,37.1,92.7,1008.4
2014062200,18.9,0.3,2,10.2,88.8,1007.7
2014062206,19.8,0,2,6.8,84.3,1008.6
2014062212,21,0,1.9,41.5,74.8,1008.2
2014062218,19.5,0,1.9,63.2,77.2,1008.4
2014062300,17.4,0,0.7,357.6,89.2,1008.1
2014062306,20.7,0,1.2,221.3,73.7,1008.2
2014062312,24.5,0,3.1,130.1,64.7,1005.8
2014062318,20.1,26,1.6,355.2,88.7,1006.2
2014062400,17.3,7.8,0.9,338.6,98.5,1006.4
2014062406,20.7,0,1.6,275.2,84,1006.9
2014062412,25.2,0,3,154.9,61,1006
2014062418,22.5,0,1.6,77.2,80.8,1007
2014062500,20.4,0,0.9,356.9,88.2,1008.2
2014062506,23.8,0,1.4,114.4,75.5,1008.5
2014062512,26,0,3.8,140.3,67,1008.1
2014062518,22.8,0,1.7,75.1,87.3,1008.4
2014062600,20.8,0,0.6,339.1,91.5,1008.5
2014062606,23.2,0,1.2,235.5,74.5,1008.3
2014062612,27.5,0,3.8,140,57.7,1006.9
2014062618,24.1,0,2,181.3,65,1007.2
2014062700,19.8,0,0.8,299.1,87,1006.9
2014062706,23.7,0,2,157.6,72.7,1006.2
2014062712,27.1,0,3.4,150,58.3,1004.5
2014062718,23.9,0,2.5,168.6,75.7,1003.9
2014062800,21,0,0.9,298.4,87.8,1003.2
2014062806,24.4,0,2,313.4,70.8,1002.8
2014062812,28.5,0,2.8,160,54.5,1000.8
2014062818,25.3,0,0.9,42.6,70,1001.5
2014062900,22.7,0,1.9,332.1,63.8,1003.5
2014062906,25,0,1.4,270.7,55.3,1005
2014062912,26.7,0,3.4,100,49.2,1005.1
2014062918,23.6,0,2.3,89.3,68.5,1006.7
2014063000,21.5,0,0.9,301.3,81.7,1007.8
2014063006,23.3,0,1.2,258.5,77.3,1008.9
2014063012,26.5,0,3.2,145.3,67,1008.3
2014063018,23.2,0,2.2,95.1,83,1009.2
2014070100,21.6,0,0.6,331.2,92,1009.9
2014070106,25,0,1.2,335.6,77.7,1010.9
2014070112,27.5,0,4,145.3,67.7,1010.1
2014070118,24,0,2.4,105,84.5,1009.9
2014070200,22.6,0,1.7,116.7,87.7,1010
2014070206,24.5,0,1.2,196.2,75.7,1010.1
2014070212,25.5,0,3.4,128.2,68.8,1008.2
2014070218,23,3.1,2.4,122.9,87.2,1007.2
2014070300,21.1,26.5,2.2,80.2,98,1004.2
2014070306,20.8,15.6,3,70,96.8,1001.9
2014070312,22.4,0.9,1.9,23.1,93.7,999.6
2014070318,21.7,0.1,1.3,333.1,92.7,1001
2014070400,21.2,0,1.4,336.6,91.8,1002.8
2014070406,22.6,0,2.4,7.9,84.3,1005.8
2014070412,26,0,3.3,55.3,63.5,1007
2014070418,23.4,0,2.1,19.9,72.3,1009
2014070500,20.5,0,0.9,313.4,90.3,1010.6
2014070506,22.9,0,1.7,27,76.5,1011.7
2014070512,25.4,0,3.5,58.5,63.3,1011.3
2014070518,22.5,0,2,43.4,74,1011.7
2014070600,21,0,0.6,353.6,82,1010.4
2014070606,21.4,0.7,1.5,49.7,89.3,1009.1
2014070612,21.7,2.7,2.4,130,91.3,1007.3
2014070618,19.3,1.9,1.4,313.9,95,1007
2014070700,19.7,0,0.7,351.8,94.5,1006.4
2014070706,22,0,1,354.1,88.7,1007.2
2014070712,23.5,0,2.3,91.3,84.8,1006.9
2014070718,22.7,0,0.9,10.2,92.5,1007.9
2014070800,21.7,0.6,0.6,330.5,98.2,1007.4
2014070806,22.5,0.2,0.7,320.4,97,1008.5
2014070812,24.4,10,0.8,55.5,97,1007.8
2014070818,25.1,0,1,21.2,95.5,1008
2014070900,23.5,0,0.7,289.2,99.8,1007.1
2014070906,26.4,0,1.4,206.4,88.5,1006.2
2014070912,28.5,0,4.2,111.6,73.5,1001.5
2014070918,26.2,1.9,3.4,86.6,84.5,998.2
2014071000,24.9,0.3,2.9,58.5,90.8,994.2
2014071006,25.8,0,3,13.4,86.7,993
2014071012,29,0,2.8,40.4,68.8,993.6
2014071018,27,0,1.1,325,79.2,996.3
2014071100,24.7,0,0.8,344.6,92.7,997.3
2014071106,27.4,0,1.5,328.3,61.5,998.8
2014071112,32.4,0,3.5,308.2,35,999.8
2014071118,28.9,0,2,291.3,50.5,1001.7
2014071200,23.6,0,1.8,279.3,69.8,1003.3
2014071206,26.2,0,1.5,270,57.5,1004.3
2014071212,30.2,0,3.5,250,46.5,1003.3
2014071218,26.9,0,2.4,242.1,60.2,1003.5
2014071300,22.5,15.8,1.2,333.4,87.7,1002.5
2014071306,22.3,2.3,1,304.5,88.5,1002.6
2014071312,26.2,0,1.6,35,65,1002.7
2014071318,23.6,0,1.6,66.5,83.5,1003.7
2014071400,23.1,0,0.8,325,87.5,1005.5
2014071406,26.4,0,2.2,301.8,69.3,1006.8
2014071412,30.4,0,3.2,125,54.3,1007
2014071418,26.6,0,1.5,48.7,70.3,1008.4
2014071500,24.4,0,1.5,311.5,78.7,1010.1
2014071506,26,0,1.3,301.3,76.3,1011.2
2014071512,27,0,2.3,121.8,70.8,1010.2
2014071518,23.3,4.3,1.5,265.2,93.2,1010.3
2014071600,21.8,0.7,1.5,283.4,95.7,1009.7
2014071606,25.2,0,1.4,340,80.8,1010.3
2014071612,29.1,0,2.7,150.3,59,1009.6
2014071618,26,0,1.1,56.8,81,1010.6
2014071700,23.6,0.5,1.2,335.7,91.3,1011.6
2014071706,24.1,1.8,1.2,337.8,89.8,1012.4
2014071712,27.1,0,2.9,240,75.5,1011.5
2014071718,25.5,0,2.7,265.9,79.2,1012.1
2014071800,24.1,1.1,0.8,29.1,88.8,1012.6
2014071806,25,2.3,1.6,266.3,89,1013.4
2014071812,26.4,2.9,2.2,257.4,82.5,1012
2014071818,24,0,1.8,288.4,81,1012
2014071900,22.1,0,1.4,336.1,94.2,1012.3
2014071906,26.1,0,1,344.8,80.3,1012.8
2014071912,30.8,0,2.3,164,62.3,1010.7
2014071918,27.3,0,1.5,105.8,75.7,1011.1
2014072000,23.7,0.7,1.2,305,93.7,1011.1
2014072006,26.4,0,2,350,82.7,1012
2014072012,29.7,0,3.7,101.5,59.3,1010.8
2014072018,26.5,0,1.5,360,73.7,1010.5
2014072100,22.7,0,1,313.8,91.8,1010.2
2014072106,26.1,0,1.1,254.3,75,1010.2
2014072112,30.2,0,3.7,96.8,61.7,1007.6
2014072118,27.6,0,1.6,54.9,71,1007.8
2014072200,24.4,0,1.3,299.1,83.2,1007.4
2014072206,27.2,0,2.4,266.6,69.8,1007.9
2014072212,32,0,4.4,256.6,50.8,1006
2014072218,28.3,0,3.2,249.1,68.8,1006.4
2014072300,26.1,0,2.2,238.5,78.3,1006.1
2014072306,28.4,0,2.8,253.4,64.3,1005.9
2014072312,32,0,3.7,253.3,52.5,1004.5
2014072318,29.9,0,2.7,256.5,67.8,1004.8
2014072400,27.1,0,1.5,269.3,79,1005.1
2014072406,30.1,0,2.8,238.5,67.2,1006.1
2014072412,33.6,0,4.1,250,55,1005.3
2014072418,30.6,0,3.3,236.6,66.8,1006.6
2014072500,28.6,0,1.6,235,77.2,1007.6
2014072506,30.1,0,3.8,215,74.2,1008.5
2014072512,32.9,0,5.2,225.1,56.3,1008.3
2014072518,29.5,0,4.5,209.9,75.7,1008.4
2014072600,29.1,0,5.8,231.8,74.3,1006.7
2014072606,30.5,0,5.6,250,64.2,1007.1
2014072612,32.7,0,7,260,50.8,1006.5
2014072618,29.2,0,4.1,255,59,1008.1
2014072700,24.1,0,1.9,27.1,65,1010.6
2014072706,25.5,0,2.5,32.3,58,1012
2014072712,27,0,4.1,105,56.8,1010.7
2014072718,22.8,0,2.6,69.6,72.2,1010.8
2014072800,20.6,0,0.9,19.4,82.8,1010.9
2014072806,23.6,0,1.5,132.1,68.3,1011.2
2014072812,26.8,0,2.8,143.3,59.5,1009.9
2014072818,23.6,0,2.2,83.4,77.3,1009.6
2014072900,22.7,0,1.5,352.3,82.5,1010
2014072906,24.9,0,0.9,212.4,76.5,1011
2014072912,28.1,0,3.4,146.1,69.5,1009.8
2014072918,26.1,0,1.8,103.7,83.8,1010.4
2014073000,24.9,0,0.6,355.3,89.5,1011.4
2014073006,28.2,0,1.5,153.7,73.3,1012.3
2014073012,31.8,0,4.3,143.3,56.8,1011.2
2014073018,29.6,0,1.9,153.9,67,1011.1
2014073100,27,0,1,284.1,86.3,1011.1
2014073106,29.4,0,1.9,191.6,75.5,1011.3
2014073112,33,0,4.3,148.3,55.5,1010
2014073118,29.5,0,2.3,253.3,68.7,1010.3
2014080100,27,0.1,0.7,303.3,79.2,1009.4
2014080106,28.5,0,2.2,37,76.5,1009.3
2014080112,29.9,0,3.9,86.7,69,1008.2
2014080118,26.6,1.3,2.6,73.2,85.3,1007.6
2014080200,26.8,0.1,2.7,76.6,82.3,1005.7
2014080206,28.5,0,3.8,106.5,77.2,1005.3
2014080212,28.7,0,4.5,138.4,71.5,1004.6
2014080218,25.9,6.5,4.8,119.9,87,1003.8
2014080300,25.2,66,7.9,119.9,97.7,1000.8
2014080306,25.4,23.4,5.9,163.3,98.3,999.8
2014080312,26.9,0,4.4,186.6,87.3,999.5
2014080318,25.9,4.5,4.7,194.7,93.7,1000.4
2014080400,25.3,7.1,4.2,218.2,96,999.8
2014080406,25.3,0,3.7,230,91.3,1000
2014080412,26.5,0,4,233.3,84,999.9
2014080418,25.3,1.3,2.5,230,90.5,1001.5
2014080500,24.4,0.1,1.1,252.4,96.7,1002.1
2014080506,25.6,1.8,0.9,333.7,94.5,1004
2014080512,31.6,0,1.4,297.6,66,1003.5
2014080518,29,0,1.3,293.7,80.8,1004.5
2014080600,26.1,0,0.4,4.3,90.7,1004.7
2014080606,29,0,1,347.4,75.8,1005.3
2014080612,31.3,0,2.8,80,63.7,1004.3
2014080618,28.4,0,1.3,344.4,79.3,1005.1
2014080700,26.1,0,0.6,326.5,87.3,1005.4
2014080706,24.8,0,1.9,46.7,87.5,1006.5
2014080712,24.2,0.8,1.5,356.9,85.2,1006.5
2014080718,22.5,3.4,1.7,26.1,95.7,1008.2
2014080800,21.6,1.9,1.9,16.5,92.3,1008.4
2014080806,21.7,0.4,2.4,17.3,89.7,1009.4
2014080812,22.4,0.5,3.1,35,91,1008.7
2014080818,22.6,3.1,4.3,50.3,91.8,1008.7
2014080900,23,2.1,5.2,66.7,89.8,1006.9
2014080906,22.7,7.3,4.1,45.7,95.2,1006.1
2014080912,25.3,0.3,6.2,53.3,77.3,1004
2014080918,23.3,0.4,4.1,24.9,86.7,1002.2
2014081000,22.5,5.3,3.5,24.9,94.8,999.8
2014081006,23.8,1.6,3.1,356.6,90.3,998.9
2014081012,24.2,0.1,2.9,334.5,82,998.4
2014081018,22.1,31.3,1.6,302.3,92.2,999.6
2014081100,20.8,2.7,0.4,348.4,99,1000.4
2014081106,23.5,0,1.6,270,88,1001.5
2014081112,25.9,0,3.1,173.2,74.5,1001.3
2014081118,23.4,0,1.7,262.6,87.5,1002
2014081200,22,0,1.6,304.5,90.5,1002.6
2014081206,25.1,0,2.2,294.3,68.3,1003.7
2014081212,30.3,0,3,241.7,46.7,1003.2
2014081218,26,0,1.8,45,71.7,1005.1
2014081300,23,0,0.9,328.3,82.5,1006.7
2014081306,24.8,0,1,315,76.8,1007.6
2014081312,27.4,0,2.2,105.8,66.5,1008
2014081318,24.8,0,1.8,75.9,75.8,1009.8
2014081400,22.6,7,1.1,7,86.7,1010.7
2014081406,20.3,18.2,1.6,16.5,96,1010.8
2014081412,20.9,9.7,1.2,340.5,96.8,1008.9
2014081418,21.3,10.8,1.8,350,97.2,1007.9
2014081500,21.1,1.4,1.6,350.2,97,1008
2014081506,21.8,3.8,0.7,2.8,96,1009.3
2014081512,23.3,0.6,2,45.1,92.7,1008.7
2014081518,23.2,0,1.4,16.7,91.3,1009
2014081600,22.3,0,0.4,356.7,94.5,1009.7
2014081606,23.8,0,1.6,10.3,83.8,1010.9
2014081612,26.4,0,3,65.6,71.2,1010.6
2014081618,23.6,0,1.9,67.2,81.8,1011.2
2014081700,21.5,0,0.5,358,90,1012
2014081706,23.6,0,1.6,39.6,81.8,1013.1
2014081712,25.7,0,4.3,83.4,64.3,1013.1
2014081718,23,1.2,2.1,48.4,81.7,1013.9
2014081800,20.3,49.5,1.8,316.3,98.7,1011.6
2014081806,20.5,58.4,1.3,285,99.5,1010.5
2014081812,20.9,97.6,1.1,288.9,99.8,1010
2014081818,21.7,11.5,0.8,350.3,100,1010.3
2014081900,21.9,6.9,0.8,271.4,100,1009.8
2014081906,25,1.2,1.1,292.3,91.8,1010.4
2014081912,27.4,0.2,2.8,216.6,80.5,1010.4
2014081918,25,0,1,110.2,94.2,1011.3
2014082000,23.7,4.3,1.4,76.8,99,1011.3
2014082006,23.8,5.2,1,75.3,97.2,1012.2
2014082012,25.3,9.2,2.2,215,95.2,1011.3
2014082018,24,4.5,1.9,221.6,97.7,1011.3
2014082100,23.8,13,1.5,114.7,99.8,1010
2014082106,26.4,18.1,3.9,218.2,92.3,1008.1
2014082112,28.8,0,5.6,230,66.8,1006.6
2014082118,26.2,0,4.8,256.8,72,1008.1
2014082200,22.9,0,2,310.9,80.5,1010.1
2014082206,24.9,0,1.4,223.1,72.5,1011.3
2014082212,29.7,0,2.9,45,54.3,1009.4
2014082218,26.8,0,0.9,47.1,72,1009.8
2014082300,23.8,0,1.3,331.1,85.5,1010.3
2014082306,25.9,0,1.1,274.5,72.7,1010.7
2014082312,29.1,0,2.8,144.2,64.2,1008.9
2014082318,26.4,0,1.5,295.7,71.3,1009.1
2014082400,23.6,0,0.9,356.3,83.2,1009.1
2014082406,25,0,1.4,305,77,1009.7
2014082412,28.9,0,1.5,161.1,66.8,1008.3
2014082418,26.3,0,1.1,311.7,85.3,1009
2014082500,25.3,0,0.8,281.8,88.7,1008.7
2014082506,24.4,21.9,1.2,54.1,98,1008.6
2014082512,23,43.2,2.1,80,99,1006.8
2014082518,22.8,0.7,1,13.4,96.8,1006.6
2014082600,22.3,5.4,0.7,310.9,99.8,1007.9
2014082606,24.9,0,1.2,336.1,88.5,1010
2014082612,27,0,3.2,120.5,77.3,1010.5
2014082618,23.7,0,2.7,38.2,84.8,1012.3
2014082700,21.4,0.6,1.9,357.7,86.3,1014.2
2014082706,22.5,0,2.6,28.5,74.8,1015.8
2014082712,23.8,0,3,53.3,67.5,1016.4
2014082718,21.7,0,2.2,18.2,74.7,1017.5
2014082800,20.8,0,1.7,339.6,82.8,1017.4
2014082806,22,0,1.8,26.6,77.7,1018.2
2014082812,24.1,0,3.8,76.6,66.2,1017
2014082818,21.7,0,1.9,15.8,74.7,1017
2014082900,20.4,0,1,327.8,83.8,1016.9
2014082906,21.8,0,1.6,28.7,79.7,1016.8
2014082912,24,0,4.8,76.6,65.3,1016
2014082918,22,0,2.7,51.8,75.8,1016.5
2014083000,20.1,0,1.8,349.8,82.8,1016.2
2014083006,21.5,0,2.2,32,78.2,1016.4
2014083012,23.7,0,3.8,59.8,66.3,1015.1
2014083018,20.9,0,2,6.6,75.5,1014.8
2014083100,18.7,0,0.8,284.3,89.7,1014.4
2014083106,21.4,0,1.9,12.7,74.7,1014.5
2014083112,24.2,0,3.6,83.4,59.7,1013.6
2014083118,22,0,1.8,31.8,76,1014.2
2014090100,20.9,0,1.8,11.5,80.8,1014.1
2014090106,22.7,0,2.5,22.8,71,1015.1
2014090112,25.2,0,4.8,83.4,59.3,1014.2
2014090118,22.4,0,2.2,28.7,75.8,1015.2
2014090200,20.2,0,1.3,308.1,88.2,1015
2014090206,22.2,0,1.5,44,79.5,1015
2014090212,24.3,0,3.8,86.7,68,1013.3
2014090218,22.1,0.6,2,63.2,84.5,1011.9
2014090300,21.1,3.9,1.7,305,96.8,1007.7
2014090306,23.1,0.8,1.2,330.6,95.5,1005.3
2014090312,25.4,11.9,3.1,211.8,94.7,1003.5
2014090318,24.4,0,2.4,244,89.7,1004.2
2014090400,22.3,1.4,0.8,340.8,97.8,1005.5
2014090406,24.1,0,1,288.5,79.7,1007.3
2014090412,28.1,0,2.1,22.1,58.5,1006.9
2014090418,24.4,0,1.2,305,73.8,1009.2
2014090500,20.7,0,0.9,286.5,90.5,1010.7
2014090506,24,0,1.8,313.4,69.2,1012.3
2014090512,29.8,0,2.3,146.8,46.3,1011.3
2014090518,24.9,0,1.2,42.3,69.2,1011.9
2014090600,21,0,0.9,340,88.3,1012.5
2014090606,22.1,0,1.1,298.6,77.8,1012.9
2014090612,25.5,0,1.9,112.4,67.7,1012
2014090618,21.9,0,1.3,116.2,71,1012.2
2014090700,17.9,0,0.6,307.1,91.3,1011.2
2014090706,22.3,0,0.7,342,71.8,1010.6
2014090712,26.9,0,3.1,97.9,63.5,1008.4
2014090718,23.4,0,1.9,55,82.5,1008.4
2014090800,21.7,0,0.6,350.2,89,1007.9
2014090806,23.4,0,1.4,35,80.7,1007.7
2014090812,27.5,0,2.8,125,63.3,1005.8
2014090818,23.8,0,1.7,191.8,79,1006.5
2014090900,21.4,0,0.4,340.6,92,1007
2014090906,24.5,0,1.2,294.2,72,1007.6
2014090912,28,0,2.8,124,51.3,1006.9
2014090918,24,0,1.9,49.1,77.8,1008
2014091000,22,0,0.9,316.8,86,1008.8
2014091006,23.9,0,1.6,10.2,77.3,1009.7
2014091012,26,0,3.9,80,65.5,1009.3
2014091018,23.2,0,2.5,53.3,78.7,1011.2
2014091100,20.8,0,1,329.9,84.7,1012.5
2014091106,22.6,0,2,59.7,73.2,1013.9
2014091112,25.3,0,4.9,83.4,55.8,1012.9
2014091118,22.2,0,1.8,53.6,70.2,1013.9
2014091200,19.8,0,0.8,318.1,84,1014.2
2014091206,22.3,0,1.3,340,72.2,1014.8
2014091212,23.7,0,2.9,83.6,62,1014.1
2014091218,21.8,0,1.6,53.3,69.8,1014.6
2014091300,19,0,0.8,308.8,85.5,1014.8
2014091306,21.6,0,2.4,250,70.5,1015.6
2014091312,23.9,0,4.3,70,58.3,1015.1
2014091318,21.2,0,2.4,45.7,71,1016.1
2014091400,19.1,0,1.4,339.4,80.5,1016
2014091406,21.4,0,2.1,33.9,72.2,1016.5
2014091412,24.5,0,3.9,83.4,57.3,1015.2
2014091418,21,0,1.8,359.1,75.2,1015.6
2014091500,18.6,0,0.9,318.7,87.5,1014.6
2014091506,20.9,0,1,285,78.8,1014
2014091512,26.8,0,2,353.4,50.2,1011.7
2014091518,23.4,0,1.2,22.7,69.5,1012.6
2014091600,21.2,0,0.8,323.9,78.8,1013.1
2014091606,23,0,1.6,356.8,68.7,1015
2014091612,25.7,0,4.3,73.4,59,1014.6
2014091618,22.7,0,1.8,50,73.5,1015.8
2014091700,21.3,0,0.7,324.2,82,1016
2014091706,21.4,1.1,0.9,336.8,83.8,1016.5
2014091712,22.1,0.8,1.8,42.4,83.2,1015.6
2014091718,20.1,0,1.5,341.1,84.3,1016.1
2014091800,19.4,0,2.6,26.2,77.2,1016.4
2014091806,21,0,2.6,15,68.2,1017.7
2014091812,23.3,0,4.5,60,51.3,1017.1
2014091818,20.4,0,1.2,353.1,62.5,1017.6
2014091900,17,0,0.8,321.5,80.5,1017.1
2014091906,18.5,0,0.7,316.8,76.7,1016.4
2014091912,23,0,3.2,83.2,55.3,1014.3
2014091918,19.9,0,1.3,14.8,71.7,1014.3
2014092000,15.9,0,0.7,311.3,88.3,1014
2014092006,19.9,0,1.6,222.1,69.8,1014.5
2014092012,24.7,0,3.7,86.6,47.8,1013.8
2014092018,20.1,0,1.5,13.3,65.7,1016
2014092100,16.1,0,0.4,340,84.5,1016.5
2014092106,19.9,0,1.5,272.4,68.8,1018
2014092112,24.8,0,3.8,80,44.8,1016.5
2014092118,20.7,0,1.2,352.2,68.8,1017.6
2014092200,16.9,0,0.7,315.3,85.3,1018.3
2014092206,20.5,0,1.5,12.2,73.7,1019.6
2014092212,24.6,0,4.6,86.7,53.2,1018.9
2014092218,21,0,1.9,22,64.2,1019.9
2014092300,17.1,0,0.7,297.3,85.2,1020.2
2014092306,20.8,0,1.9,3.2,72.7,1020.1
2014092312,24.1,0,3.7,86.6,60.8,1017.6
2014092318,20.4,1.8,1.4,356.2,86.2,1016.9
2014092400,18.6,6,1.3,337.4,97.7,1013.5
2014092406,19.2,39.3,1.6,320,100,1008.7
2014092412,20.5,43.8,1.9,10.1,98.5,1004.8
2014092418,18.7,1.5,2.4,343.4,93,1006.7
2014092500,18.9,0,1.6,353.4,87.8,1009.5
2014092506,20.5,0,2.5,353.4,80.8,1012.8
2014092512,24.1,0,3.3,63.4,63.3,1013.2
2014092518,20.7,0,2.2,10,75.5,1015.6
2014092600,18.2,0,1.6,316.8,84.7,1016.8
2014092606,20.8,0,2.9,31.6,67.5,1018
2014092612,23.1,0,4.1,76.5,51.2,1017.4
2014092618,19.2,0,2,350,72,1017.5
2014092700,15.9,0,0.7,296.4,89.7,1017.5
2014092706,19.4,0,0.9,297,74.2,1018
2014092712,25.9,0,2.1,123.4,53,1015.7
2014092718,21.3,0,1.4,329.7,79.2,1016.3
2014092800,18.2,0,1.2,294.9,89.7,1016.3
2014092806,21.4,0,1.1,270,76.7,1016.5
2014092812,25.7,0,4,86.7,54,1015
2014092818,21.8,0,1.6,12.7,79.3,1015.7
2014092900,20,0,0.9,334.9,88.3,1014.2
2014092906,21.9,0,0.9,315,82.8,1013.7
2014092912,23.2,0.2,1.7,81.7,73.7,1012.6
2014092918,21.1,0.1,0.9,346.6,90.8,1013.2
2014093000,19.7,0,0.4,0,90.3,1013.6
2014093006,20.1,0,1.9,10.2,82,1016
2014093012,19.2,0,3.2,45.1,82.5,1017.9
2014093018,18.2,0,2.9,31.8,76.2,1020
2014100100,17.3,0,1,342.7,78.7,1019.8
2014100106,18.4,0,1.4,45.4,76,1019.9
2014100112,20.6,0,3.1,87.7,64.3,1017.8
2014100118,17.8,0,1.2,356.2,79.2,1017.5
2014100200,15.2,0,0.6,339.1,91.7,1014.7
2014100206,17.6,0,0.8,281.7,81.5,1012.5
2014100212,24,0,2.1,112.6,57.3,1008.3
2014100218,20.3,0,1.5,253.5,77.3,1008.6
2014100300,17.2,0,0.8,333.2,88.8,1008
2014100306,19,0,2.7,340,68.5,1009.5
2014100312,23.4,0,3.3,349.6,43,1009.8
2014100318,19.8,0,2.1,3.4,63,1013.3
2014100400,18.3,0.3,2.5,21.6,75,1015.7
2014100406,18.7,0,4.5,56.6,60.3,1019
2014100412,19.7,0,6.5,70,53,1020
2014100418,18,0,4.7,56.6,55,1021.5
2014100500,16.9,0,3.5,26.6,58.2,1020.1
2014100506,18.6,0,5,50,56,1018.9
2014100512,20.2,0,6.3,60,52.5,1015.7
2014100518,18.3,0,4.1,24.9,62.2,1013.8
2014100600,17.3,0,3.5,6.6,67.2,1012.9
2014100606,17.9,0,4.3,357,55.2,1014.6
2014100612,20.8,0,4,38.2,45.2,1016.4
2014100618,16.7,0,2.7,12,58.3,1019.8
2014100700,13.1,0,0.8,307.7,76,1021.1
2014100706,16.6,0,1.2,350.8,68.8,1022.8
2014100712,20,0,3.6,93.4,52.7,1021.4
2014100718,15.9,0,1.3,305,69.7,1021.9
2014100800,12.8,0,0.7,322,87.7,1022.2
2014100806,16.1,0,1.3,300.6,73.2,1022.7
2014100812,21.5,0,4.1,86.7,45.2,1021.2
2014100818,16.9,0,1.3,300,73.5,1022.1
2014100900,13.2,0,0.9,285.6,89,1021.7
2014100906,17,0,0.9,23.1,72.3,1021.6
2014100912,22.1,0,3.2,76.4,53.7,1019.7
2014100918,17.5,0,1.3,341.1,76.5,1019.9
2014101000,14.1,0,0.9,320.7,91.7,1019.8
2014101006,16.7,0,2.1,290,80.2,1021.6
2014101012,22.1,0,5.2,66.7,61.2,1022.3
2014101018,19.9,0,4.6,70,71.8,1023.3
2014101100,18.9,0,4.5,53.3,71.3,1023.6
2014101106,19.4,0,5.5,56.6,61.2,1024.4
2014101112,21,0,6.4,70,57.7,1023.5
2014101118,18.9,0,4.5,50,70.8,1023.8
2014101200,19,0,4,50,75,1022.1
2014101206,20,0,4.8,63.4,74.2,1020.6
2014101212,20.8,0,4,56.6,72.7,1017.3
2014101218,19.8,0.7,3.5,21.6,80.7,1015.2
2014101300,18.2,13.9,3.8,45.1,88.8,1010.8
2014101306,17.9,28.4,6.3,45.1,90.5,1007.8
2014101312,17.6,8.1,6.2,35,84.7,1006.2
2014101318,15.9,0,4.8,6.6,77.2,1010.9
2014101400,13.6,0,3.7,0,61,1014.7
2014101406,14.5,0,3.3,4.3,54,1017.1
2014101412,17,0,4,56.6,49.3,1016.6
2014101418,13,0,1.9,345.8,66,1018.5
2014101500,10.2,0,0.9,340,83.8,1019
2014101506,13.7,0,0.7,225,71.7,1019.5
2014101512,20.1,0,2.8,171.6,48.2,1016.5
2014101518,15.1,0,1.1,296.4,72.5,1017.5
2014101600,12.3,0,0.6,310,90,1017.4
2014101606,15.1,0,1.7,265,66.3,1017.7
2014101612,20.7,0,4,289.7,37.2,1015.8
2014101618,15.6,0,2.7,343.4,26.5,1019.3
2014101700,11.6,0,2.1,324.9,39.3,1021.8
2014101706,13.2,0,1.7,271.4,43.2,1024.1
2014101712,20.5,0,2.2,211.3,25.7,1021.6
2014101718,14.1,0,1.7,260.2,60.3,1022.6
2014101800,9.7,0,0.9,271.3,77,1022.7
2014101806,13,0,1.3,252.9,61.8,1024
2014101812,21.8,0,2,121.6,28.5,1022.9
2014101818,15,0,1.2,283.1,59.8,1024.7
2014101900,10.5,0,0.7,276.6,82.3,1024.8
2014101906,13.9,0,0.7,228.7,69.2,1025.2
2014101912,22.3,0,2.8,195.8,45.2,1022.2
2014101918,18.1,0,1.6,260,67.3,1021.9
2014102000,16.6,0.5,0.6,317.1,81.3,1020.3
2014102006,18.2,7.9,0.7,268.4,98.2,1019.4
2014102012,20.9,0.7,2.4,230,87,1016.2
2014102018,20,0.7,1.5,271.5,90,1016.7
2014102100,18.8,0.2,0.6,17.5,98.5,1016
2014102106,18.8,0,1.9,31.4,93.8,1016.5
2014102112,17.4,17.1,3.5,43.4,91.3,1015.2
2014102118,15.9,6.9,3.5,40.1,88.8,1015.9
2014102200,14.8,13.2,3.3,48.4,91.2,1015.5
2014102206,14.6,6.5,4.1,45.1,87.8,1017.3
2014102212,14.6,0,3.2,6.8,74.2,1019
2014102218,13.8,0,2.7,350,73.7,1021.4
2014102300,13.3,0,2.5,340,69,1021.6
2014102306,14.5,0,1.6,5.4,64.2,1022.4
2014102312,17.5,0,1.8,94,52,1020.5
2014102318,13,0,1,309.2,77.8,1020.7
2014102400,10.4,0,0.5,325.9,93.2,1020.2
2014102406,13.6,0,0.8,286.9,76,1020.9
2014102412,21.6,0,2.3,144,49.7,1018.8
2014102418,15.7,0,1,293.2,79.8,1019.8
2014102500,11.6,0,0.4,314.9,88.7,1020.3
2014102506,15,0,0.6,268.3,73.3,1020.8
2014102512,23.5,0,2.4,140,46.8,1018.9
2014102518,17.2,0,1.1,333.9,77.2,1019.8
2014102600,12.6,0,0.5,318.7,90,1019.3
2014102606,14.8,0,0.7,284.3,73.5,1018.7
2014102612,24.8,0,2.1,263.4,30,1015.5
2014102618,17.6,0,1.4,320.1,55.7,1016.2
2014102700,13.9,0,0.6,332,80.5,1016.9
2014102706,17.2,0,2.8,20,66.5,1019.9
2014102712,18,0,3.8,76.4,56.3,1020.7
2014102718,14.5,0,1.5,347.5,72.7,1023.2
2014102800,10.9,0,1.2,305,89,1024.5
2014102806,12.8,0,1.4,253.5,65.7,1025.9
2014102812,19.3,0,2.6,149.6,45,1024.4
2014102818,14.1,0,0.8,329.3,72.3,1025.9
2014102900,10.5,0,0.5,284.3,90,1026.2
2014102906,12.7,0,0.7,243.4,78.8,1027.2
2014102912,19.2,0,2.5,208.8,48.5,1025.8
2014102918,15,0,0.8,278.1,71,1026.3
2014103000,11.6,0,0.7,318.7,90.5,1026.3
2014103006,13.7,0,0.8,277.7,80.2,1026
2014103012,19.1,0,2.2,133.8,56.3,1023.7
2014103018,15.7,0,0.8,355,77.2,1023.6
2014103100,14,0,0.4,330.6,88.5,1022.2
2014103106,14.5,2.5,1.7,280.5,91.8,1021.8
2014103112,14.6,3.8,1.2,324.2,90.2,1019.1
2014103118,14,8.1,1.8,310.1,99,1016.2
2014110100,14.4,2.3,1.1,304,99.2,1013.3
2014110106,16.1,0,0.7,299.3,95.5,1013.5
2014110112,19.2,0,1.4,70.3,80.5,1011.8
2014110118,17.7,0,1.1,335.7,89.5,1012.1
2014110200,15.4,0,1,329.3,93.8,1009.7
2014110206,15.6,0,2.2,298.4,76.5,1008
2014110212,15.8,0,3.8,310.9,51.5,1008.2
2014110218,11.9,0,2.3,326.6,49.3,1012.9
2014110300,9.2,0,2.5,319.8,43.3,1015.5
2014110306,8.9,0,2.6,352.2,28.3,1017.4
2014110312,13.7,0,4.3,313.4,26.2,1016.4
2014110318,9.7,0,1.2,296.8,50.5,1019.3
2014110400,6.4,0,1.4,293.2,72.7,1020.8
2014110406,9.8,0,1.7,313.1,60.3,1022.7
2014110412,16.3,0,2.5,126.5,36.5,1021.2
2014110418,10.5,0,0.9,303,70,1022.2
2014110500,6.9,0,0.6,285.6,87.2,1022.5
2014110506,10.5,0,0.7,292.3,72.8,1022.1
2014110512,19.3,0,2,182.1,38,1018.8
2014110518,13.4,0,1.2,252.4,73.3,1019.2
2014110600,10.2,0,0.8,297.3,83.5,1018.8
2014110606,12.9,0,1.5,285.8,62.5,1019.4
2014110612,18.9,0,2.2,7.3,40.5,1018.2
2014110618,13.8,0,0.9,293.6,65.7,1020.3
2014110700,10.9,0,1.2,309.8,79.3,1021.6
2014110706,12,0,1.8,2.3,79.8,1023.9
2014110712,14.7,0.7,2.6,35,81.5,1024.3
2014110718,14.6,0,1.5,42.6,80.8,1025.5
2014110800,13.2,0.9,1.2,350.3,93.8,1025.3
2014110806,14.2,0,0.8,307.5,89.3,1025.3
2014110812,18.2,0,0.7,71.6,71.2,1022.7
2014110818,15.7,0,1.4,313.8,77.8,1022.6
2014110900,14.4,0,0.7,11.2,75,1021.9
2014110906,15.1,0,2.1,355.8,66,1021.5
2014110912,18.9,0,3.2,340,28.5,1019.9
2014110918,12.6,0,1.6,338.3,42.8,1021.6
2014111000,9.3,0,0.9,299.1,54.8,1022.3
2014111006,11.3,0,0.6,272.4,52.7,1022.9
2014111012,17.2,0,2.8,96.5,47.5,1020.4
2014111018,12.4,0,0.8,337.3,70,1020.8
2014111100,8.5,0,0.7,325.7,87.5,1019.5
2014111106,10.1,0,0.9,262.1,78.8,1018.7
2014111112,16.8,0,1.8,241.3,42.7,1014.3
2014111118,12.1,0,0.9,283.7,67,1013.4
2014111200,8.6,0,1.1,270.8,73,1011.7
2014111206,13.1,0,2.8,229,53.8,1010
2014111212,14.8,0,5.7,291.6,32.8,1009.4
2014111218,10.4,0,4.1,299.6,39.8,1013.2
2014111300,5.4,0,3.7,316.8,36.3,1017.3
2014111306,3.7,0,3.1,325.3,35.5,1021.8
2014111312,8.3,0,3.7,302.8,26.7,1020.1
2014111318,5.1,0,3.6,319.8,40.5,1022.1
2014111400,4.2,0,3.4,321.8,43.3,1023
2014111406,5.6,0,1.4,270.2,48,1024.4
2014111412,11.8,0,3.4,310.1,24.5,1023.2
2014111418,7.2,0,1.4,281.7,44,1025.3
2014111500,6.4,0,1.2,314.7,57.3,1026.8
2014111506,7.1,0,1.7,325.3,56.2,1028.9
2014111512,13.9,0,1.6,122,26.8,1027.2
2014111518,8.6,0,0.9,298,45.7,1028.1
2014111600,6.8,0,1.3,277.9,51.2,1027.5
2014111606,8.4,0,1.5,296.4,46.2,1026.4
2014111612,15.1,0,1.7,173.9,27.5,1023.1
2014111618,9.7,0,1.1,302,54.2,1023.3
2014111700,7,0,0.5,337.2,64.3,1022.2
2014111706,8.7,0,1.8,322.7,52.8,1022.8
2014111712,13.4,0,3.5,321.8,35.5,1021.7
2014111718,9.3,0,2.4,333.2,44.5,1023.8
2014111800,6.5,0,2.4,351.9,54.3,1025.3
2014111806,7.2,0,2.5,350,49.3,1026.8
2014111812,12.9,0,2.5,321.8,22.3,1025.4
2014111818,7.1,0,1.5,307.1,43.5,1027.1
2014111900,2.6,0,1.3,281.6,65.5,1027.7
2014111906,5,0,1.3,266.9,52.8,1028.4
2014111912,13.6,0,1.4,152.3,24.5,1025.6
2014111918,7.5,0,0.9,278.9,53.3,1026
2014112000,4.2,0,0.9,285.6,63.2,1025.4
2014112006,6.2,0,1.4,256.5,55.2,1025.4
2014112012,15.4,0,2,181,23.5,1023.4
2014112018,8.6,0,0.7,289.5,53.8,1024.6
2014112100,4,0,0.4,327.8,69.3,1023.9
2014112106,6.9,0,0.5,4.8,60,1024.5
2014112112,16.5,0,2,100.1,42.8,1022.2
2014112118,10.9,0,0.9,319.9,74.7,1023.3
2014112200,6.8,0,0.5,334.8,87.5,1023.9
2014112206,8.8,0,0.8,288.2,73.8,1024.3
2014112212,19.1,0,1.5,96.1,34.5,1022.1
2014112218,13.7,0,1,342,55.2,1024
2014112300,8.6,0,0.9,286.7,78.3,1025.1
2014112306,10.6,0,0.5,330.6,69.8,1026.5
2014112312,16.4,0,2.3,90.4,52.8,1024.3
2014112318,12.3,0,1.3,323.3,74,1024.1
2014112400,10.7,0,0.6,322,83,1022.5
2014112406,11.8,0,0.8,280.2,84.3,1022
2014112412,11.8,7.4,1.6,13.8,93.3,1019.4
2014112418,11.1,19.6,2,357.7,94.3,1018.1
2014112500,11.3,8.2,2.3,3.3,91.3,1015.7
2014112506,11.7,1.4,3,25.9,87.2,1016.9
2014112512,12.8,0.1,4.3,53.3,60.2,1016.8
2014112518,11.9,0,2.5,6.8,59.8,1017.9
2014112600,10.6,0,2,335.7,66.2,1016.9
2014112606,11.3,0,2.5,350.2,68.3,1017.6
2014112612,14.6,0,2.2,16.5,57.2,1017.4
2014112618,10.8,0,1.3,305.9,75.7,1020.8
2014112700,7.3,0,1,317.9,92.7,1022.7
2014112706,8.6,0,0.8,262.7,84.3,1024.7
2014112712,16.1,0,2.3,162.7,50.2,1022.8
2014112718,10.8,0,0.9,315.2,79.7,1023.2
2014112800,7.3,0,0.9,276.6,92.5,1021.8
2014112806,8.7,0,0.8,286,87.3,1020.2
2014112812,12.1,0.3,1,304.7,93.3,1014
2014112818,12.1,0.4,1.6,305,97.3,1012.2
2014112900,10.8,0,2,336.6,91.5,1015.4
2014112906,12.6,0,2.3,16.7,68,1020
2014112912,16.3,0,2.5,48.4,53,1019.8
2014112918,12.8,0,1.6,333.9,73.5,1020.9
2014113000,10.2,0,0.8,306.4,88.7,1019
2014113006,10.8,0.2,1.2,243.2,94.8,1016
2014113012,12.6,2.2,0.9,296.6,99,1009.9
2014113018,12.6,0.5,0.4,342.8,99.7,1006.7
2014120100,12.2,0.9,3.5,313.4,76.3,1005.2
2014120106,10.3,0,4.9,296.6,49.3,1006.9
2014120112,7.8,0,7.7,296.2,39.7,1008.2
2014120118,1.4,0,5.7,299.9,41.2,1014.8
2014120200,-0.8,0,4.1,300,37,1017.3
2014120206,-0.8,0,3.6,336.7,35.3,1020.2
2014120212,2.4,0,4.2,302.9,18.3,1019.2
2014120218,-0.6,0,1.8,326.4,26.7,1020.6
2014120300,-1.5,0,2.3,250.6,43.7,1020.6
2014120306,2.3,0,2.3,249.6,50,1019.5
2014120312,7.3,0,3.3,277.4,40,1017.4
2014120318,6.4,0,3.5,246.7,46.7,1018.3
2014120400,3.5,0,2.2,334.5,63,1018.9
2014120406,2.7,0,2.2,20.2,63.8,1019.4
2014120412,4.6,0,2.4,331.9,49,1016.9
2014120418,1.5,0.3,2.4,357.2,62,1017.6
2014120500,-1.2,0,2.4,340,53.7,1018.5
2014120506,-1.3,0,3.9,321.8,45,1019.4
2014120512,1.9,0,5.5,318.4,31.2,1017.8
2014120518,-0.6,0,3.3,315.1,39.5,1018.8
2014120600,-2.2,0,4.2,358.8,48.7,1019.3
2014120606,-0.5,0,6,340,41.5,1020.1
2014120612,3.1,0,5.3,320,27.8,1020.5
2014120618,0.8,0,2.1,355.1,40.2,1023
2014120700,-1,0,1.8,24.3,54,1025.3
2014120706,-0.3,0,1.9,26.6,49.2,1026.5
2014120712,5.1,0,1.7,11.4,28,1025.4
2014120718,0.9,0,1,350.6,44.5,1026.2
2014120800,-1.3,0,0.8,329.3,57.2,1025
2014120806,0.9,1.9,1.7,8.1,83.2,1026.5
2014120812,6.4,0,3.2,342.8,50.8,1027.2
2014120818,3,0,2.5,17.1,48.8,1030
2014120900,-0.1,0,2,28.5,46.2,1031.9
2014120906,0.3,0,1.9,346.6,40.3,1033.8
2014120912,7.6,0,2.5,10,29.7,1033.3
2014120918,4.4,0,1.4,308.2,50,1033.2
2014121000,4.6,0,0.9,282.3,61.2,1031.3
2014121006,6.8,0,0.9,40.2,58.5,1028
2014121012,12.6,0,2.3,205.8,56.5,1021.8
2014121018,10.1,0,2.2,316.8,64,1019.3
2014121100,7.6,0,1.1,350.4,65,1018.5
2014121106,7.9,0,2.5,347.8,54.8,1019.3
2014121112,8,0,4.2,336.7,35.3,1018.9
2014121118,3.6,0,3.1,343.1,40.5,1021.5
2014121200,0.8,0,1.4,341.5,47.2,1022
2014121206,1.5,0,4.5,346.6,39.5,1021.9
2014121212,5.1,0,4.1,307.1,26.7,1019.8
2014121218,3,0,1.6,285.9,39.2,1020.6
2014121300,1.2,0,1.7,320.3,55.5,1022.1
2014121306,0,0,3.7,339,45.5,1024.6
2014121312,3,0,4.2,308.2,30.5,1023.3
2014121318,-0.2,0,1.5,342.8,39,1025.9
2014121400,-1.9,0,1.9,336.6,48.5,1027.4
2014121406,-1.1,0,3.4,336.6,37.5,1029.3
2014121412,3.3,0,4.2,313.4,25.7,1028.3
2014121418,0.4,0,1.1,308.4,43.5,1029.4
2014121500,-1.1,0,0.8,327.7,55.7,1029.9
2014121506,0.6,0,0.9,281.6,59.8,1030.6
2014121512,7.3,0,1.5,193.6,42.2,1026.6
2014121518,6.4,0,1.7,270.4,47.3,1023
2014121600,6.7,0,2.5,280.4,70.8,1015.3
2014121606,4.5,1.9,4.3,325,58.5,1013.2
2014121612,2.5,0,6,316.8,32.5,1015
2014121618,-1.3,0,5.3,305,41,1017.3
2014121700,-4.3,0,4.4,302.9,39.3,1018.3
2014121706,-4.5,0,5.3,290,32.8,1019.7
2014121712,-1.2,0,6.5,290,28.5,1018.6
2014121718,-3.5,0,3.2,328.4,31.8,1022.9
2014121800,-5,0,2.6,343.4,32.8,1026.3
2014121806,-4.1,0,2.9,18.4,31.7,1030.4
2014121812,1.5,0,3.4,354.4,13.5,1031.4
2014121818,-1.8,0,2.3,354.8,24.5,1033.9
2014121900,-5.4,0,1.3,270.9,48.7,1033.9
2014121906,-2.8,0,0.7,299.1,44.8,1032.7
2014121912,7.8,0,2.2,265.6,38,1028.3
2014121918,5.8,0,1.4,263.7,61,1025.5
2014122000,4.1,1.8,0.5,342.8,93.7,1020.7
2014122006,6.1,0.5,1.7,281.2,87.3,1016.9
2014122012,7.1,0,4.9,313.8,43.3,1015.8
2014122018,1.2,0,2.6,13.1,32.3,1021
2014122100,-1.3,0,2.8,321.8,39.8,1023.6
2014122106,-1.1,0,2.3,331.1,40.2,1023.3
2014122112,2.8,0,2,309.8,23.8,1020.5
2014122118,0.6,0,2.2,268,43,1020.2
2014122200,-2,0,3.5,320,44.8,1022.3
2014122206,-1.4,0,3.3,268,46.5,1024
2014122212,4.6,0,4.4,266.7,38.2,1021.3
2014122218,2.6,0,3.4,325.3,46.2,1024
2014122300,1.4,0,2.9,346.6,38.5,1025.8
2014122306,2.6,0,1.5,85.1,39,1027.1
2014122312,8.1,0,1.9,55,26.3,1025
2014122318,3.3,0,0.7,334.2,44.2,1024.4
2014122400,0.9,0,0.8,315,61.5,1023.2
2014122406,3,0,0.8,290.3,62.7,1022
2014122412,11.6,0,3.2,293.7,42,1017.7
2014122418,6.7,0,3.2,350,47.3,1020.2
2014122500,2,0,3.8,330,40,1023.2
2014122506,0,0,3.1,48.4,39.8,1025.2
2014122512,5.3,0,4.5,321.8,24,1023.6
2014122518,2.2,0,2.5,346.6,31,1026
2014122600,-0.9,0,1.3,13.5,42.2,1027.8
2014122606,-0.8,0,1.6,58.1,41.8,1029.1
2014122612,5.3,0,3,27.5,18.3,1027.9
2014122618,1.3,0,1.7,306.8,31.5,1029.9
2014122700,-1.5,0,0.9,318.1,46.2,1029.7
2014122706,0.1,0,0.5,311.7,49,1031.1
2014122712,9.2,0,1.4,150.5,42.8,1028.4
2014122718,4.1,0,0.9,279.7,65.7,1027.6
2014122800,-0.2,0,0.6,301.5,79.8,1025.4
2014122806,0.5,0,0.9,266.9,68.2,1023.4
2014122812,7.7,0,1.6,56.8,26.3,1019
2014122818,4.8,0,2.7,0.9,39.7,1018
2014122900,3.2,0,2.2,0.9,55.2,1015.9
2014122906,3.2,0,1.6,272.1,62,1015.8
2014122912,9.3,0,3,320.3,40.2,1013.2
2014122918,4.6,0,0.9,317.2,56.2,1014.4
2014123000,0.4,0,0.6,326.9,74.2,1015
2014123006,2.1,0,0.6,328.7,73,1016.1
2014123012,11.7,0,4.1,330,17,1015.6
2014123018,5.7,0,0.9,306.6,33.5,1017.9
2014123100,0.6,0,0.7,308.1,55.7,1016.7
2014123106,1.8,0,1.1,329.6,57,1012.9
2014123112,5,0.1,5.1,329.9,55.7,1011.9
2014123118,1.5,0,3.5,305,35.2,1017.1
2015010100,-2,0,5.4,296.6,37.7,1018.1
2015010106,-4.2,0,5.8,313.4,27.8,1019.8
2015010112,-0.7,0,5.4,325.3,19.3,1019.8
2015010118,-2.7,0,3.4,358,32,1022.4
2015010200,-4,0,3.8,343.1,46.7,1022.7
2015010206,-1.8,0,3.3,320.8,44.8,1022
2015010212,1.8,0,6,318.4,29.3,1020.7
2015010218,-1.2,0,3.1,326.6,29,1024.4
2015010300,-3.2,0,2.4,8.1,33.7,1024.8
2015010306,-2,0,1.5,305,32,1024.4
2015010312,6.3,0,2.1,55.4,10.8,1020.8
2015010318,2,0,0.5,335.9,27.5,1019.7
2015010400,0,0,0.6,283.1,41.3,1018.8
2015010406,0.8,0,0.6,260,48.5,1018.3
2015010412,11.1,0,1.7,100.6,36.8,1016
2015010418,5.7,0,1.6,332.7,55.8,1018.5
2015010500,0.8,0,1.5,278.1,74.8,1020.5
2015010506,1.3,0,0.9,241.7,74.2,1021.2
2015010512,11.8,0,1.5,231,47.3,1017.5
2015010518,10.6,0,1.6,263.2,67,1013.9
2015010600,9.2,10.3,1,336.2,93.3,1006.5
2015010606,8.2,0.8,4.7,335.2,61.2,1007.8
2015010612,8,0,5.7,313.4,23,1011.1
2015010618,2.9,0,2.6,357.6,24.3,1014.8
2015010700,-0.2,0,4.4,357.3,26.3,1015.6
2015010706,-2,0,3.2,357.6,25,1017.9
2015010712,2.5,0,3.4,11.5,18.3,1018.2
2015010718,-0.8,0,2,343,27.5,1021.6
2015010800,-3,0,0.8,333.6,35.8,1022.8
2015010806,-2.3,0,1.6,333.9,37.2,1024.3
2015010812,5,0,3.3,353.5,16,1021.7
2015010818,2,0,2.3,353.2,25.5,1022.8
2015010900,0.6,0,2.3,21.3,35.7,1023.2
2015010906,1.2,0,4,336.4,36.7,1024.1
2015010912,5.7,0,4.7,323.3,34.7,1022
2015010918,2.9,0,2.6,320,44.2,1022.3
2015011000,1.7,0,2.8,328.8,47.8,1022.3
2015011006,2.7,0,2.7,344.6,39.2,1023.1
2015011012,7.3,0,4,333.4,22,1021.7
2015011018,3.1,0,1.5,305,37.8,1022.5
2015011100,-1.8,0,0.7,314.4,58.2,1021.3
2015011106,-0.1,0,1.4,291.6,58.7,1020.5
2015011112,8.1,0,6.2,298.5,23.7,1019.6
2015011118,2.9,0,1.4,58.1,25.3,1024.6
2015011200,-0.2,0,3.5,333.4,40,1028.3
2015011206,-0.5,0,1.6,342.4,46,1032.7
2015011212,6.4,0,2.5,18.2,34,1033
2015011218,2.9,0,1.8,333.9,51.7,1034.7
2015011300,0,0,1.1,299.1,65.5,1035.3
2015011306,0.7,0,0.7,300.6,66.3,1035.8
2015011312,9.1,0,2.2,163.4,37.7,1032.5
2015011318,5.1,0,0.6,347.4,58.8,1032.2
2015011400,2.9,0,0.7,311.3,67.3,1030.2
2015011406,3.9,0,0.9,272.6,63.7,1028.8
2015011412,6.5,0.3,0.9,294.4,67,1025.1
2015011418,5.2,1.1,0.6,316.2,84.7,1023.3
2015011500,5.2,1.1,1.3,315.3,88.5,1020.1
2015011506,7.9,0.2,3,356.6,72.8,1018.8
2015011512,8.7,0,3.3,26.6,61.7,1019.9
2015011518,5,0,1.5,335.5,80.3,1022.4
2015011600,1.2,0,0.9,284.6,91.8,1022.2
2015011606,1.7,0,0.4,357.7,86.5,1020.9
2015011612,9.8,0,3.7,280.2,39,1015.6
2015011618,5.4,0,2.8,330,48.5,1017.3
2015011700,2.8,0,2.9,321.6,51.3,1018.8
2015011706,1.3,0,3.1,8.7,38.5,1023.5
2015011712,4.8,0,4.9,321.8,17.2,1024.4
2015011718,1.8,0,2.6,335.6,20.3,1027.3
2015011800,-0.4,0,2.3,357.1,24.2,1026.9
2015011806,0.9,0,2.5,34.5,22.5,1024.9
2015011812,9.1,0,2.7,206.1,13.8,1019.5
2015011818,5.8,0,2.4,236.1,24,1017.8
2015011900,5.3,0,3.8,281.5,52,1017.2
2015011906,5.5,0,2.4,308.2,41.7,1019.9
2015011912,8.1,0,4,332.3,35,1020.4
2015011918,4.5,0,2.6,346.5,47.5,1023.3
2015012000,0.7,0,1.2,24.5,55.7,1025.7
2015012006,1,0,0.9,295,52.8,1028
2015012012,8.5,0,1.7,75.1,43,1026.2
2015012018,5.5,0,1.1,280.3,65.3,1026.7
2015012100,3.9,0,0.5,348.8,71.2,1026.1
2015012106,4.7,0,1,282.6,72,1024.7
2015012112,9,0,1.4,57.7,62.3,1020.7
2015012118,6.6,0.2,1.7,305.5,88.2,1019
2015012200,5.8,5.6,1.8,342,93,1016.3
2015012206,5.4,1.6,2.9,350,81,1016
2015012212,6.6,0,3.9,13.4,69.7,1016
2015012218,4.8,0,3,6.9,62.3,1019
2015012300,2.5,0,2.5,350,57.8,1020.7
2015012306,2.4,0,1,274.1,62.3,1022.8
2015012312,8.1,0,2.4,186.2,39.3,1021
2015012318,3.9,0,1.4,279.5,63,1022.1
2015012400,0,0,1,276.8,81,1023
2015012406,1.9,0,2,321.6,67,1024.8
2015012412,9.1,0,2.3,16.7,38.3,1024.3
2015012418,5.1,0,1.1,19.1,55.7,1027.6
2015012500,0.9,0,0.3,336.3,73.7,1028.6
2015012506,2.4,0,0.5,20.8,72.5,1028.3
2015012512,10.3,0,1,130.3,53.8,1024.9
2015012518,9.6,0,1.2,288,67.5,1023.2
2015012600,8,1.3,0.8,329.3,92.5,1019.9
2015012606,9,3.7,0.6,324.9,96.2,1017.3
2015012612,10.9,0,2,26.5,83.5,1016.1
2015012618,9.8,0,1.5,352.9,72.5,1017.5
2015012700,6,0,2.8,0.9,64.5,1018.5
2015012706,4.1,0,3.2,356.6,56.5,1020.5
2015012712,7.7,0,2.7,340,38.8,1019.6
2015012718,3.1,0,1.6,7.2,42.8,1021.8
2015012800,-0.8,0,3,13.4,39.5,1023.2
2015012806,-1.5,0,3.2,11.7,44.2,1026.2
2015012812,3.7,0,3.3,13.4,62.3,1026.3
2015012818,1.5,0,1.4,337.2,82.7,1028.9
2015012900,0,0,0.5,346.4,90,1029
2015012906,2,0,0.6,343.9,83,1028.9
2015012912,6,0,2.1,90,60.8,1025.3
2015012918,4.6,0,1.5,302,72.2,1023.9
2015013000,3.7,0,1.1,283.6,79.5,1021.4
2015013006,3.2,0.1,3.7,346.4,63.8,1021.5
2015013012,5.6,0,5.8,326.6,32.7,1020.3
2015013018,1.3,0,3.9,323.3,29.7,1023.8
2015013100,-1.8,0,3.2,353.6,40.5,1026.6
2015013106,-2.4,0,2.8,4.4,41.7,1029
2015013112,3.5,0,3.6,28.5,24.3,1028.8
2015013118,0.5,0,0.9,297,34.8,1031.1
2015020100,-2.1,0,1,263.5,46.5,1032.1
2015020106,-1.3,0,1.3,287.1,41.3,1032.4
2015020112,6.8,0,2.8,82.6,22,1030.1
2015020118,1.8,0,1.1,336.6,49,1031.3
2015020200,-1.8,0,0.4,330.5,64,1031.3
2015020206,0.5,0,0.6,276.6,59,1031.5
2015020212,8.1,0,2.6,103.6,39.5,1029.3
2015020218,3.7,0,1.1,326.9,64.3,1030.7
2015020300,-0.1,0,0.7,317.1,83.5,1030.5
2015020306,1.7,0,0.8,310.5,79.8,1030.4
2015020312,9.1,0,2.5,110.9,44.7,1026.9
2015020318,4.8,0,1,5.1,68.5,1026.1
2015020400,2.6,0,0.3,348.7,80.7,1023.9
2015020406,3.5,0,0.9,322,65,1023.1
2015020412,6.6,0,2,52.3,39.3,1019.5
2015020418,4.4,0,2.4,328.9,40,1019.4
2015020500,1.5,0,3.5,325,56.5,1019.8
2015020506,2.1,0,3.5,330,53.3,1020.2
2015020512,6.5,0,3.8,346.6,37,1020
2015020518,3.3,0,1.4,342.9,43.2,1023.3
2015020600,1.2,0,2,358.8,49.5,1024.4
2015020606,1.6,0,2.7,357,49.3,1025.2
2015020612,8.8,0,2.8,183.4,29.8,1023
2015020618,5,0,1.2,329.3,41.2,1023.8
2015020700,1.1,0,1,300.5,51.3,1022.7
2015020706,2,0,1.3,262,56,1021.1
2015020712,9.4,0,2.4,97,32.8,1017.5
2015020718,6.1,0,2.1,346.5,42,1017.9
2015020800,4.6,0,2,290.2,46.7,1016.9
2015020806,1,0,4.6,333.4,33,1018.3
2015020812,-0.3,0,5.6,325.3,15,1021.3
2015020818,-3.7,0,3.7,323.3,20,1025.6
2015020900,-6.7,0,5,315.1,33.7,1026.5
2015020906,-6.2,0,4.6,325,28.7,1028.1
2015020912,0.8,0,5.3,302.9,13.3,1024.4
2015020918,0.4,0,3.6,290,31.5,1022.5
2015021000,-0.4,0,3.7,290,46.3,1021.5
2015021006,1.7,0,2.4,277.5,45.5,1020.8
2015021012,8.4,0,4,253.3,30.2,1016.1
2015021018,5.3,0,1.9,270,40.8,1015.3
2015021100,1.5,0,0.9,341.6,51.2,1015.1
2015021106,2,0,1.1,289.1,58.8,1015.1
2015021112,10.4,0,3.9,273.3,29.7,1011.5
2015021118,7,0,1.5,270,47.8,1011.3
2015021200,3.2,0,1.1,320.6,64.8,1010.2
2015021206,3.4,0,2.4,299.6,50.3,1010
2015021212,7,0,4.7,321.8,17.3,1009
2015021218,2.5,0,2.8,8.1,27.5,1013.3
2015021300,-1.5,0,2.9,326.6,30.3,1016.5
2015021306,-1.3,0,2.3,306.5,27.5,1017.9
2015021312,5.5,0,4.7,318.4,17,1016.8
2015021318,2.9,0,2,318.4,25.8,1019.4
2015021400,1.1,0,2.7,335.6,35.3,1020.9
2015021406,2.2,0,2.3,305,36.5,1022
2015021412,11.1,0,3.2,277.7,18,1019.6
2015021418,7.3,0,2.2,280.2,34.3,1021.3
2015021500,2,0,1.4,280,61.3,1022.4
2015021506,4.8,0,1.6,318.9,57.2,1023
2015021512,11.2,0,3.9,70.3,43.5,1021.7
2015021518,9.3,0,3.2,90,64.2,1022.2
2015021600,6.9,2.1,1.8,63.2,82.7,1020.7
2015021606,6,6.6,1.3,62.5,88.8,1018.7
2015021612,6.7,1,1.5,6.8,82.3,1014.5
2015021618,5.6,0.1,1.2,325,93.3,1013.9
2015021700,5.1,0,0.7,333.9,95.3,1013.6
2015021706,5.1,0,2.2,299.9,83.8,1013.9
2015021712,8.7,0,4.7,315,41,1012.8
2015021718,4.7,0,2.9,336.6,53.2,1016.3
2015021800,2,0,2.2,346.5,60,1018.4
2015021806,3.3,0,2.7,0,57.3,1019.9
2015021812,6.9,0,3.1,325,43.7,1018.9
2015021818,3.6,0,1.9,358,58.3,1020.2
2015021900,1.5,0,1.5,353.4,70.7,1022
2015021906,2.8,0,2.5,350,63.8,1025.2
2015021912,7.6,0,4.2,65.6,49.8,1025.7
2015021918,3.8,0,1.8,339.7,69.5,1027.8
2015022000,0.5,0,0.9,301.9,86,1028.5
2015022006,2.1,0,0.8,332.1,77.3,1028.9
2015022012,9.5,0,3,141.5,44.3,1027.3
2015022018,6.4,0,1.4,70.1,54.7,1027
2015022100,4,0,0.7,280.2,68.2,1025.2
2015022106,6,0,1.4,260,68,1023.1
2015022112,9.1,1.9,1.6,277.7,85.5,1019.5
2015022118,10.2,2.8,2.3,191.2,95.2,1017.9
2015022200,10.5,1.1,1.6,263.4,98.3,1014.8
2015022206,11.4,0.2,1.8,281.6,97.2,1013
2015022212,13.8,0,2.6,313.2,66.8,1012.4
2015022218,10.5,0,2.6,311.3,49.5,1014.2
2015022300,4.1,0,3.9,3.4,49.3,1017.7
2015022306,3.8,0,2.5,3.7,48.2,1019.1
2015022312,11.3,0,2.7,332.6,25.8,1016.6
2015022318,7.4,0,1.4,32.2,37.2,1016.9
2015022400,3.8,0,1.1,15.6,53.5,1017.2
2015022406,4.8,0,3,350,44.7,1017.7
2015022412,10.4,0,3.6,76.4,24.3,1016.1
2015022418,6.8,0,1.6,301.9,53.8,1018.2
2015022500,3.3,0,0.8,263.9,64.8,1019.6
2015022506,5.9,0,0.6,276.9,57,1020.8
2015022512,11.5,0,2.5,154,48.2,1018.7
2015022518,9.4,0,2,249.1,64,1018.5
2015022600,5.7,0,0.7,320.2,84.2,1016.9
2015022606,7.6,0,0.6,69.9,74.2,1015.4
2015022612,12.7,0,4.9,319.8,35,1013.4
2015022618,5.7,0,4.6,313.4,19.2,1017.4
2015022700,0.3,0,2.6,330,30.3,1021.3
2015022706,-0.5,0,3.5,323.3,37.5,1024.4
2015022712,4.4,0,3.7,7.9,19.8,1025.5
2015022718,2.2,0,2.3,355.1,45.7,1028.6
2015022800,2.4,0,1.6,350,54.3,1029.3
2015022806,4.2,0,2.4,45,53.7,1029.5
2015022812,6.7,0,3.7,90,52.3,1026.5
2015022818,4.9,0.2,2.1,34.5,70.7,1023.5
2015030100,2.1,5.9,0.8,302,96.5,1019.9
2015030106,3.2,0.5,1.8,356.6,87.3,1018
2015030112,7.6,0,5.8,323.3,44.2,1015.6
2015030118,4.9,0,2.2,329.8,48.2,1017.9
2015030200,2.5,0,3.7,346.6,48.3,1020
2015030206,3.8,0,1.8,356.6,36.7,1020.9
2015030212,9.2,0,3.5,149.8,31.2,1018.8
2015030218,5.7,0,1.5,248.5,47.8,1018.4
2015030300,2.6,0,0.8,290,63.7,1017.2
2015030306,3.8,0.1,1.1,307,70.8,1015.6
2015030312,5,6.8,1.2,324.2,92.8,1011.5
2015030318,3.9,0.6,1,299.4,96.3,1010.2
2015030400,2.5,0,2,301.8,77.3,1011.5
2015030406,1.1,0,3.1,321.8,37.5,1015.5
2015030412,5.8,0,5,299.9,19.8,1017
2015030418,3.3,0,3,346.5,25.5,1021
2015030500,-1,0,1.5,343.4,44.3,1024.6
2015030506,0.7,0,1.6,15,42.5,1026.4
2015030512,6.3,0,4.2,70,38.3,1025.5
2015030518,4.2,0,1.8,10,48.8,1026.2
2015030600,3.3,0,1,317.3,62.7,1025.9
2015030606,4.6,0,1.8,282.7,61.7,1025.9
2015030612,7.7,0,3.7,93.4,46.3,1023.5
2015030618,5,0,1.9,54.9,59.2,1023.4
2015030700,1.8,0,0.6,301.5,77.5,1023.3
2015030706,4.1,0,1,263.8,69.7,1023.5
2015030712,11.1,0,3,142.3,47.3,1021.4
2015030718,6.8,0,1.5,22.6,67.8,1023.8
2015030800,2.5,0,0.6,297.3,87.5,1024.8
2015030806,4.6,0,1.2,239.7,76.3,1025.7
2015030812,10.9,0,3.6,86.6,45.8,1023.3
2015030818,7.8,0,1.9,41.3,60.5,1021.5
2015030900,5.6,0,1.1,307.2,70.7,1018.9
2015030906,8,0,2.1,315,58,1016.6
2015030912,14.3,0,5.8,336.6,20,1013.2
2015030918,6.3,0,4.6,340,18.3,1015.2
2015031000,-2.3,0,5.7,330,32.3,1018.9
2015031006,-2.6,0,5,330,24.7,1021.6
2015031012,3.2,0,6.2,321.8,12.3,1019.6
2015031018,1.5,0,1.8,336.6,16,1020.6
2015031100,-0.3,0,1.8,85.4,37.7,1021.9
2015031106,1.8,0,2,308.4,37.5,1022.5
2015031112,8.7,0,5.7,273.4,19.5,1017.2
2015031118,7.1,0,5.4,276.6,25.2,1016.8
2015031200,3.4,0,2.9,314.3,27.5,1018.4
2015031206,2.7,0,2,322.8,28.2,1020.7
2015031212,10.1,0,4.1,307.8,14.3,1018.2
2015031218,7.1,0,2.6,245.7,36,1018.5
2015031300,5.2,0,2.5,260.2,38,1018.9
2015031306,7.6,0,3.2,243.2,43.8,1018.5
2015031312,12.4,0,5.3,263.4,42.5,1017.8
2015031318,9.4,0,2.7,263.4,58.2,1019.2
2015031400,6.5,0,2.1,324.4,53.7,1021.3
2015031406,6.5,0,2.4,12.6,27.8,1024.1
2015031412,11.1,0,3.4,121.6,21.8,1023
2015031418,8.1,0,1.6,56.2,40.7,1023.4
2015031500,5.3,0,0.8,322.3,51.7,1022.6
2015031506,6.8,0,0.8,285.8,50.8,1022.5
2015031512,15.9,0,2.9,172.6,26.5,1019.2
2015031518,11.5,0,1.3,50.2,50,1020.6
2015031600,6.7,0,1.1,272.9,53.8,1021.7
2015031606,8.8,0,1.1,202.6,45.5,1022.1
2015031612,17.1,0,3,148.8,28.2,1019.5
2015031618,11.8,0,1.8,233.5,59.7,1019.5
2015031700,7,0,0.8,308.1,73,1018.8
2015031706,10.1,0,0.9,262.2,55.7,1018.8
2015031712,18.8,0,2.4,101.6,38.7,1015.4
2015031718,14.9,0,1.3,44.7,60.8,1015.9
2015031800,12.4,0,1.4,31.9,69.3,1016
2015031806,10.8,4.2,2.4,24.9,84.5,1016.2
2015031812,10,20.4,2.2,21.9,93.8,1011.6
2015031818,9.3,12,2.8,0,91.3,1009.1
2015031900,8.8,5.1,2.6,353.2,91.5,1010.1
2015031906,9.8,0.5,3.2,6.8,82.7,1013.3
2015031912,14.2,0,3.4,73.4,63.7,1014
2015031918,11,0,1.2,50,83.8,1015.5
2015032000,9.4,0,0.8,285,93,1015.9
2015032006,12.2,0,1.4,35,77.7,1017.7
2015032012,16,0,4.2,83.6,50.2,1017.2
2015032018,11.6,0,1.5,135,81,1017.8
2015032100,9.5,0,0.4,344.4,92,1016.8
2015032106,13.9,0,1.2,334.2,57,1015.9
2015032112,19.9,0,3.2,158.6,32.7,1013.1
2015032118,14.9,0,0.9,25,46.5,1014
2015032200,10.3,0,1.3,312,53.3,1014.9
2015032206,11.9,0,2.4,291.3,40.3,1017.1
2015032212,18.1,0,4.3,299.9,12.7,1016.7
2015032218,14.4,0,4.5,297.7,9.7,1018.3
2015032300,7.8,0,4.4,345.8,18.3,1022
2015032306,6.1,0,3.5,342.9,23,1024.8
2015032312,12.2,0,5.7,310.9,9.5,1021.7
2015032318,9,0,3,7.1,24.2,1024.1
2015032400,5,0,2.1,28.5,39.3,1027.6
2015032406,6.1,0,2.2,336.2,31.7,1030.2
2015032412,11,0,3.6,102.7,22.2,1029.6
2015032418,7.5,0,1.9,95,41.3,1031.4
2015032500,3.2,0,0.7,317.1,60.8,1033.4
2015032506,6.3,0,0.9,259.8,50.5,1034.8
2015032512,12.5,0,4.4,149.8,35.2,1033.8
2015032518,9.6,0,2.4,241.6,47,1034.8
2015032600,5.1,0,0.6,335.5,62.5,1034.4
2015032606,8,0,1.9,252.4,45.5,1033.9
2015032612,17.1,0,3.4,116.6,21.7,1029.7
2015032618,12.6,0,2,320,36,1029.2
2015032700,7.4,0,1.6,273.9,44.3,1028.8
2015032706,10.6,0,1.9,279.4,36.2,1027.3
2015032712,19.1,0,2.9,116.7,23.7,1022.5
2015032718,14.6,0,2.2,288.4,30.7,1021.8
2015032800,9.3,0,1.6,304.2,45,1020.7
2015032806,11.4,0,1.7,259.8,38.5,1019.7
2015032812,20.8,0,5.3,256.8,21.2,1015
2015032818,17.1,0,4.2,260,40.2,1015
2015032900,12.9,0,2.3,306.9,58,1015.1
2015032906,13.3,0,1.1,98.7,53.3,1016.1
2015032912,19.1,0,3.4,169.4,35.8,1015.4
2015032918,14.2,0,2,124.2,57.8,1018.4
2015033000,9.5,0,0.8,296.2,76.3,1019.5
2015033006,12.7,0,1.2,242.1,66.5,1020.5
2015033012,19.7,0,4.7,170,41.2,1018
2015033018,16.7,0,2.8,229.3,44.3,1018
2015033100,12.9,0,0.4,0,66.5,1017.9
2015033106,14.9,0,1.2,264.9,64.5,1018.1
2015033112,16.6,0,3,225.1,74.5,1015.5
2015033118,15.4,0,2.1,221.5,88.5,1013.8
2015040100,15.6,0,1.5,350,88.8,1011.8
2015040106,12.9,0,2.7,38.2,81.5,1015.5
2015040112,10.7,0,4.5,40.1,70,1018
2015040118,10.4,0,2.7,35,71.2,1019.7
2015040200,10.8,0,2.3,70,71,1018.6
2015040206,11.5,0,2.6,94.3,69.2,1016.5
2015040212,13.6,0,2.6,167.2,69.8,1010.5
2015040218,15.5,2.1,3.6,235.3,92.5,1004.5
2015040300,19.9,7.6,5.5,233.3,87.8,999.4
2015040306,20.1,0.7,5.3,240,78.3,1000
2015040312,19,0,4.2,93.1,66.8,1004.5
2015040318,12.3,0,4.6,56.6,74.2,1013.8
2015040400,10.4,0,3.8,45.1,68.2,1017.5
2015040406,10.9,0,3.9,53.3,60.7,1018.3
2015040412,12.3,0,5.4,80.2,58.8,1016.8
2015040418,8.5,16.3,2.1,352.4,91.3,1017.2
2015040500,8.5,7.6,1.8,332.1,93.7,1015.2
2015040506,9.3,0,1.6,332.1,88.2,1015.5
2015040512,12.6,0,1.5,69,74.5,1014.3
2015040518,11.1,0,1.3,69.1,85.5,1015.6
2015040600,10.8,3.8,0.9,343.5,95,1015.1
2015040606,11.6,1.5,1.2,352.3,92.3,1016.7
2015040612,11.3,4.5,2,20.2,84.2,1017.4
2015040618,10.1,0,2,353.4,81,1019.7
2015040700,9.1,0.2,2.1,37.1,90.8,1021.5
2015040706,8.8,0,3.2,56.6,67.5,1024.1
2015040712,8.7,0,3.3,53.3,63.5,1024.2
2015040718,8.3,0,1.9,26.6,68.5,1025.3
2015040800,7.3,0.4,1.5,31.8,83,1026.3
2015040806,7.4,0,1.9,49.8,80.7,1027.4
2015040812,9.1,0,3.5,80,63.2,1026.4
2015040818,7.9,0,1.6,75,66.8,1026.7
2015040900,5.2,0,0.5,297.3,84.7,1026.7
2015040906,7.7,0,1.6,205,69.8,1027
2015040912,12,0,3.8,104.7,49.2,1024.5
2015040918,9.3,0,1.9,57.7,64.8,1024.6
2015041000,6.9,0,0.8,276.8,80.8,1023.2
2015041006,9.8,0,1.5,0,71.2,1022.6
2015041012,14.4,0,5.7,90,40.5,1021.7
2015041018,10.8,0,2.1,25,60.7,1023.3
2015041100,6.6,0,0.8,267.7,79.7,1024.2
2015041106,9.9,0,1.6,223.5,61.7,1026.3
2015041112,15.3,0,5.2,93.3,32.7,1025.9
2015041118,11.2,0,1.7,77.2,68.7,1027.8
2015041200,7.7,0,0.5,288.7,84,1027.5
2015041206,10.4,0,2.7,3.4,71,1027.2
2015041212,14.9,0,5,70,46.7,1024.9
2015041218,12.3,1.5,3.9,48.4,68.5,1025.1
2015041300,10.4,12.8,3.6,23.2,87.5,1023.1
2015041306,10.8,10,4.9,35,86.5,1020.2
2015041312,10.9,3.7,4.2,45.1,88.3,1015.7
2015041318,10.1,3.9,3.6,50,92,1013.3
2015041400,9.9,3.4,1.8,17.7,93.2,1009.7
2015041406,11.2,7.7,2.7,308.4,78,1008.6
2015041412,16.1,0,3.9,187.1,43.8,1005.7
2015041418,11.1,0,2.1,252.2,60.2,1005.5
2015041500,7.5,0,1.5,288.4,84.8,1006.3
2015041506,10.7,0,2.4,305,65.2,1007.2
2015041512,20.5,0,4.8,273.3,29.8,1006.1
2015041518,18.4,0,3.7,266.7,38.8,1009.2
2015041600,14.8,0,1.8,264.9,42,1010.5
2015041606,16.3,0,3.4,238.3,49,1010
2015041612,21.7,0,6.6,233.3,39.5,1005.7
2015041618,12.3,0.7,3.5,323.3,51.2,1009.4
2015041700,9,0,1.1,328.1,38.8,1015.1
2015041706,11.3,0,2.6,273.3,38.8,1017.7
2015041712,19.2,0,3.5,170,18.3,1015.9
2015041718,15.4,0,2.8,247.7,26.2,1016.7
2015041800,10.2,0,0.9,293.9,38.8,1017.7
2015041806,13.1,0,1.1,238.3,40.7,1018.6
2015041812,20.1,0,2.9,155,29.7,1015.5
2015041818,16.6,0.1,1.6,260,30,1014.7
2015041900,11.9,1.6,0.8,20.2,81.7,1013.5
2015041906,14.7,5,1,63.4,94,1011.6
2015041912,17,4.6,2.8,206.6,93.2,1007.6
2015041918,15.5,9.5,1.9,58.2,95.5,1005
2015042000,12.2,2.1,1.4,19.3,94.3,1003.2
2015042006,12.1,4.5,0.9,344.9,90.2,1003.8
2015042012,10.9,2,3,37.1,80.2,1007
2015042018,10,0,1.6,354.8,74.7,1011
2015042100,7.5,0,0.8,320.4,90.2,1013.8
2015042106,11.4,0,1.1,245.6,73.7,1015.9
2015042112,17.5,0,3.8,146.1,47.7,1015.4
2015042118,13.7,0,1.6,261.8,56.2,1016.7
2015042200,10.1,0,0.7,298.4,75.8,1016.8
2015042206,15.2,0,1.6,242.1,54.2,1017.5
2015042212,20.9,0,3.9,123.8,33.5,1015.2
2015042218,18.2,0,1.4,334.8,36.8,1017.3
2015042300,12.8,0,1.6,277.7,50.5,1020.9
2015042306,15.6,0,1.3,285,41,1021.9
2015042312,23,0,3.4,223.4,19.5,1018.9
2015042318,17.8,0,2.1,234.5,34.2,1018.7
2015042400,12.7,0,1.1,317.9,50.3,1018.8
2015042406,16.1,0,1.4,260,45.8,1019.9
2015042412,23.4,0,3,154.6,33.5,1016.5
2015042418,19.4,0,2.6,330,44.2,1016.8
2015042500,13.6,0,1.6,347,61.2,1019.3
2015042506,16.5,0,2.1,263,42.2,1020.5
2015042512,22.1,0,3.6,152.1,22.2,1018.7
2015042518,16.5,0,1.5,245.3,45,1018.7
2015042600,12.1,0,1,281.4,53.8,1018.5
2015042606,18.4,0,1.5,245.3,37.7,1019
2015042612,25.9,0,3.2,113,24.3,1016.1
2015042618,21.2,0,1,89.7,37.7,1016.1
2015042700,16.5,0,0.8,327.3,46.7,1016.7
2015042706,20.1,0,1.3,244.3,45.5,1017.6
2015042712,27.4,0,4.6,214.6,21.5,1014.5
2015042718,21,0,2.9,249.6,22.5,1015
2015042800,16.2,0,1.1,354.9,35.2,1015.5
2015042806,18.5,0,1.4,164.9,59.2,1015.8
2015042812,22.9,0,3.9,163,45.8,1014
2015042818,19.3,0,1.6,160,62,1014
2015042900,16.8,1.5,1.5,74.9,84.8,1013.6
2015042906,16.6,0.3,2.3,73.4,83.3,1014.3
2015042912,16,3.3,2.2,104.3,86,1013.8
2015042918,14.6,0,1.2,35.7,86.8,1014.2
2015043000,13.6,0,1.3,19,85.3,1013.1
2015043006,16.3,0,1.6,35.7,73.3,1014.3
2015043012,18.2,0,2,63.4,72.7,1014
2015043018,17.4,0,0.9,323.1,85.7,1014.3
2015050100,14.5,0,0.5,322,96.2,1014.5
2015050106,18.5,0,1.4,231.1,75,1015.2
2015050112,24.2,0,3.4,148.5,47.5,1013.3
2015050118,20.5,0,1.8,172.7,56.2,1014
2015050200,15.3,0,0.7,314.4,80.2,1014.5
2015050206,19.5,0,1.4,264.7,65,1014.3
2015050212,26.9,0,4,196.3,38.2,1011.6
2015050218,22.6,0,2.4,250,52.2,1011.4
2015050300,19.2,2.1,1.1,231.1,75.2,1010.3
2015050306,17.4,5.6,3.5,141.8,93,1009.8
2015050312,16.8,10.8,2.6,130.4,95,1007.6
2015050318,17.2,5.4,1.5,230.8,95.2,1006.1
2015050400,17,0,1,329.9,96,1004.6
2015050406,20.7,0,2.8,285,63.3,1005.1
2015050412,23.5,0,5.2,325.3,20.8,1005.2
2015050418,18.5,0,3.5,17.1,28,1008.8
2015050500,13,0,1.9,33.4,30.8,1011.9
2015050506,15.3,0,1.5,289.3,33.2,1012
2015050512,21.4,0,3.7,149.8,27.3,1008.9
2015050518,17.5,0,1.2,91.2,47,1009
2015050600,13.2,0,1.3,290.2,56.5,1010.3
2015050606,16.2,0,1.6,254,46.8,1011.2
2015050612,22.3,0,2.5,141.5,33,1010.2
2015050618,19.3,0,1.2,15,47.2,1010.6
2015050700,16.5,0,1.4,296.4,50.5,1011.7
2015050706,19.8,0,2.2,1.8,37.3,1012.1
2015050712,22.7,0,4.2,140.3,27.8,1011.3
2015050718,19.8,0,1.5,279.5,37.2,1011.6
2015050800,15.4,0,1.5,298.8,52.8,1012.5
2015050806,19.3,0,1.6,305,39.7,1013.6
2015050812,22.9,0,3.8,122.3,29.2,1012.3
2015050818,19.8,0,2.1,244.9,30.2,1012.6
2015050900,16.7,0.2,0.9,302.3,55.2,1012.9
2015050906,18.4,0,1.1,201,54.8,1012.4
2015050912,22.1,0,3.5,136.3,36.8,1010.5
2015050918,17.7,0,2.5,67.1,59.2,1013.4
2015051000,13.6,0,1.9,358.8,72.3,1016.9
2015051006,15.9,0,2.3,56,59.7,1018.7
2015051012,19.2,0,3.8,106.7,48,1018.8
2015051018,15.7,0,3.2,76.5,64.7,1021.8
2015051100,13.8,0,1,12.8,75.8,1021.2
2015051106,16.5,0,1.6,156.1,60.8,1019.9
2015051112,19.4,0,2.9,160,50.3,1015.1
2015051118,16.9,24.5,2.8,205.5,85,1009.6
2015051200,17.9,32.5,3.3,209.6,91.3,1001.3
2015051206,17.3,0.4,3.2,242.1,71.7,1002
2015051212,20.5,0,5.3,246.6,35.3,1000.9
2015051218,17.2,0,3.8,243.2,53,1001.8
2015051300,16.4,0,3.9,270,51.2,1002.5
2015051306,21.1,0,5.9,263.6,35.8,1004
2015051312,27.3,0,7.5,250,18,1004.4
2015051318,22.1,0,4.3,243.4,27,1008.1
2015051400,18.1,0,1.8,263.4,29.8,1010
2015051406,20.1,0,4,245.2,57.3,1010.1
2015051412,24,0,4.7,220.1,52.8,1007.7
2015051418,22.4,0,2.1,144.3,58.3,1007.8
2015051500,17.1,0,1.6,66.6,80.2,1008.4
2015051506,19.5,0,2.2,96.8,66,1009.6
2015051512,20.5,0,2.9,160,58.2,1008.8
2015051518,16.8,0.2,1.7,112.4,69.2,1008.5
2015051600,14.6,0.9,1.7,62.5,82.2,1008.6
2015051606,15,0,2.2,58.5,74.8,1010.6
2015051612,19.9,0,2.8,151.9,57.8,1008.9
2015051618,16.7,0,1.7,28.8,72.5,1009.7
2015051700,13.7,0,1.5,304.1,65.3,1010.6
2015051706,19.2,0,1.6,270.6,40,1011.9
2015051712,25.1,0,3,138.4,16.6,1010.4
2015051718,20.1,0,1.1,260,27.2,1009.7
2015051800,16.2,0,0.7,5.3,41,1008.8
2015051806,16,2.3,0.9,314.2,50.5,1008
2015051812,15.3,11.6,1.2,324.2,78.5,1005
2015051818,15.1,1.2,1.1,8,86,1003.2
2015051900,13.8,0,0.9,343.4,87.8,1004.1
2015051906,18.3,0,1.2,218.1,70.3,1006.1
2015051912,24.2,0,2.9,100,43.8,1004.6
2015051918,21.8,0,1,53.3,45.8,1004.5
2015052000,18.8,0,2,353.5,45.7,1005
2015052006,20.1,0,2.9,326.9,17.7,1006.6
2015052012,21.2,0,3.8,85.6,28.3,1006.8
2015052018,15.8,0,2.3,40.4,51.2,1009.7
2015052100,12.8,0,1.5,285,67.7,1011.7
2015052106,19.4,0,1.1,297.3,42.3,1013.5
2015052112,25.4,0,3.3,106.4,32.3,1012
2015052118,21.9,0,1.9,293.7,48.2,1012.8
2015052200,18.2,0,0.9,341.6,58.8,1013.9
2015052206,22.4,0,2.3,289,40.7,1014.5
2015052212,28.1,0,3.8,270.9,23.5,1011.8
2015052218,23.6,0,3.5,277.9,33.5,1011.8
2015052300,20.2,0,2.1,301.8,42.7,1012
2015052306,22.8,0,1.7,291.7,40.7,1011.9
2015052312,26.7,0,4.2,169.5,31.8,1009.1
2015052318,21.7,0,1.9,101.3,45.8,1009.1
2015052400,17,0,0.6,319.9,59.3,1008.7
2015052406,21.6,0,1.4,208.7,49.3,1008.5
2015052412,27.6,0,3.5,152.5,27.5,1006.6
2015052418,23.3,0,1.3,258.7,35.7,1007
2015052500,17.9,0,0.4,327.8,58.3,1007.5
2015052506,22.2,0,1.2,235,50.2,1008.3
2015052512,27.6,0,4,128.4,35.8,1006.9
2015052518,21.6,0,1.7,66.6,65.5,1008
2015052600,18.8,0,1.1,307.4,71.5,1009.2
2015052606,24.6,0,2,332.3,46.8,1010.5
2015052612,31.4,0,3.4,116.1,21.5,1008.9
2015052618,25.9,0,1.2,283.2,39,1009.2
2015052700,20.5,0,0.9,327.3,52.8,1010.2
2015052706,24.3,0,1.3,201.1,39.2,1011.2
2015052712,27.5,0,3.6,148.5,32.5,1009.9
2015052718,21.7,0,1.6,232.1,65.2,1009.7
2015052800,18.4,0,0.8,353.5,78.7,1009.8
2015052806,20.5,0,1.8,40.9,71.5,1011
2015052812,26,0,2.7,90,39.3,1009.3
2015052818,20.4,0,1.6,47.3,67.8,1010.2
2015052900,16.3,0,1,274.4,83.5,1010.1
2015052906,22.1,0,1.3,236.3,55.2,1009.4
2015052912,29.7,0,4,173.9,26,1006.2
2015052918,24.2,0,2.5,167.2,52.7,1006.1
2015053000,21.4,0,0.6,323,63.2,1005.4
2015053006,20.8,0.5,2,293.2,73.3,1005.1
2015053012,22.5,0.1,1.8,332.1,64.2,1003.3
2015053018,20,0,1.2,13.6,87.5,1003.8
2015053100,17.7,0,0.8,298.4,96,1005.6
2015053106,21.7,0,2.1,314.4,67.8,1008.1
2015053112,24.1,0,5,83.4,50.2,1008.1
2015053118,19.7,0,2.2,101.8,72.7,1009.6
2015060100,16.2,0,1,310,95.2,1009.8
2015060106,21.5,0,1.5,260,65.5,1010.3
2015060112,27.2,0,3.2,118.7,46.5,1009
2015060118,24.4,0,1.5,116.9,54.5,1009.4
2015060200,21,0,0.7,321.8,64.8,1009.6
2015060206,21.9,0,1.4,281.8,61.2,1009.3
2015060212,25,0,1.8,103.6,61.8,1006.9
2015060218,23.1,0,1.3,257,72.8,1005
2015060300,21.4,0,2.9,308.2,78,1003.3
2015060306,24.7,0,3.1,22.2,46.7,1004.1
2015060312,24.2,0,4.6,100,38.3,1005.1
2015060318,20.2,0,2.2,24.7,35,1008.7
2015060400,16.3,0,0.9,300.2,53.2,1010.4
2015060406,22.7,0,1.7,305,37,1010.8
2015060412,27.2,0,4,131.5,24.8,1010
2015060418,22.2,0,1.6,59.7,57.8,1010.4
2015060500,19.8,0,1.1,307.8,60.7,1008.7
2015060506,17,2.5,2.2,348.4,78.2,1007.9
2015060512,15.1,4.1,2,6.8,100,1006.3
2015060518,14.6,1,1.4,356.2,100,1007.3
2015060600,13.4,0,1.1,316.7,100,1010.2
2015060606,17,0,1.7,257.4,84.2,1013.5
2015060612,22.5,0,3.6,145.3,57.2,1014.4
2015060618,18.6,0,3,179.5,80.5,1016.3
2015060700,15.4,0,1.1,294.9,99.8,1016.8
2015060706,17.9,0,0.9,247.9,88.2,1016.8
2015060712,23.6,0,3,139.8,51.5,1014.7
2015060718,20.2,0,2,168.9,86.7,1013.9
2015060800,17.7,0,1.3,271.4,96,1011.9
2015060806,20.7,0,1.3,228,80.7,1010.1
2015060812,22.7,0.8,2.3,136.8,77.5,1007.2
2015060818,20.2,1.1,1.4,87.2,95.8,1005.5
2015060900,18.8,0,1.2,302,96,1005.2
2015060906,20.9,0,0.9,310.9,87.5,1005.9
2015060912,25,0,3.5,129.5,68.3,1006.2
2015060918,22.1,0,1.7,90,80,1007.8
2015061000,19.4,0,0.8,295.5,92.5,1008.2
2015061006,24.6,0,1.1,168.5,66.7,1009.4
2015061012,28.9,0,3.5,143.3,39.2,1008.5
2015061018,24.3,0,1.9,129.5,62.3,1008.3
2015061100,20.5,0,0.9,358.1,83,1007
2015061106,21.3,0,2.2,115,84.2,1005.6
2015061112,21.9,0.3,2.4,87.2,91.5,1003.3
2015061118,21.4,0,1.4,17,93.2,1002.7
2015061200,20.5,0,1.2,59.2,94.7,1001.9
2015061206,25.6,0,3,256.5,61.2,1002.9
2015061212,31.1,0,4.8,250,33.5,1003
2015061218,23,0,2.5,188.5,71.5,1005.8
2015061300,18.5,0,1.4,313.7,94.2,1007.6
2015061306,19.7,0,1.8,170,85,1008.9
2015061312,25,0,3.4,195,70.5,1007
2015061318,23.5,0,2.5,215,71.5,1008
2015061400,18.6,0,1.3,310.7,91,1009
2015061406,21.9,0,2.3,270.2,73.8,1009
2015061412,26.6,0,3.4,149.7,63.5,1006.3
2015061418,22.9,0,1.6,100.1,83.8,1008
2015061500,20.3,0,1,221.6,91.3,1009
2015061506,23.2,0,1.5,223.6,80.8,1008.5
2015061512,27.4,0,3.1,195.8,67.5,1006.6
2015061518,24.6,0,2.3,273.4,76,1005.7
2015061600,22.1,0,1.8,267.6,87.2,1006
2015061606,21.7,0,1.4,207.7,88.7,1006
2015061612,22.5,0,2,151.3,85.5,1005.7
2015061618,21.3,0,1.8,104.7,89.2,1005.7
2015061700,20.1,0,1.1,43.3,90.3,1006.2
2015061706,21.5,0,2.1,80.5,74.5,1006.8
2015061712,23.1,0,3.3,83.4,66.2,1005.7
2015061718,20.4,0,1.8,53.3,81.3,1005.8
2015061800,20.6,0,1.7,20,86.2,1005.6
2015061806,21.9,0,3.3,38.2,82,1005.9
2015061812,22.2,0,4.7,63.4,81.2,1006
2015061818,21.1,0,4.1,50,82,1007.5
2015061900,19.8,0,3.6,24.9,83.5,1008
2015061906,20.2,0,3.3,16.7,80.3,1009
2015061912,22.3,0,4.1,46.8,69,1009.3
2015061918,19.6,0,2,56.4,79.7,1009.9
2015062000,17.9,0,1.4,29.6,89.2,1010.5
2015062006,20,0,1.1,42.9,80.3,1010.6
2015062012,20.6,0.8,1.7,110.7,84.5,1009.8
2015062018,18,7.9,1.4,63.1,96,1009.9
2015062100,18,0,0.9,26.6,96,1010.2
2015062106,20.2,0,1.2,50.7,87.5,1011.3
2015062112,22.6,0,2.7,135.7,73.8,1010.6
2015062118,20.3,0,1.9,124.4,88,1011.6
2015062200,17.6,0,1.3,301.1,96,1011.5
2015062206,20.4,0,1.6,263.4,86.5,1011.5
2015062212,25.9,0,3.3,144,65.5,1009.5
2015062218,23.1,0,2.3,229.2,74.5,1010
2015062300,19.6,0,1,323.1,90.2,1010.5
2015062306,23.5,0,2.3,357.8,74.5,1011.2
2015062312,24.8,0,3.4,143.1,70.3,1011.2
2015062318,22.2,0,1.4,143,84.2,1011.3
2015062400,20.5,0,1.6,53.3,92.3,1011.7
2015062406,23,0,2.3,53.5,76.5,1011.5
2015062412,24.9,0,3.3,97.9,65.5,1009.7
2015062418,21.9,0,2.8,76.8,82,1009.3
2015062500,20.1,0,0.8,329.5,91.2,1007.9
2015062506,22.6,0,2.6,55,75.7,1007.2
2015062512,23.8,0,4.2,83.4,71.5,1004.8
2015062518,21.1,10.3,2.5,56.6,90.7,1002.7
2015062600,21,27.1,1.9,72.7,96,997
2015062606,22.7,6,1.7,332.4,94.8,992.5
2015062612,23.6,0,1,138,91.3,993
2015062618,22.8,0.1,1.6,10.2,87.3,998.6
2015062700,20.5,0,1.2,18,91.2,1002.2
2015062706,21.6,0,2.5,48.4,79.8,1006
2015062712,22,0,4.1,73.4,73.7,1007.5
2015062718,19.4,0,2.2,35.3,83.2,1009.7
2015062800,18.2,0,1,26.6,88.7,1010.5
2015062806,19.2,0,1.9,43.4,82.2,1011.6
2015062812,21,0,2.3,73,77.5,1011.5
2015062818,19.4,0,1.6,70,86,1011.4
2015062900,17,0,0.8,359.1,95.5,1011.1
2015062906,21.3,0,1.6,197.9,78,1009.9
2015062912,25.8,0,3.6,135.1,60.7,1006.9
2015062918,22.5,0,2.1,148.5,83.2,1005.5
2015063000,21,0,0.7,326.3,87.7,1003.8
2015063006,22.5,0.1,1.7,309.5,76.7,1002
2015063012,21.6,1.6,1.6,325,89.3,999.7
2015063018,19,12.8,1.1,23,96,996.5
2015070100,19.1,0.6,0.9,350,96,993.3
2015070106,21.5,0,1,292.7,88.5,995.3
2015070112,26.9,0,2.7,127.5,68.3,995
2015070118,25.3,0,3.1,268,75.2,997.3
2015070200,20.5,0,1.3,326.1,88.2,999.8
2015070206,24,0,1.2,302.6,54.7,1001.5
2015070212,26.8,0,3.8,154.9,44.5,1001.8
2015070218,23,0,1.5,91.9,76.8,1002.5
2015070300,20.1,0,1,339.7,81,1003.3
2015070306,23.8,0,1.3,232.1,70.5,1004.3
2015070312,27.1,0,3.4,125,55.7,1004.1
2015070318,23.1,0,2.7,80.2,73.3,1006.7
2015070400,19.9,0,1,353.8,82,1008.8
2015070406,20.9,0,2.5,31.3,77.8,1010.1
2015070412,22.9,0,4.1,83.4,69.3,1010.8
2015070418,20.5,0,2.4,63.4,78,1012.2
2015070500,18.6,0,0.5,5,88.2,1012.4
2015070506,21.3,0,1.3,86.5,78.5,1012.4
2015070512,23.4,0,3.4,103.4,72.8,1011.7
2015070518,20.4,0,2,76.5,84.5,1012
2015070600,18,0,0.9,314.4,95,1012.6
2015070606,21.1,0,1.7,26.1,81,1012.7
2015070612,22.5,0,3.8,86.7,71.8,1012.3
2015070618,20.6,0,1.9,63.2,81.2,1012.5
2015070700,19.4,0,1.2,30.7,87.8,1011.9
2015070706,19.7,1.4,1.1,326.9,92.5,1012.2
2015070712,19.1,9.6,1.9,55.3,94.5,1011.7
2015070718,18.5,12.6,1.3,313.9,96,1011.1
2015070800,18.2,7.1,1.5,290,96,1010.7
2015070806,19.6,9.8,0.6,325,96,1011.6
2015070812,21.7,2.1,1,28,96,1012
2015070818,20.8,5.9,0.9,6,96,1013.9
2015070900,20.1,40.9,1.1,261.9,96,1014.7
2015070906,21,11,1.6,326.2,95.2,1015.8
2015070912,22.9,0.1,2.1,40.1,90.7,1016
2015070918,21.8,0,1.6,24.9,94,1016.5
2015071000,21.2,0,1.2,18.2,93.5,1016
2015071006,22.3,0,2,45.4,88,1016.4
2015071012,24.3,0,2.9,58.5,81.7,1014.5
2015071018,22.1,0,2.3,66.6,92.5,1014.1
2015071100,20.8,0,1.5,60,96,1013
2015071106,23.7,0,1.1,75.9,86.8,1012.5
2015071112,28.2,0,2.9,166,75,1010.5
2015071118,24.2,0.2,1.2,77.2,94.7,1010.2
2015071200,23.8,0,0.6,334.3,96,1007.4
2015071206,24.4,2.3,2.7,124.4,96.3,1004.9
2015071212,24.2,24.3,5.2,160,96.8,1000
2015071218,24.4,31.8,5.6,190.2,96.7,996.8
2015071300,25,0,6.2,225.1,88,995.3
2015071306,24.5,0,5.8,243.4,83.7,996.6
2015071312,25.4,0,6.1,233.3,78.5,998
2015071318,25.1,0,3.8,230,78,1000.3
2015071400,23.2,0,2.4,254.8,87.2,1002.3
2015071406,26.5,0,2.2,241.7,74.2,1003.8
2015071412,31.6,0,4,238.8,52.2,1002.8
2015071418,26.8,0,1.5,239.5,76.8,1004.1
2015071500,24,0,1.5,295.4,91.2,1005.2
2015071506,27.4,0,2,11.8,76.7,1005.9
2015071512,28.8,0,4.2,65.6,63,1005.6
2015071518,22.5,0,3.6,35,77.7,1008.3
2015071600,20.6,0,3.2,16.7,83,1008.2
2015071606,20.3,0,4.9,29.9,86.8,1007.6
2015071612,20.6,0,6.1,20,77.5,1006.5
2015071618,19.3,0,6.5,29.9,73.5,1006.2
2015071700,18.9,0,6.1,20,72,1004.4
2015071706,19.1,0,5.2,10,75.3,1005.2
2015071712,21.6,0,3.1,14.7,65.5,1005.4
2015071718,20.7,0,2,8.7,66.7,1007.8
2015071800,19.6,0,1.3,321.2,80,1008.6
2015071806,21.9,0,1.5,187.7,72.7,1010.2
2015071812,25.6,0,3.1,150,54.2,1010
2015071818,22.8,0,1.5,118.6,64.5,1011
2015071900,19.6,0,0.7,291.3,84,1011.3
2015071906,21.4,0,0.9,311.2,76.7,1012.2
2015071912,23.7,0,2.2,65.5,73,1012.1
2015071918,21.3,0.4,1.3,337.4,89.7,1012.5
2015072000,19.9,0.2,1.1,299.1,96.2,1011.5
2015072006,21.2,0,1,331.3,95.7,1011.2
2015072012,22.2,2.8,1.4,9.3,96,1010.1
2015072018,21.4,5.8,0.8,337,96.2,1009.7
2015072100,20.5,1.1,0.2,350,96,1009.2
2015072106,23.2,0,0.9,17.2,90.8,1009.1
2015072112,27.2,0,2.5,150,81.2,1007.6
2015072118,24.1,0,1.9,145,92.2,1007.8
2015072200,22.5,0.3,0.5,11.9,96,1008
2015072206,24.2,0,0.9,162.2,93.8,1007.4
2015072212,27.1,0,2.1,111.6,88.3,1006.4
2015072218,25.8,0,1.6,155.7,92.7,1007.2
2015072300,25.6,0,1.8,228.7,93.7,1008
2015072306,26.1,2.9,2.2,309.2,92.2,1008.7
2015072312,30.6,0,3.9,240,69.2,1007.9
2015072318,27.4,0,3.4,217.1,87.2,1008.7
2015072400,26.4,0,2.5,231.8,90.2,1008.2
2015072406,27.4,0.1,4.6,233.3,86.7,1007.2
2015072412,29.2,0,5.6,240,74.8,1006.6
2015072418,27.8,0,3.8,233.3,80.7,1007.5
2015072500,26.6,0,3.5,236.6,81.7,1008.1
2015072506,28.3,0,4.7,240,72.7,1008.7
2015072512,31.4,0,6,240,59,1007.6
2015072518,28,0,3.7,245,69.3,1008.5
2015072600,24.7,0,0.8,326.2,87,1009
2015072606,27.5,0,2.2,131.4,79,1009.5
2015072612,31.4,0,3.8,140,61.3,1007.7
2015072618,28.4,0,2.2,148.1,74.8,1007
2015072700,25.8,0,1.2,290.7,90.2,1006.7
2015072706,29,0,1.9,263.4,76.7,1007.6
2015072712,34.6,0,3.1,280.2,50.7,1006.1
2015072718,28.9,0,2.8,305,81.8,1007.2
2015072800,27.1,0,0.7,339.2,90.2,1007.3
2015072806,27.2,3.5,1.1,311.3,92,1008
2015072812,32.4,0,2.7,205,65,1006.8
2015072818,30.7,0,1.5,308.4,71,1006.7
2015072900,28,0,1.4,277.8,79.3,1006.7
2015072906,29.5,0,1.7,250,75,1007.2
2015072912,33.4,0,3.2,241.1,60.8,1006.4
2015072918,30.6,0,2.1,268.5,77.2,1006.8
2015073000,27.8,0,0.8,352.6,90.7,1008.1
2015073006,30.6,0,1.5,253.2,73.7,1009
2015073012,34.5,0,3.2,131.4,55.8,1007.8
2015073018,30.9,0,2.7,272.8,73.7,1007.8
2015073100,27.4,0,1.1,310.1,86.8,1009.1
2015073106,30.2,0,1.7,271.4,73.8,1009.6
2015073112,32.7,0,3.8,108.2,60,1008.1
2015073118,30.3,0,2.2,321.5,71.7,1008.4
2015080100,27.2,0,1.5,293.7,85.7,1009.4
2015080106,29.7,0,1.8,254.1,75.5,1010.9
2015080112,34.2,0,3.8,173.1,53.3,1009.7
2015080118,30.3,0,2.9,271,60,1009.8
2015080200,25.1,0,1.1,287.7,76.8,1010.8
2015080206,28,0,1.8,261.6,71.8,1011.5
2015080212,33.7,0,3.9,238.5,56.2,1010
2015080218,29.4,0,2.3,268.8,76.3,1010.3
2015080300,27,0,1.8,305,85.8,1010.5
2015080306,30,0,2,271.9,68,1010.9
2015080312,35.5,0,4.8,250,37.7,1008.6
2015080318,29.9,0,2.4,289,66.2,1008.7
2015080400,25.6,0,1.4,326.4,84.3,1008.8
2015080406,29.8,0,2.5,242.5,58.8,1008.5
2015080412,35.6,0,4.4,256.8,37.2,1006.3
2015080418,29.8,0,1.8,215,68.5,1007
2015080500,26,0,1.4,316.8,83.7,1007.6
2015080506,29.4,0,1.8,291.3,63.3,1008.7
2015080512,34,0,3.5,128.7,45.8,1007.6
2015080518,29.5,0,1.8,9.5,69.8,1008.5
2015080600,26.6,0,1.8,302.9,84.2,1009.9
2015080606,29.6,0,1.6,286.2,72.2,1011.4
2015080612,33.5,0,3.9,150,52.3,1011.3
2015080618,29,0,1.9,108.2,80.8,1012.8
2015080700,26.1,0,1,273.1,91.2,1014.3
2015080706,29.1,0,1.5,71.2,73,1015.5
2015080712,33,0,3.2,156.6,59,1015
2015080718,29.8,0,1.9,87.1,73,1015.2
2015080800,26.5,0,1.4,351.8,91.7,1015.4
2015080806,29.2,0,1.9,60,77.2,1014.8
2015080812,32.2,0,3.4,125,62.5,1012.8
2015080818,28.2,0,1.7,92.1,81.8,1012.8
2015080900,26.2,0,1.2,334.9,90.7,1011.5
2015080906,28.4,0,1.3,294.6,76.2,1011
2015080912,33.1,0,3.7,128.2,59.2,1008.9
2015080918,30.3,0,1.9,81,58,1009
2015081000,26.9,0,0.9,314.7,74.2,1008.7
2015081006,28.2,0,1.7,338,70,1009.3
2015081012,32.4,0,2.9,130.2,51,1007.7
2015081018,29.1,0,1.7,87.3,73.3,1007.9
2015081100,26.3,0,1.4,291.5,76.5,1007.6
2015081106,27.5,0,1.1,294.7,68.3,1008
2015081112,30.5,0,1.3,16.2,54.3,1007.2
2015081118,25.8,0.4,2.1,310,79.5,1007.4
2015081200,21,2.3,1.7,315.6,94.2,1006.5
2015081206,21.2,12.9,1.5,336.6,96,1005.4
2015081212,22.9,1.6,3,35,96,1003.6
2015081218,22.4,3.6,1.8,6.6,96,1004.2
2015081300,22.5,0,1.3,328.3,96,1004.4
2015081306,25.2,0,1,331.7,82.8,1005.6
2015081312,28.4,0,2.7,105.5,65,1004.7
2015081318,25.5,0,2.2,232.9,83,1005.2
2015081400,23.4,0,0.6,339.1,95,1005.4
2015081406,26,0,1,344.8,81.3,1006.1
2015081412,29.1,0,3.2,151.1,65,1005.5
2015081418,26.5,0,1.8,91.2,75.2,1006.5
2015081500,23.3,0,0.5,334.8,93.2,1007.9
2015081506,26.1,0,1.3,247.9,82.3,1008.8
2015081512,30.1,0,3.5,138.4,66.8,1008.1
2015081518,26.9,0,2.2,170.9,78,1008.2
2015081600,24.1,0,0.9,304.3,92.5,1008.4
2015081606,26.6,0,1.6,3.4,80,1008.1
2015081612,28.9,0,3.7,83.4,65.5,1006.9
2015081618,25.6,1,2.8,66.6,86,1007.4
2015081700,22.5,5.1,1.4,297.8,96,1007.3
2015081706,24.9,0.1,2.2,16.2,85.3,1006.6
2015081712,27.6,0,4.3,69.1,70.8,1007.2
2015081718,25.3,0,2.2,14.2,79,1009.8
2015081800,23.2,0,1.3,318.1,90.7,1011
2015081806,25.5,0,2.2,19.9,78.3,1013
2015081812,27,0,3.7,60,68,1012.9
2015081818,25.1,0,2.5,45.1,81.2,1013.5
2015081900,24.2,0,1.6,10.4,87,1013.7
2015081906,25.9,0,2.3,26.2,80.8,1014.7
2015081912,27.3,0,3.7,70,75,1013.2
2015081918,25.5,0,1.5,29.5,85.8,1013
2015082000,24.2,0,1,340,90.7,1011.8
2015082006,25.4,0,1.5,6.4,85.5,1011.1
2015082012,26.4,0,1.6,23.7,75.3,1009.5
2015082018,23.8,0.1,1,323.7,84.7,1008.6
2015082100,22,5.6,1,345.2,93.2,1006.8
2015082106,21.3,34.6,1.3,351.8,96,1004.9
2015082112,24.5,0.2,1.8,352.6,85.2,1003
2015082118,24,0,1.2,297.7,87.5,1003.9
2015082200,22.1,0,0.9,298,96,1005
2015082206,25,0,1.1,286.7,81.3,1005.7
2015082212,28.6,0,1.4,346.1,63.3,1005.2
2015082218,26,0,1.6,42.8,80.5,1005.6
2015082300,23.6,0,0.8,328.3,91.7,1006
2015082306,25.9,0,1.2,316.4,81,1007
2015082312,27.9,0,2.9,113.7,72,1006.8
2015082318,25.8,0,2.2,80.2,85.5,1007.9
2015082400,24.7,0,1.3,35,88.8,1008.3
2015082406,25.7,0,3.4,73.4,81,1008.5
2015082412,25.7,0.1,4,63.4,78,1007.5
2015082418,24.7,3.4,4.9,73.3,89,1005.8
2015082500,24.5,6.6,6.6,70,90.5,1001.9
2015082506,23.6,18.1,8.8,48.4,89,994.9
2015082512,22.2,21.1,6.7,3.4,88.5,992.3
2015082518,20.9,2.6,3.9,318.4,85.5,997.2
2015082600,19.7,0.1,0.8,338.4,92,1001.6
2015082606,22.2,0,1,7.7,83.8,1004.5
2015082612,22.6,0.6,2.5,90.4,81.3,1005.8
2015082618,21.6,0,1.8,157.6,87.7,1007.5
2015082700,20,0,1,292.8,93.8,1007.5
2015082706,24.1,0,2.4,270,74.2,1007.7
2015082712,29.4,0,4.2,253.4,52.3,1006.5
2015082718,25.8,0,2.1,284.2,75.3,1007.7
2015082800,22.6,0,1,308.4,90,1008.6
2015082806,25.3,0,1.1,283.5,75.2,1008.9
2015082812,29,0,3.6,185.8,62.8,1007.1
2015082818,25,0,1.8,266.8,80.7,1008.3
2015082900,22.5,0,0.9,323.1,92.7,1009
2015082906,24.5,0,1.2,310.7,79,1009.4
2015082912,27.5,0,2.5,104.1,65,1008.3
2015082918,24.4,0,1.4,121.4,80.8,1008.6
2015083000,21.5,0,0.8,311.5,92,1009.6
2015083006,23.2,0,0.7,329.5,84,1011.3
2015083012,27.2,0,2.7,153.4,68.8,1010.7
2015083018,24.1,0,2.1,83.4,84.2,1011.9
2015083100,22.5,0,0.6,37.2,89.7,1012.7
2015083106,24,0,2,32.8,82.3,1013.1
2015083112,26,0,3.9,70,67.8,1012.3
2015083118,24.1,0,3,56.6,80.3,1012.2
2015090100,22.1,42.6,3.7,51.8,92.3,1009.9
2015090106,22.3,16.7,3.2,358,90.7,1008.7
2015090112,25.8,0,3.2,37.2,73.7,1009.5
2015090118,23.4,0,1.6,22.4,80.2,1011.8
2015090200,21.7,0.2,0.9,325,92.5,1013.3
2015090206,23.3,0,1,313.6,84.7,1013.9
2015090212,25.5,0.1,3,145.3,74.3,1012.8
2015090218,24,0,2.2,130.6,85.7,1011.9
2015090300,21,0.3,0.7,350.2,91.8,1011.3
2015090306,24.2,0,1,326.4,80.7,1010.9
2015090312,26.8,7.5,3,88,69.7,1009
2015090318,22.6,0,1.3,316.8,90.2,1010.4
2015090400,20.8,0,0.5,321.2,92.3,1011.3
2015090406,24.1,0,1.5,83.9,76,1012.9
2015090412,26.1,0,3.9,80,65,1012.2
2015090418,22.7,0,1.9,62.1,83.5,1013.5
2015090500,20.7,0,0.8,338.1,91.8,1012.9
2015090506,22.1,0,1.4,270,85.5,1012.2
2015090512,24.7,0.6,3.4,116.6,72,1009.4
2015090518,22.7,1.9,1.8,47.6,85.3,1007.8
2015090600,19.8,12.5,1.4,15,93,1005.6
2015090606,20.6,3.1,2.5,6.3,90.3,1004.8
2015090612,20.6,0.7,4.2,38.2,85.2,1006.2
2015090618,20.2,0,3.8,40.1,81.7,1008.5
2015090700,20,0,3.2,10,78.3,1009.5
2015090706,20.9,0.2,4,37.1,76.7,1011.7
2015090712,23.3,0,5.1,60,58.5,1012.1
2015090718,19.6,0,2.8,13.1,67.5,1014.3
2015090800,18.4,0,2.6,350,74.8,1014.7
2015090806,20.9,0,4.9,38.1,61.8,1015.6
2015090812,22.9,0,6.9,63.4,55,1015.3
2015090818,20.8,0,4.3,35,67.5,1016.1
2015090900,20.1,0,3.7,16.7,74,1015.3
2015090906,22.3,0,4.8,18.2,64.3,1014.5
2015090912,24.8,0,6.4,45.1,45.3,1013.4
2015090918,21,0,2.9,4.4,52.2,1014.2
2015091000,18.9,0,1.5,342.9,60.7,1014.3
2015091006,21.3,0,2.3,357.2,52.8,1015
2015091012,25.1,0,2.5,74.2,49.2,1012.8
2015091018,21.2,0,1.4,265.4,73.7,1013.2
2015091100,18.7,0,0.8,333,86.3,1012.4
2015091106,21.7,0,0.9,248.7,69.7,1011.9
2015091112,26.8,0,3.4,148.4,56.2,1009
2015091118,24.2,0,2.4,253.4,71.5,1008.8
2015091200,22.2,0,0.9,331.3,84.5,1008
2015091206,22,0,1.2,27.7,86.2,1008.5
2015091212,20.8,2.8,1,14.3,88.8,1008.6
2015091218,19.4,0.1,1,350.5,92.5,1010.3
2015091300,17.7,0,1.9,350.2,77.8,1012.4
2015091306,19.4,0,1.8,340.3,67.7,1015.5
2015091312,25.1,0,2.4,340,38,1015.6
2015091318,20.6,0,1.1,160,61.8,1018.3
2015091400,16,0,1.1,299.1,84.5,1020.7
2015091406,19.9,0,1.5,321,71.7,1022.5
2015091412,23.8,0,4,86.6,47.8,1022
2015091418,19.8,0,1.8,32.6,70.8,1022.6
2015091500,16.2,0,1,270,87.8,1022.4
2015091506,20.3,0,3.3,63.2,65.5,1022.3
2015091512,22.3,0,5.4,66.7,57.7,1021
2015091518,19.8,0,2.6,31.8,59.5,1020.3
2015091600,18.1,0,1.5,333,75.2,1019
2015091606,20,0.2,2.8,21.6,79.8,1018.3
2015091612,22,0,4.9,66.7,66.7,1017.2
2015091618,19.1,3.1,2.8,357.2,82,1017.2
2015091700,18.1,5.1,2.8,356.7,95,1015.8
2015091706,18.4,26.6,2.8,6.6,95,1016.1
2015091712,18.9,7.6,3.1,10,95,1015.8
2015091718,17.6,2.2,2.9,346.6,94.5,1016.8
2015091800,18.1,0,2.2,343.4,91.8,1017
2015091806,20.8,0,2.7,13.9,76.5,1017.4
2015091812,23.4,0,3.8,55.3,61.2,1016.4
2015091818,19.9,0,1.8,356.6,79,1016.8
2015091900,18.5,0,1.1,298.3,88.8,1015.9
2015091906,20.7,0,1,0,79.7,1015.3
2015091912,23.8,0,2.6,93.4,64.8,1013
2015091918,20.1,0,1.5,28.5,80,1013.5
2015092000,18,0,0.9,299.1,91,1013.3
2015092006,20,0,1.1,291.3,80.8,1013.8
2015092012,24.4,0,2.8,121.6,61.8,1011.7
2015092018,20.6,0,1.5,70.1,77.3,1012.9
2015092100,18,0,0.8,316.3,92.5,1013.3
2015092106,20.9,0,0.9,197.2,78.3,1014.5
2015092112,25.1,0,3.7,100,56.5,1014.5
2015092118,20.7,0,1.6,29.5,80.5,1016.3
2015092200,17.3,0,0.7,305,92.5,1017.4
2015092206,20.1,0,1.1,216.9,80.7,1018.6
2015092212,24.8,0,3.3,90,56.8,1016.6
2015092218,20.5,0,1.5,6.6,81,1016.3
2015092300,17.3,0,1.1,301.3,92.7,1015
2015092306,18.7,0,0.9,289.2,87.5,1013.6
2015092312,21.7,1.9,1.2,334.6,85.8,1011
2015092318,19.7,13.7,1.1,347.2,93,1009.9
2015092400,20.6,2.7,3.4,86.6,93,1007.4
2015092406,20.4,5,2.5,66.6,91.3,1007.4
2015092412,21,2.3,3.2,40.4,91.2,1006.4
2015092418,20.1,1,2,3.4,92.3,1006.9
2015092500,19.8,0,2,353.4,91,1006.7
2015092506,21.6,0,2.3,11.5,80.8,1007.5
2015092512,23.3,0,3.2,50.3,70.5,1006.8
2015092518,21.2,0,1.7,358.9,82.7,1008.8
2015092600,18.9,0,0.6,342.1,92.7,1009.5
2015092606,21,0,1.5,235,82,1010.5
2015092612,25.3,0,2.5,92.9,67.7,1009.9
2015092618,21.6,0,1.7,37.1,84.3,1012.2
2015092700,18.2,0,0.8,291.9,93,1013
2015092706,20.3,0,1.6,357.5,81.2,1015.1
2015092712,24.2,0,3.7,86.6,56.3,1014.8
2015092718,20,0,1,2.9,79.8,1016.2
2015092800,16.5,0,0.6,304.7,92.3,1016.7
2015092806,19.9,0,1,255.8,69.8,1018.7
2015092812,25.8,0,4.3,70,29.8,1018.7
2015092818,21.8,0,1.1,23.2,67.2,1021.1
2015092900,18.5,0,1.2,311.5,82.5,1021.3
2015092906,20.8,0,2.6,334,64.8,1023.7
2015092912,23.3,0,4.9,60,45.5,1024.6
2015092918,19.7,0,2.6,29.9,51,1026.2
2015093000,19.3,0,2,43.4,55.3,1025.8
2015093006,20.9,0,3.5,76.8,45.2,1026.2
2015093012,21.4,0,2.8,96.6,50.5,1022.9
2015093018,19.7,0,1.5,19.6,61.2,1019.8
2015100100,18.2,1.7,0.6,342.4,75.3,1014.4
2015100106,18.2,18.9,0.8,273.3,83.7,1006
2015100112,24,10,3.6,246.6,81.5,996
2015100118,22.5,5.4,2.6,298.7,68.2,999
2015100200,16.4,0,3.9,339,40.2,1008.4
2015100206,15.3,0,4.2,333.2,29,1014.7
2015100212,22,0,3.3,299.5,20,1013.3
2015100218,16.4,0,1.4,281.5,43.7,1014.7
2015100300,12.3,0,1.1,281.5,70,1016.8
2015100306,15.9,0,0.9,228.5,62.2,1018.6
2015100312,25.2,0,3.6,260,37.7,1017.3
2015100318,20.3,0,2.4,290.9,53.5,1019.5
2015100400,17.4,0,2.5,1.1,58.7,1022.4
2015100406,18,0,1.9,330.5,49.2,1026.3
2015100412,21.5,0,3,87.1,46,1024.9
2015100418,17.6,0,1.4,350,65.5,1025.3
2015100500,13.8,0,0.9,308.2,85.3,1025.5
2015100506,16.1,0,1.2,317,72.7,1025.5
2015100512,21.9,0,3.2,91.4,45.8,1022.7
2015100518,16.9,0,1.5,337.3,65.5,1022.6
2015100600,13.5,0,0.6,343.4,80.7,1022
2015100606,16.8,0,0.7,243.8,70.2,1022
2015100612,23.1,0,2.6,141.8,49.7,1019.8
2015100618,18,0,1.4,180,62.2,1020
2015100700,14.1,0,0.7,308.4,82.7,1019.8
2015100706,17.2,0,1.2,0,70,1019.7
2015100712,22.5,0,3.2,93.3,46.2,1017.3
2015100718,18,0,1.8,325.2,63.7,1016.7
2015100800,14.2,0,0.5,326.2,83.7,1015.1
2015100806,16.7,0,1,261.8,75.7,1013.8
2015100812,24.6,0,2.2,253.4,34.8,1010.8
2015100818,18.6,0,1.5,281.5,56.5,1010.4
2015100900,15.2,0,0.4,341,74.7,1009.5
2015100906,17.3,0,1.2,252.7,63,1009.4
2015100912,23.3,0,3,276.8,29.8,1008.7
2015100918,17.1,0,0.9,309.2,36.2,1011.2
2015101000,12.6,0,1.1,304,55.3,1012.5
2015101006,14.2,0,1.2,290.6,57,1012.4
2015101012,22.1,0,3.4,255,26.7,1009.2
2015101018,18.5,0,3,239.8,58.3,1008.8
2015101100,14.5,0.9,2.7,352.6,68,1009.6
2015101106,14.7,0,3.1,299.1,41.3,1013
2015101112,18.8,0,4.4,260,34.7,1012.6
2015101118,15.9,0,2.3,270.2,46.3,1014.5
2015101200,13.6,0,1.8,265.8,64.3,1014.8
2015101206,14.1,0,1.4,21.8,60.3,1016.1
2015101212,18.6,0,3.9,302.9,35.7,1015.4
2015101218,14.7,0,1.8,284.2,45.2,1017.6
2015101300,12,0,1,301.6,64.3,1019.1
2015101306,14.9,0,2.4,313.8,51.5,1020.6
2015101312,21.7,0,2.5,319.8,25.5,1018.9
2015101318,15.6,0,1.8,271.3,52.2,1019.1
2015101400,13.8,0,1.8,337.6,61.3,1019.7
2015101406,17.1,0,2.9,350.3,52.2,1020.4
2015101412,21.9,0,3.2,70,38,1019.6
2015101418,17,0,1.3,315.9,77.5,1021.2
2015101500,13.7,0,0.7,298.7,90.3,1021.4
2015101506,16.7,0,0.8,263,76,1021.1
2015101512,21.5,0,2.7,131.6,55.3,1019.4
2015101518,16.6,0,0.9,315,75.7,1020
2015101600,13.2,0,0.7,331.9,91.2,1019.9
2015101606,15.9,0,1.3,260,77.7,1019.8
2015101612,21.4,0,3.6,73.4,55.8,1018.5
2015101618,17.7,0,1.2,331.8,81.5,1020
2015101700,14,0,0.6,280.5,89.3,1020.3
2015101706,16.7,0,1,27.6,72.3,1021.5
2015101712,21.6,0,3.9,83.6,55.2,1020
2015101718,16.5,0,1.2,340,82,1020.5
2015101800,12.6,0,0.7,300.6,90.7,1019.9
2015101806,16,0,1,225.7,65.8,1019.9
2015101812,24.9,0,2.5,110.9,35.3,1018.1
2015101818,17.6,0,0.7,327.3,69.5,1019.3
2015101900,13.6,0,0.7,307.4,79.7,1019.7
2015101906,17,0,1.8,271.3,75,1019.8
2015101912,22,0,3,104.7,54.5,1016.6
2015101918,17.5,0,0.9,286.4,76.3,1016
2015102000,14.5,0,0.6,302.9,89.7,1015.9
2015102006,17.7,0,1.3,295.7,69.3,1016.9
2015102012,22.5,0,4.7,80,52.7,1016.8
2015102018,18.4,0,1.8,341.2,68.3,1018.2
2015102100,15,0,0.8,267.3,83.5,1018.7
2015102106,17.3,0,0.9,290.6,74.5,1019.2
2015102112,23.4,0,1.8,205.9,55.2,1017.5
2015102118,18.7,0,1.4,337.9,80.2,1019.5
2015102200,17.7,0,1.8,350,83.2,1021.5
2015102206,17.6,0.3,2.6,60,81.3,1023.2
2015102212,18.6,0,3.2,83.4,60.3,1022
2015102218,16.1,0,1.4,352.5,71.8,1022.3
2015102300,13.1,0,0.6,288.7,85,1021.5
2015102306,15.8,0,0.9,338.4,72.2,1021.3
2015102312,22.2,0,2.3,158.1,50.8,1018
2015102318,17.3,0,0.8,311.7,79.3,1018
2015102400,13.8,0,0.8,274.4,91.8,1017
2015102406,16.9,0,1.2,304.2,72.7,1017.2
2015102412,23.3,0,3.3,321.8,45.5,1015.6
2015102418,19.5,0,2.6,353.7,53.7,1019
2015102500,17.4,0,3.6,51.8,47.3,1022.7
2015102506,17,0,3,66.6,36,1025.7
2015102512,17.8,0,4.7,73.4,32.5,1025.2
2015102518,14.6,0,1.5,26.1,49.8,1026.1
2015102600,11.8,0,0.8,296.5,69.5,1025.3
2015102606,14,0,1.6,248.7,59.8,1024.7
2015102612,17.9,0,2.7,123.8,42.5,1020.5
2015102618,14.1,0,1.3,271,64.8,1018.2
2015102700,12.1,0,1.1,293.5,79.2,1013.5
2015102706,17.5,1.3,2.2,257.6,73,1009
2015102712,19,1.3,3.5,322.7,63.8,1006.2
2015102718,14.3,0,2.1,318.4,46.2,1012
2015102800,11.2,0,3.8,305,48.8,1016.7
2015102806,13.2,0,5.4,320.3,33.8,1018.5
2015102812,17.4,0,3.3,307.2,21.5,1018.3
2015102818,12.2,0,1.2,273.9,52.4,1019.7
2015102900,8.7,0,0.6,322,73.8,1021.4
2015102906,11.5,0,1.1,285.8,67.2,1022.8
2015102912,17.4,0,2.2,289.5,40.7,1020.7
2015102918,12.7,0,1.1,309.8,59.2,1021.5
2015103000,9,0,1.7,326.1,73.2,1022.9
2015103006,11.1,0,3.9,356.9,48.2,1024.9
2015103012,15.3,0,3.5,336.6,13,1023.7
2015103018,9.8,0,3,0,29.3,1027.1
2015103100,6.7,0,2.8,0,39.8,1028.1
2015103106,7.4,0,3.1,10.2,31.8,1029.2
2015103112,13.7,0,3.5,354.1,17,1027.6
2015103118,8.2,0,1.4,295.3,45.3,1028.4
2015110100,4.7,0,1.3,283.1,64.3,1027.8
2015110106,6.6,0,0.6,285.8,63.3,1027.4
2015110112,12.7,0,0.8,68.6,51,1025
2015110118,11.3,0,0.9,329,63.5,1023.4
2015110200,9.7,0.1,1.5,342.1,79.2,1021.6
2015110206,11.4,0,2.7,331.3,59,1021.7
2015110212,16.9,0,4.6,326.6,32.2,1020.2
2015110218,12.4,0,1.7,318.1,48,1023
2015110300,10.8,0,1.2,356,63,1024.8
2015110306,13.4,0,1.3,30.2,56.5,1028.1
2015110312,18.1,0,2.5,133.5,34.8,1028.2
2015110318,12.4,0,1.1,282.6,70.8,1030.3
2015110400,8,0,0.8,276.6,88.7,1030.1
2015110406,11.2,0,0.6,276.7,74,1030.6
2015110412,20.2,0,2.9,171.2,50.3,1027.1
2015110418,14.4,0,1.1,252.4,80.5,1027.2
2015110500,10.2,0,0.6,292.8,88.8,1026.2
2015110506,13.1,0,0.9,260.2,70.3,1026
2015110512,21.9,0,1.4,139.2,28.2,1022.9
2015110518,15.5,0,0.9,316.6,62.3,1024.3
2015110600,12.2,0,1.1,281.6,76.7,1025.5
2015110606,15,0,2.3,334.5,69.7,1028
2015110612,17.7,0,4.5,66.6,62.2,1026.8
2015110618,15.2,0,2.5,29.1,77.3,1027.9
2015110700,13.9,1.9,1.9,350.5,89,1027
2015110706,13.9,2.4,1.1,277.8,90,1026.6
2015110712,15.9,5.7,1.3,317.9,90,1022.2
2015110718,15.6,9.2,0.7,323.1,90,1019.3
2015110800,15.9,22.7,0.5,344.3,90.2,1016.7
2015110806,15.4,2.3,1.2,14.7,90.7,1016.9
2015110812,14.5,0.8,1.5,356.6,90,1016.7
2015110818,13.4,0.1,1.5,313.4,90,1017.5
2015110900,12.8,0.7,0.9,305.5,90.3,1016.4
2015110906,13.5,0.7,0.6,29.7,90.2,1015.7
2015110912,17.4,0,2.6,20.9,67.5,1015
2015110918,14.5,0,2.2,346.6,68.8,1017.9
2015111000,13.1,0,1.2,1.9,73.2,1018.9
2015111006,13.6,0,2.3,10,71,1021.2
2015111012,14.5,0.4,2.2,45.7,86.2,1022.3
2015111018,12.3,0.1,1.4,325.3,92.8,1024.4
2015111100,10.2,0,0.7,318.7,96,1025.9
2015111106,12,0,0.6,348.6,91.8,1027.6
2015111112,16.2,0,2.8,69.6,73.7,1027.8
2015111118,14.8,0,1.6,29.9,83.2,1029.3
2015111200,13.7,0.3,1.3,337.9,93.7,1029.5
2015111206,15,0,3.2,59.5,79.7,1030.3
2015111212,17.5,0,4.8,90,58.7,1029.6
2015111218,16.4,0,3.8,86.7,61.8,1029.8
2015111300,16,0,4,86.7,62.8,1027.8
2015111306,13.5,1.8,2.7,48.4,85.8,1025.8
2015111312,14,14.9,2.3,60.7,95.7,1020.1
2015111318,15.2,11.2,1.8,21.6,95.5,1016.5
2015111400,14.4,1.6,1.4,310.4,95,1012.9
2015111406,15.4,0,0.8,339.1,95,1012.7
2015111412,18.5,0,1.8,55.3,88.2,1011.8
2015111418,17.1,0,1.6,35,88,1014.3
2015111500,15.1,0,1.2,31.6,92.8,1016.3
2015111506,15.8,0,1.3,19,84.2,1019.1
2015111512,18.5,0,2.1,37.1,58.5,1019.3
2015111518,15.4,0,0.9,334.4,78.5,1021.6
2015111600,12.3,0,0.7,307.2,90.7,1020.7
2015111606,13.7,0,0.7,343.9,85.3,1020.2
2015111612,18.1,0,2.1,209.6,74.3,1017.1
2015111618,15.6,4,0.6,335.5,95,1015.8
2015111700,15.4,0.8,0.7,272.4,95,1014.5
2015111706,15.6,0,1.2,54.1,95,1017
2015111712,15.6,0,2.2,35,91.2,1018.6
2015111718,15.1,0,2.4,16.5,88,1021.3
2015111800,14.3,0.2,3.3,43.8,90.7,1020.8
2015111806,13.4,5.9,4.1,48.4,93.7,1020.5
2015111812,11.6,2,4.1,35,94,1019.2
2015111818,11.4,0.2,3.5,20,85.7,1022.1
2015111900,11.1,0,2.7,1.3,83.7,1023.1
2015111906,11.6,0,1.5,346.2,82.7,1024.1
2015111912,13.8,0,2.2,40.4,67.5,1022.5
2015111918,12.5,0,1.8,13.4,78.2,1022.8
2015112000,11.6,0.1,0.5,338.1,91.2,1021.7
2015112006,12.7,0,1.2,353.8,81.5,1022.8
2015112012,17.4,0,1.7,59.8,50.7,1021.9
2015112018,11.9,0,1,294.1,77,1024.2
2015112100,8.8,0,0.8,301.5,92.5,1025.5
2015112106,10.5,0,0.5,306.7,84.8,1026.8
2015112112,14.6,0,1.5,328.7,71,1025.2
2015112118,13.4,0,1,357.6,87.5,1026.8
2015112200,12.3,0,1,314.2,92.2,1027
2015112206,14,0,1.4,339.1,79.5,1027.9
2015112212,16.3,0,2.9,38.2,69,1026.7
2015112218,13.8,1.5,1.5,339.6,89.8,1027.4
2015112300,13,3.4,1.1,320.2,95,1025.4
2015112306,13.6,0.2,1.7,28.5,91.8,1024.2
2015112312,14,0.3,1.8,23.2,84.8,1022.3
2015112318,13.1,0,1.3,47.2,85.7,1022.9
2015112400,12,0,2.2,25.5,82.3,1022.5
2015112406,12.1,0,2.1,10.2,66.7,1024.1
2015112412,11.8,0,3.8,43.4,77,1024.4
2015112418,9.1,2.9,3,31.6,88.8,1025
2015112500,7.7,4.3,2,26.6,92.7,1022.6
2015112506,8.3,0.5,1.5,354.1,89.3,1019.9
2015112512,9.2,0.3,1.6,358,91,1016.2
2015112518,8.4,0,2.5,346.5,77.7,1014.4
2015112600,6,0,4.1,313.4,59.8,1013
2015112606,4.8,0,4.1,308.4,46,1013.2
2015112612,5.4,0,5.9,299.6,44.8,1012.3
2015112618,2.7,0,3.7,286.7,46,1014.5
2015112700,1.8,0,4.3,310.1,53,1017.5
2015112706,2.9,0,5.8,333.4,47.3,1020.5
2015112712,7.7,0,5.2,323.3,38.3,1021.8
2015112718,4.6,0,3.7,336.6,54.7,1025.2
2015112800,4.1,0,2.7,336.6,56.3,1026.9
2015112806,5,0,2,17.6,56.3,1028.9
2015112812,9.9,0,2.3,325.3,41,1028.6
2015112818,5.9,0,1,311.3,62.5,1030
2015112900,3.5,0,1,299.2,80.2,1030.1
2015112906,5.1,0,0.9,278.7,76,1029.3
2015112912,11.8,0,1.9,124.4,46.5,1025.8
2015112918,7.2,0,0.9,286.1,74.8,1025.2
2015113000,4.9,0,0.8,311.3,88.7,1023.2
2015113006,8.7,0,0.7,55,79.2,1022.3
2015113012,14.8,0,2.4,4.4,42.3,1020.9
2015113018,9.6,0,1.5,357.2,51.2,1023.3
2015120100,6.7,0,1.1,303.3,63.2,1025.2
2015120106,7.2,0,0.9,282.5,64.3,1026.3
2015120112,13.6,0,2.5,93.4,57.8,1024.7
2015120118,10.6,0,0.9,319.7,77.3,1024.6
2015120200,7,0,0.4,281.8,93,1022.9
2015120206,8,0,0.9,262.1,88.8,1019.7
2015120212,15.5,0,2.6,238.3,68.3,1013
2015120218,12.5,1.3,2.5,317.4,85.8,1011
2015120300,7,0,3.1,323.5,52,1012.6
2015120306,6.5,0,4.1,266.6,40.3,1014.1
2015120312,8,0,6.1,273.3,33.8,1011.2
2015120318,5.1,0,4.8,284.7,50,1013.3
2015120400,3.5,0,4.3,276.6,49.8,1015.9
2015120406,4.9,0,3.1,347.4,50.2,1017.7
2015120412,8.7,0,4.2,291.6,33.5,1018.7
2015120418,5.8,0,1.7,331.3,48.3,1021.4
2015120500,4.1,0,1.4,320.7,61.5,1022.1
2015120506,5.1,0,1.5,276.6,62.2,1023.3
2015120512,10,0,2.9,315.1,40.8,1022.2
2015120518,8,0,2.1,346.5,50.5,1025.2
2015120600,6.1,0,1.3,334.3,57.5,1026.4
2015120606,6,0,0.7,304.2,52.7,1027.2
2015120612,10.2,0,1.1,352.8,44.2,1025.8
2015120618,6.6,0,1,280,62.3,1027.6
2015120700,2.9,0,1.2,316.3,77,1028.2
2015120706,5.4,0,0.3,0,77.5,1028.8
2015120712,12,0,2.5,63.4,64.8,1027.9
2015120718,9.3,0,1.6,325,75.8,1029.2
2015120800,6.6,0,1,314.4,91,1029.1
2015120806,8.3,0,1.5,325.7,81.2,1030.5
2015120812,12.6,0,2.8,55,63.3,1030.4
2015120818,9.1,0,1.4,318.8,83.8,1032.2
2015120900,5.9,0,0.4,342.8,93.7,1032
2015120906,7,0,0.5,285.8,90,1032
2015120912,14.4,0,1.4,205.6,61.5,1028.8
2015120918,11.3,0,0.8,324.9,76.7,1028.2
2015121000,10,0,0.9,266.8,88,1026.2
2015121006,10.1,0.3,0.7,322,94,1023.2
2015121012,11.5,8,0.8,262.7,94,1016.8
2015121018,12.4,12.2,1.6,334.8,94,1011.2
2015121100,11.9,10.9,3.7,6.6,92.5,1007.3
2015121106,9.9,6.8,3.9,16.7,86.5,1013.2
2015121112,9.7,0,5,45.1,65.5,1017.8
2015121118,8.1,0,3.5,21.6,61.2,1022.4
2015121200,7.8,0,2.8,0,57.8,1024.3
2015121206,8,0,2.5,346.8,63,1025.9
2015121212,10.3,0,3.4,51.8,52.5,1023.8
2015121218,6.5,0,1.6,317.1,75.2,1024.7
2015121300,4,0,0.4,341,89,1024.1
2015121306,6.8,0,1.1,261.9,79.3,1024.2
2015121312,12.5,0,2.2,96.5,46.3,1022.6
2015121318,7.9,0,1,316.6,71.5,1023.8
2015121400,6.7,0,0.4,333.4,85.5,1023.4
2015121406,8.2,0,0.6,292.8,86,1022.5
2015121412,10.2,1.1,0.7,359.3,87.7,1020.1
2015121418,9.3,1.7,1,316.6,94,1019
2015121500,9.6,0.3,0.4,342.8,94,1016.1
2015121506,10,0.2,2.6,343.4,87.5,1015.8
2015121512,11,0,3.5,313.4,54.5,1016
2015121518,8.5,0,1.6,335.6,56.7,1017.5
2015121600,5,0,1.1,318.4,64.8,1017.1
2015121606,5.4,0,1.8,283.9,59.5,1017.3
2015121612,4.6,0,2.7,14.7,72.3,1015.9
2015121618,1.4,0.2,3.1,321.8,71.8,1018.9
2015121700,0.1,0,2.5,333.2,54.2,1020.2
2015121706,-0.9,0,3.6,329.8,49,1023.5
2015121712,2.3,0,4.8,326.6,27.2,1024.9
2015121718,-0.3,0,2.2,350.2,37.2,1028.5
2015121800,-2.7,0,1.8,344.9,48.5,1029.8
2015121806,-0.7,0,1.8,296.3,47.5,1030.3
2015121812,6.4,0,4.6,330,33.8,1029.3
2015121818,4.4,0,2.9,334.2,53.8,1031.4
2015121900,1.4,0,0.8,335.5,74.3,1033.2
2015121906,3,0,0.9,325,67.3,1035
2015121912,10.4,0,2,69.3,34.7,1033.3
2015121918,5.2,0,0.9,331.7,58.5,1033.8
2015122000,1.7,0,0.6,319.8,79.2,1032.9
2015122006,3.1,0,0.7,316.2,76.7,1031.3
2015122012,8.6,0,0.7,355.7,63.5,1027.1
2015122018,7.3,0,0.5,40.1,75.5,1026.2
2015122100,5.8,1.6,0.6,347,92.8,1025.5
2015122106,6.3,0.5,0.7,316.8,93.8,1024.9
2015122112,11.9,0,2.7,11.9,65.5,1024
2015122118,7.4,0,2.4,40.1,72.3,1027.1
2015122200,3,0,1.4,298.4,90.8,1028.4
2015122206,4.3,0,1.1,288.6,81.2,1029.7
2015122212,12.5,0,2,94.4,58.8,1027.1
2015122218,10.2,0,1.4,324,75.7,1026.8
2015122300,8.6,0.1,0.8,297.3,89.7,1024.3
2015122306,8.6,2.2,0.4,322,94,1022.3
2015122312,12.7,0.2,1.4,5,82.7,1019.1
2015122318,10,0,1.4,41.3,84.5,1019.5
2015122400,7.1,0,1.3,305,86,1019.1
2015122406,6.9,0,1.1,330.4,82.3,1019
2015122412,12,0,2.8,19.4,50.5,1016.2
2015122418,7.7,0,3.7,333.4,41.8,1016.9
2015122500,5.3,0,3.3,346.5,44,1017.2
2015122506,4.4,0,3.5,333.2,32.8,1019.4
2015122512,7.8,0,3.3,333.2,13.7,1018.1
2015122518,3.9,0,2.6,333.2,18.7,1019.9
2015122600,0,0,0.9,285.6,45.8,1019.6
2015122606,4,0,0.6,49.5,46.7,1019
2015122612,10.7,0,3.5,266.7,37.2,1017.8
2015122618,5.5,0,0.8,285,63,1020.9
2015122700,2.7,0,1.2,322,76,1023.5
2015122706,3.3,0,2.5,20.7,49.8,1026.1
2015122712,7.2,0,3.6,28.5,12.7,1025.8
2015122718,2,0,2.7,0,18.7,1028.7
2015122800,-0.9,0,2.9,357.6,23.2,1029.2
2015122806,-1.2,0,4.2,0.4,20.8,1029.8
2015122812,3.5,0,4.8,326.6,19.3,1028.9
2015122818,0.8,0,3.9,313.8,29.2,1031
2015122900,-0.9,0,4.1,350,38.3,1031.6
2015122906,0.2,0,2.6,9.9,30.8,1032.4
2015122912,6.6,0,2.2,330.7,13.2,1030.1
2015122918,2.9,0,2.2,340,26.5,1030.9
2015123000,-0.4,0,0.8,321.6,47.3,1030.7
2015123006,0.6,0,1.2,260.2,53,1031.1
2015123012,8.8,0,2.1,217.8,32.7,1027.4
2015123018,3.3,0,0.9,287.7,60.5,1027.5
2015123100,0.8,0,0.9,282.6,65.2,1026.9
2015123106,4.8,0,2.6,319.1,62.5,1027.5
2015123112,7.9,0,3.9,329.8,41.3,1028.2
2015123118,3.8,0,1.6,346.6,55.5,1031.7
2016010100,0.2,0,1.5,301.8,69.2,1032
2016010106,1.2,0,1,263.9,65.2,1032.1
2016010112,9.6,0,1.6,135.3,29.2,1028.6
2016010118,4.8,0,1,321.7,48.5,1027.8
2016010200,1.3,0,1.2,300.7,70.8,1026.7
2016010206,2.7,0,0.9,278.9,70.7,1026.1
2016010212,11.3,0,1,265.4,39,1022.1
2016010218,6.7,0,0.6,325,59,1021.4
2016010300,2.3,0,0.8,305.5,85,1019.9
2016010306,3.4,0,0.8,278.1,86,1020.5
2016010312,13.9,0,1.5,131.5,48.7,1017.6
2016010318,8,0,0.6,316.2,78.8,1018.3
2016010400,4.1,0,0.6,297.3,93.5,1018.2
2016010406,6.1,0,1.6,314.5,81,1020.1
2016010412,12.6,0,3.3,339,28,1020.2
2016010418,8.1,0,1.6,340,24.7,1022.4
2016010500,2.8,0,0.7,325.8,44.8,1023.1
2016010506,3.4,0,1,48.9,32.8,1024.6
2016010512,6.6,0,2.1,345.1,30.5,1023.8
2016010518,3.9,0,2.3,21.3,17.2,1025
2016010600,1.2,0,1.4,25,24.7,1024.9
2016010606,2.1,0,2.3,9.3,33,1024.3
2016010612,7.4,0,3.4,356.9,28,1021
2016010618,4.7,0,2.9,356.6,41.2,1021.1
2016010700,2.7,0,2.3,17,52.8,1021.5
2016010706,2.3,0,3.7,346.6,45.2,1022.8
2016010712,5.9,0,4.3,318.4,25.5,1021.1
2016010718,3,0,2,343.8,33.7,1021.5
2016010800,0,0,2.8,346.4,48.7,1020.7
2016010806,1.1,0,4.1,333.4,44,1021.3
2016010812,5,0,4.9,299.9,26.7,1019.9
2016010818,2.5,0,3.5,311.5,37.2,1021.9
2016010900,0.4,0,3.1,343.1,45.2,1023.3
2016010906,1.3,0,1.8,270,52.3,1024.6
2016010912,7.5,0,2.8,277.9,27.5,1022.7
2016010918,3,0,1,321.4,46.7,1023.7
2016011000,-0.9,0,0.7,304.7,67.5,1024.4
2016011006,-0.1,0,1.1,249.1,68.5,1025.9
2016011012,8,0,2.4,302.4,32.5,1024
2016011018,4.6,0,2,16.5,46.7,1025.4
2016011100,3,0,2.9,343.1,31.8,1025.1
2016011106,2.3,0,2.9,17.1,23.8,1024.9
2016011112,6.7,0,3.2,357.2,15.5,1022.4
2016011118,3,0,1.9,358.9,20.5,1023.6
2016011200,-0.4,0,0.8,321.7,29.2,1022.9
2016011206,0.3,0,1.4,357.9,25.2,1022.4
2016011212,6,0,2.7,353.4,9.3,1019.4
2016011218,2,0,2.7,357.3,18.3,1020
2016011300,-0.8,0,2.7,4.4,42.7,1019.2
2016011306,0,0,3.6,343.4,46.3,1019.2
2016011312,4.8,0,3.7,305,31.3,1017.1
2016011318,0.9,0,1,326.1,50,1018.9
2016011400,-1.1,0,0.6,334.5,63.8,1019.9
2016011406,0.2,0,1.4,350,64.7,1021.6
2016011412,4.5,0,3.4,298.4,34.5,1020.5
2016011418,0.7,0,0.8,322,45.3,1021.8
2016011500,-2.8,0,0.8,266.6,68.3,1022.3
2016011506,-2.2,0,0.8,281.9,71.3,1022.6
2016011512,7.4,0,2.8,280,36.2,1020.1
2016011518,3.2,0,1.4,314.2,52.8,1021.8
2016011600,-0.8,0,0.7,290.2,73.7,1022.6
2016011606,0.6,0,0.9,285.6,70.3,1023.8
2016011612,7.5,0,1.1,232.7,43.7,1021.6
2016011618,3.6,0,1,305,62.3,1022.6
2016011700,1,0,0.6,333.7,74.7,1021.5
2016011706,2.4,0,0.9,287.7,74.7,1020
2016011712,6.7,0,1.2,333.2,73.2,1015.5
2016011718,5.9,9.2,1.9,337.6,94,1012
2016011800,5.2,0.8,2.3,353.5,92.7,1008
2016011806,5,0.1,5.6,318.4,63.2,1007.1
2016011812,3.9,0,5.5,310.1,39,1007.4
2016011818,-2.3,0,6.4,294.9,34.8,1012.3
2016011900,-4.3,0,4.8,294.9,44.7,1014.2
2016011906,-4.5,0,6.1,280,33.3,1015.2
2016011912,-1.6,0,6.5,299.9,22.8,1014.6
2016011918,-4.3,0,4.7,338.7,27.8,1018.8
2016012000,-6.4,0,4,25,48.2,1024
2016012006,-5.9,0,3.5,5.1,48.2,1027.8
2016012012,0.2,0,3,23.7,31.5,1026.6
2016012018,-3.3,0,1.6,41.3,42.2,1027.3
2016012100,-5.1,0,1.3,18.2,44.5,1027.1
2016012106,-3.6,0,1.5,19.7,37.7,1026.1
2016012112,1.8,0,2.7,349.8,23.7,1023.6
2016012118,-0.6,0,3,3.4,24.8,1024.5
2016012200,-3.3,0,2,26.2,34.8,1026.6
2016012206,-2.2,0,1.5,353.4,30.8,1028.2
2016012212,3.8,0,3,340,14,1026.9
2016012218,0.3,0,1.5,348.4,21.3,1028.1
2016012300,-0.8,0,3.2,349.8,20.2,1027.8
2016012306,-2.2,0,4.6,330,28.7,1027.2
2016012312,-1.4,0,4.3,340,24.8,1024.8
2016012318,-6.4,0,3.2,323.3,31.8,1025.9
2016012400,-9.4,0,2.3,292.9,42.7,1023.8
2016012406,-10,0,3.3,308.2,45.8,1022
2016012412,-6,0,5.6,310.1,23.3,1019.4
2016012418,-7.5,0,4.2,323.3,31.8,1023.4
2016012500,-6.3,0,5.4,330,49,1025.2
2016012506,-5,0,3.8,321.8,44,1026.8
2016012512,0.7,0,3.7,330,28.3,1025.3
2016012518,-1.7,0,1.5,301.8,44.2,1026.6
2016012600,-3.3,0,2.2,301.1,57.7,1026.2
2016012606,-0.6,0,2.5,288.9,55.2,1026
2016012612,5.5,0,4.3,280,36.3,1023.9
2016012618,1.1,0,1.4,296.6,55.8,1026.5
2016012700,-1.9,0,0.7,295,71.2,1027.7
2016012706,-0.4,0,0.7,305.5,70,1029.4
2016012712,8.2,0,2.1,212.7,32.3,1028.4
2016012718,3.3,0,1,319.3,44.8,1029.6
2016012800,-0.3,0,0.9,315,61,1029.6
2016012806,1.9,0,1,267.3,55.3,1029.7
2016012812,3.1,0.7,1.2,281.5,66.5,1027.9
2016012818,1.8,8.6,1.2,305,97,1027.4
2016012900,3.7,13.8,1.9,346.6,96.7,1025.1
2016012906,3.7,9.1,2.2,346.6,96.7,1025.1
2016012912,4.7,3.6,2.5,356.6,96.5,1022.2
2016012918,5.2,4.1,2.8,353.4,96.3,1022.5
2016013000,4.9,0.4,2.6,350,96.3,1023.2
2016013006,5.4,0.2,2.8,16.7,91.3,1024.7
2016013012,6.3,0,2.1,26.6,84,1024.3
2016013018,4.3,0,0.9,345.6,93.5,1025.8
2016013100,0.6,0,0.8,307.5,97,1026.5
2016013106,1.6,0,1.4,317.9,87,1026.2
2016013112,5.8,0,3.6,343.3,31.8,1025.1
2016013118,2.5,0,2.5,357.3,36.3,1026.8
2016020100,0,0,1.3,342.7,33.5,1026.9
2016020106,-0.2,0,1.4,6.5,33.3,1026.8
2016020112,5.3,0,3,346.6,21.2,1024.1
2016020118,0.5,0,2.8,350.2,33.5,1025.4
2016020200,-2.9,0,1.9,353.9,41.5,1026.1
2016020206,-2.2,0,2.1,8.1,35,1026.6
2016020212,4.7,0,3.3,40,22,1024.4
2016020218,1.4,0,1.1,10,30.8,1025.9
2016020300,-1.4,0,0.9,35,40.2,1026.2
2016020306,-0.5,0,2.4,353.9,32.5,1027.2
2016020312,5.7,0,3.8,340,20.7,1024.8
2016020318,2,0,1.5,314.5,38,1026
2016020400,-0.3,0,1.7,354.2,52,1025.7
2016020406,0.7,0,1.8,311.3,50,1025.7
2016020412,6.1,0,2.9,325,31.7,1022.7
2016020418,4.8,0,2,338.6,33.7,1022.7
2016020500,2.7,0,3.4,336.7,27.2,1023.1
2016020506,1.8,0,2.5,25,30.3,1022.6
2016020512,8.4,0,2.8,336.1,11.5,1019.8
2016020518,3.7,0,2.2,356.9,25.5,1020.4
2016020600,0.3,0,2.2,316.3,34.8,1021
2016020606,0.9,0,2.6,346.6,45.2,1020.9
2016020612,5.6,0,3.3,328.8,23.8,1019.8
2016020618,2,0,2.3,346.5,31.3,1022
2016020700,-0.2,0,1.5,0,37.8,1023.4
2016020706,0.3,0,1.4,27.4,40.7,1023.2
2016020712,6.1,0,2.2,133.8,44.8,1020.3
2016020718,3,0,1.3,311.5,76.3,1019.8
2016020800,-0.3,0,0.9,341.2,52.3,1019.5
2016020806,1.4,0,2,334.9,45,1019.4
2016020812,8,0,4.2,266.6,21.2,1016.2
2016020818,4.8,0,1.8,245.2,45.2,1015.5
2016020900,5.3,0,4.3,276.6,42.2,1013.8
2016020906,5.1,0,5.3,305,25,1018
2016020912,8.6,0,4.2,320.3,16.5,1020.3
2016020918,4.7,0,1.9,340,27,1023.2
2016021000,2.5,0,3.4,332.1,42.2,1024.7
2016021006,3.7,0,1.5,15.1,45.5,1026.7
2016021012,9.8,0,2.9,136.3,29,1026.3
2016021018,5.2,0,1.4,260,58.5,1028.1
2016021100,0.8,0,0.5,350.3,78.2,1028.7
2016021106,2.6,0,0.7,261.8,73,1029.3
2016021112,12.4,0,2.8,136.8,54.7,1027.2
2016021118,9,0,1.8,29.8,81.3,1026.9
2016021200,7.1,0,0.9,275.1,88.2,1025.1
2016021206,9.4,0,1.8,263.4,89.7,1023.3
2016021212,12.6,0.7,2.6,228.4,95,1019.8
2016021218,13.8,1.7,2.5,228.4,93.8,1018.4
2016021300,13,18.2,1.7,230.9,95,1016
2016021306,13,0.4,0.4,2.1,95,1013.4
2016021312,15.9,0,1,173.1,95.8,1008.4
2016021318,16.5,7.7,2.5,230.3,96,1002.4
2016021400,16.1,1.4,2.8,269.2,85.2,1000.2
2016021406,9.8,0,3.5,336.1,70,1006.2
2016021412,8.4,0,3.8,316.8,46.7,1009.1
2016021418,2,0,4.2,333.4,45.5,1014.4
2016021500,-1.4,0,5.2,323.3,48.5,1017.2
2016021506,-2.3,0,4.6,326.6,39.5,1018.5
2016021512,1.4,0,5.7,325.3,23.8,1017.1
2016021518,-0.5,0,2.1,305,32,1018.9
2016021600,-1.9,0,1.7,318.4,51.2,1019.4
2016021606,0.1,0,2.5,281.6,50.2,1019.3
2016021612,5.2,0,5.2,273.4,35.7,1016.2
2016021618,4.3,0,3.6,286.2,45.5,1017
2016021700,1.3,0,2.8,326.6,46.7,1021
2016021706,1.6,0,4.2,318.4,34.7,1024.2
2016021712,7.2,0,2.8,274.3,19.7,1023
2016021718,3.7,0,1.3,312.4,37.7,1024.4
2016021800,-0.4,0,1.6,290.2,62.7,1024.6
2016021806,1.9,0,1.6,283.5,55,1024.7
2016021812,10.5,0,3.4,232.8,22.2,1021.3
2016021818,7.2,0,2.8,238.5,46.5,1023.1
2016021900,4.8,0,1.8,271.3,60.3,1024
2016021906,6.6,0,1.7,359.9,56.3,1025.9
2016021912,12.4,0,2.7,136.8,33.3,1025.6
2016021918,9.6,0,1.7,204.4,53.8,1025.6
2016022000,7.4,0,0.9,291.4,55.7,1024
2016022006,7.5,0,2.3,16.5,61.5,1021.7
2016022012,9,0,3.8,37.1,53.5,1017.3
2016022018,5.3,0,2.3,21.6,56.3,1020.1
2016022100,2.2,0,4.5,305,30.7,1023.5
2016022106,1.3,0,5.1,328.8,25.8,1028.1
2016022112,7.1,0,3.3,305,20.8,1028.7
2016022118,4.1,0,1.5,9.7,44.8,1030.6
2016022200,1.4,0,1.2,272,48,1031.8
2016022206,3.7,0,0.9,282.8,38.2,1031.5
2016022212,8.8,0,2.3,163.2,45.2,1028.3
2016022218,7.7,0,1.4,284.9,47.3,1028
2016022300,5.8,0,1,356.9,39.5,1027.6
2016022306,7,0,2.3,321.8,43.3,1026.7
2016022312,10.6,0,4.4,321.8,23.3,1025.1
2016022318,6.4,0,2.8,353.9,21,1027.6
2016022400,1.6,0,1.9,5,35,1029.4
2016022406,1.4,0,2.6,6.8,47.5,1030.8
2016022412,4.1,0,2.9,37.2,57.3,1029.9
2016022418,2,0,2.3,26.3,64.5,1030.9
2016022500,-1,0,2.8,356.6,42.7,1032.3
2016022506,0.6,0,3.9,340,35.2,1033.8
2016022512,6.3,0,4.4,311.6,16.8,1032.1
2016022518,2.9,0,1.7,299.9,29.2,1031.9
2016022600,-0.3,0,0.8,299.1,50,1031.6
2016022606,2.9,0,1.5,315,52,1030.7
2016022612,8.8,0,4.2,270,39.8,1027.8
2016022618,7,0,1.9,260.2,57.7,1027
2016022700,5.9,0,0.7,317.9,69.2,1024.4
2016022706,9.1,0,2.5,271.7,61,1022.2
2016022712,12.5,0,3.2,80,47.3,1022.5
2016022718,8.7,0,1.6,42.6,76.2,1025
2016022800,5.3,0,0.7,327.8,88.3,1024.3
2016022806,5.8,0,0.9,349.3,83,1022.8
2016022812,15.1,0,5.7,240,42.2,1017.3
2016022818,10.2,2.3,5.2,295.3,71,1015.9
2016022900,2.8,0,3.1,336.6,51.5,1020.2
2016022906,1.5,0,4.2,313.4,37.3,1021.8
2016022912,2.4,0,5.5,308.2,33.8,1021.6
2016022918,-0.8,0,4.2,318.4,36.2,1025.5
2016030100,-3,0,3.1,333.4,46,1027.6
2016030106,-1.5,0,3.2,330,35.5,1028.4
2016030112,6.2,0,2.2,311.5,15.2,1024.9
2016030118,3.5,0,1.8,331.1,24.2,1025.6
2016030200,1.4,0,2,11.6,40,1026.5
2016030206,3.5,0,1,118.8,38.2,1027.3
2016030212,13.1,0,3,239.8,16.7,1023.2
2016030218,8.7,0,3.2,255.1,32,1023.8
2016030300,4.2,0,0.7,34.2,60.3,1024.2
2016030306,7.1,0,1.3,152,52.2,1025.2
2016030312,16.6,0,2.7,182.9,30.2,1022.9
2016030318,12.8,0,2.2,243.1,50.7,1023.9
2016030400,8.1,0,0.8,298.7,77.7,1024.6
2016030406,8.4,7.4,0.8,247.5,92.5,1026.3
2016030412,10.1,7.3,0.8,30.2,95,1026.4
2016030418,9.6,18.6,0.6,5.7,95,1028.4
2016030500,9.1,5.2,0.6,31.4,95,1028
2016030506,9.2,0,0.9,299.6,95,1026.4
2016030512,14.7,0,2.9,218.1,84.2,1021
2016030518,17.4,0,5.2,233.3,69,1018.6
2016030600,15.3,2.9,2.5,225.7,90.8,1017.5
2016030606,14.6,2.2,2.8,228.4,96,1017.5
2016030612,16.6,0,1.5,187.6,87,1016.5
2016030618,13.1,0,2.2,72,84.2,1018.8
2016030700,7.8,0,1.7,338.1,89.8,1020.3
2016030706,9.1,0,1.8,325.1,75.7,1020.7
2016030712,14.7,0,2.8,136.9,41.3,1017.5
2016030718,10.6,0,1.4,218.1,73.5,1017.5
2016030800,8.6,0,0.7,270.9,89,1017.4
2016030806,10.4,0,2.8,35,42.3,1019.8
2016030812,10.4,0,2.1,41.5,42.8,1020.2
2016030818,9.5,0,2.2,352.4,28.8,1019.9
2016030900,4.6,6.9,1.6,350,87.8,1020.1
2016030906,5.7,0.2,3.5,24.9,70,1019.7
2016030912,8.6,0,4.3,24.9,58.3,1019.1
2016030918,5.9,0,2.1,3.1,74.7,1021.5
2016031000,3.8,0,1.2,327.7,74.7,1022.5
2016031006,4,0,1.8,352.2,42.7,1023.2
2016031012,8.9,0,3.5,11.5,15.7,1021
2016031018,4.8,0,2.6,356.6,21.7,1022.8
2016031100,0.4,0,2.2,7.9,34.3,1024.3
2016031106,1.3,0,3.4,336.7,36,1024.2
2016031112,6.4,0,2.9,80,27,1022.4
2016031118,3.3,0,1.5,295,49.3,1023.4
2016031200,0.3,0,1.1,328.2,51.8,1024.7
2016031206,2.2,0,2.8,327.2,33,1025.9
2016031212,8.8,0,3,32.1,17.2,1024.1
2016031218,5.8,0,1.5,251.1,36.8,1025
2016031300,4.2,0,0.8,308.4,49.3,1025.4
2016031306,5.8,0,1.9,325.5,41.8,1024.9
2016031312,9.9,0,1.8,162.1,31,1022.1
2016031318,7.8,0,2.1,30.6,45.7,1021.5
2016031400,4.5,0,1.4,317.6,58.5,1020.4
2016031406,5.9,0,3,7.9,55.2,1020.7
2016031412,8.3,0,5.3,66.7,62.7,1019.7
2016031418,5.4,0.1,2.2,4.2,64.3,1021.8
2016031500,1.6,0,0.9,304.2,80.7,1023.4
2016031506,4.7,0,1.4,264.9,62.8,1024.7
2016031512,11.8,0,3.9,177.3,33.7,1022
2016031518,9,0,2,235.8,42.7,1022
2016031600,6.2,0,0.7,347.8,60.5,1021.8
2016031606,8.5,0,1.5,248.7,51.2,1021.8
2016031612,17.1,0,2.8,207.9,22.3,1018.6
2016031618,12.4,0,1,350,44.2,1020.4
2016031700,7.6,0,0.7,353.6,57.5,1021.4
2016031706,9.5,0,1.1,263.4,45.3,1022.1
2016031712,17.8,0,3.4,123.4,32.7,1018.5
2016031718,15.6,0,2.9,226.8,31.8,1018.1
2016031800,13.1,0,1.1,295.8,54.3,1016.1
2016031806,11.9,11.1,1.4,125.9,95,1014.8
2016031812,12.9,12.5,2,121.8,95,1011.2
2016031818,13,3,0.8,329.4,95,1009.6
2016031900,11.6,0,1.6,356.8,95.7,1009.8
2016031906,12.2,0,2.3,357.2,76.2,1012.8
2016031912,14.2,0,5.5,80.2,47.8,1014.4
2016031918,9.6,0,2.5,35.3,66,1017.8
2016032000,8.3,0,1.2,346.4,78.7,1019.8
2016032006,9.5,0,2.8,54,64.3,1022.2
2016032012,9.9,0,4.1,70,52.5,1022.3
2016032018,8.7,0,2.1,48.4,62.5,1023.6
2016032100,7.9,0,1.1,351.4,66.2,1023.8
2016032106,9.1,0,1.7,357.7,59.8,1025.3
2016032112,12.6,0,3.5,109.8,41.7,1023.2
2016032118,9.3,0,2.2,228.3,57.5,1022.4
2016032200,5.7,0,0.6,343,80,1020.4
2016032206,9.6,0,1,270.3,65.7,1018.9
2016032212,18.5,0,2.9,113.1,29.8,1014.3
2016032218,14.6,0,1.9,46.9,47.3,1015.5
2016032300,9.3,0,1.9,11.5,71.2,1017.7
2016032306,10,0,2.6,29.6,64.2,1018.5
2016032312,10.9,0,4.6,73.3,53.8,1017.7
2016032318,8.9,0,3.5,45.1,66.7,1019.6
2016032400,5.9,0.8,3,11.7,82.5,1021.5
2016032406,6.9,0.4,3.6,18.9,61.8,1023.5
2016032412,9.3,0,4.1,70,42.8,1023.8
2016032418,7.1,0,2.6,17.7,57.2,1025.9
2016032500,6.1,0,1.2,316.7,65.5,1025.8
2016032506,7.4,0,1.8,60,60.7,1025.7
2016032512,8.4,0,1.7,154.3,53.5,1024.3
2016032518,6.8,0,1.4,332.8,72.3,1024.2
2016032600,5.4,0.4,1,355.2,90.8,1023
2016032606,7.4,0.1,1.3,58.1,74.7,1022.1
2016032612,6.3,7.4,1.3,130.2,89.8,1021.3
2016032618,5,5.7,0.8,1.1,91,1020.5
2016032700,3.5,0,1.5,310.9,91.5,1019.5
2016032706,6.1,0,1.5,238,81.8,1019.3
2016032712,14.2,0,2.8,354.7,26.3,1017.3
2016032718,10.2,0,1.3,335.6,48.2,1018.4
2016032800,7.2,0,1.5,322,47.3,1020.3
2016032806,10.8,0,1.6,0,24.8,1021.5
2016032812,17.4,0,3.5,149.9,24.2,1019.8
2016032818,13.1,0,1.9,280.3,38.8,1020.5
2016032900,8.1,0,0.8,316.6,63.7,1021.6
2016032906,11.1,0,2.3,299.7,54,1021.8
2016032912,16.8,0,4.9,233.3,36.7,1019
2016032918,13.9,0,3.2,209.5,62.5,1018.6
2016033000,13.6,0,2.5,200.7,72.7,1018.1
2016033006,14.5,0,2.1,349.2,66.7,1020.1
2016033012,20.1,0,3.4,148.4,32.8,1017.7
2016033018,15.1,0,1.3,272.7,49.2,1018.5
2016033100,10.4,0,0.8,298.1,71.5,1018.3
2016033106,12,0,0.8,242.1,61.5,1018.4
2016033112,18.6,0,3.2,136.1,27.8,1015.5
2016033118,13.1,0,1.1,80,84.3,1015.2
2016040100,9.7,0,0.7,356.6,98.8,1013.7
2016040106,13.7,0,1.9,8.7,62.2,1014.4
2016040112,18.9,0,3,73.3,45.7,1014.5
2016040118,13.6,0,2.2,3.7,71.3,1017.1
2016040200,9,0,1.3,343.3,98.7,1019
2016040206,10.6,0,1.2,297.4,95,1020.1
2016040212,16.8,0,3,143.3,80.2,1017.5
2016040218,17.1,0,3.4,217.2,67.7,1017.8
2016040300,14.8,0,0.9,3.1,86.2,1018.8
2016040306,14.6,1.5,1.1,325.1,90.3,1018.8
2016040312,11.9,3,2,353.4,100,1017.1
2016040318,10.3,0.6,2.3,323.3,100,1016.2
2016040400,9.9,2.8,2.5,323.3,100,1013
2016040406,10.2,1.9,2.7,340,100,1013.6
2016040412,11.1,0.1,1.9,353.4,91.5,1013.7
2016040418,10,0,0.9,302,95.8,1014.7
2016040500,7.8,0,0.5,320.4,100,1015
2016040506,11.3,0,1.3,334.3,86.3,1015.8
2016040512,18.1,0,2.5,150,43.5,1013.5
2016040518,13.6,0,1.6,239.4,71.2,1015.3
2016040600,12.9,0,2,321.5,41.8,1016.7
2016040606,15.2,0,1.7,359.1,40.8,1019.2
2016040612,18.4,0,2.7,125,34.2,1017.1
2016040618,13.8,8.3,2,137.2,74,1015
2016040700,10.8,44.6,1.9,336.7,98,1007.4
2016040706,11.4,9.7,2.8,326.6,98,1004.5
2016040712,14.4,0.1,2,349.8,86.5,1007.5
2016040718,13.1,0,1.3,239.4,93.3,1010.9
2016040800,11.4,0,1.1,335.5,93.8,1013
2016040806,15.4,0,1.2,323.7,68.5,1015
2016040812,20.6,0,3.3,146.6,33.8,1013.2
2016040818,17.5,0,1.8,224.3,43.2,1013.3
2016040900,13.2,0,0.9,323.1,57,1014.2
2016040906,16.2,0,1.1,35,49,1014.5
2016040912,22.4,0,2.8,139.8,31.5,1011.5
2016040918,18.8,0,2.2,244.6,37.5,1011.4
2016041000,15.4,0,2,308,54.3,1012.3
2016041006,15.1,0,3,16.5,71.8,1013
2016041012,14,0,3.4,58.8,69.7,1013.5
2016041018,11.1,0,2.1,22.6,79,1015
2016041100,8.9,0,2.6,353.4,92.2,1018.2
2016041106,8,0,2.5,0,83.8,1021.5
2016041112,10.1,0,3.1,53.8,59.5,1021.8
2016041118,8.2,0,1.4,28.1,67.5,1022.7
2016041200,6,0,1.3,335.7,80.2,1022.8
2016041206,8.5,0,1.2,135,75.3,1021.3
2016041212,14.1,0,2.8,149.8,53.8,1015.8
2016041218,13,0,1.5,181.4,75.5,1013.8
2016041300,13.9,0.3,1.3,195.5,88.2,1011.3
2016041306,14.9,6.1,2.9,183.4,92.5,1008.7
2016041312,14,4.8,1.9,130.1,98,1006.7
2016041318,13.7,0.5,0.8,331.2,98,1006.6
2016041400,12.1,0,1.4,305.5,98,1006.5
2016041406,16.1,0,3.3,325,84,1008.8
2016041412,22.2,0,2.4,158,48.5,1008.9
2016041418,19.4,0,3.2,308.2,34.3,1012.4
2016041500,13.9,0,3,346.6,61.3,1017.7
2016041506,13.2,0,3.1,41.6,67.5,1022.3
2016041512,15.4,0,3.2,115.7,45.3,1021.4
2016041518,12.2,0,1.4,181.3,70.5,1020.3
2016041600,8.7,0,0.6,322.9,85.7,1019
2016041606,11.9,0,0.9,113,80.2,1017
2016041612,19,0,3.3,153.4,63.7,1011.4
2016041618,15,15.7,4.5,160,88.8,1004.4
2016041700,16.2,15.3,6.8,183.4,90,992.2
2016041706,17.2,0,6.4,246.7,52.5,997.8
2016041712,20.3,0,4.4,250,35.5,1004.4
2016041718,15.2,0,2.8,270.4,36.3,1009.9
2016041800,13.2,0,2,246.6,27.3,1012.4
2016041806,13.8,0,1.4,240.7,32.8,1014.5
2016041812,18.1,0,2.8,205,30,1013.1
2016041818,15.8,0,2.5,206,49.5,1014.4
2016041900,13.4,0,2.3,225,54.7,1017
2016041906,13,0,2.3,327.4,51.3,1021.8
2016041912,16.2,0,3.5,112.6,44.2,1023.3
2016041918,12.9,0,2.1,177.2,66.8,1024.1
2016042000,10.2,0,1.2,0,89.2,1023.5
2016042006,13.8,0,1.6,173,79.2,1022.7
2016042012,18.5,0,3.5,145,49.5,1018.9
2016042018,16.4,0,2.1,180.4,45.8,1017.1
2016042100,15,4.2,1.1,156.5,80,1013.3
2016042106,14,22.3,2.8,140,98,1006.8
2016042112,15.6,3.5,2.2,323.7,97.3,1001
2016042118,14.5,0,1.5,320.7,97.5,1004.5
2016042200,13.9,0,1.3,313.7,93.7,1007.2
2016042206,17.4,0,1.9,284.7,76.7,1008.7
2016042212,24,0,2.1,210.4,45.2,1007.2
2016042218,21,0,2.6,212.9,57.2,1008
2016042300,17.7,0,1.7,300.2,57.8,1009.2
2016042306,16.9,0,1.9,344.5,61.5,1012.8
2016042312,17.5,0,1.7,153.2,56.2,1012.1
2016042318,15.1,0,1,103.1,66,1012
2016042400,13.1,0,1.7,332.1,57,1013.1
2016042406,15.5,0,2.6,350.4,31.7,1014.6
2016042412,18.2,0,4.1,70,38.5,1014.7
2016042418,12.9,0,1.7,5.5,70.5,1016.6
2016042500,9.6,0,0.9,329.8,93.2,1017.3
2016042506,14.8,0,1,87.8,63.7,1018.4
2016042512,21.5,0,2.3,141.8,22.3,1016.9
2016042518,15.3,0,1.1,80,36.5,1017.5
2016042600,10.9,0,0.9,309.2,57.8,1017
2016042606,16.3,0,1.7,56.3,49.2,1016.8
2016042612,20.1,0,3.7,66.7,53.2,1015.6
2016042618,13.7,0.2,2.7,350,80.7,1016.5
2016042700,11.2,5.4,3.5,340,97.5,1014.7
2016042706,11.1,3.1,3.7,346.6,97.3,1012.3
2016042712,11,10,4.2,346.6,98,1008.4
2016042718,10.6,11.5,5.1,340,98,1006
2016042800,10.3,1.8,4.8,340,97.8,1004.6
2016042806,10.3,1.9,4.3,340,94.8,1005.8
2016042812,14.3,0,3.2,350,66.8,1007.1
2016042818,11.4,0,2,333.1,69.5,1010.5
2016042900,9.7,0,1.4,314.7,82.3,1011.8
2016042906,13.8,0,1.7,347.6,55.3,1012.9
2016042912,17.2,0,3.2,135.1,45.5,1012.6
2016042918,14.6,0,2.2,188.9,54.8,1012.8
2016043000,11.5,0,0.5,345.5,89.3,1012.8
2016043006,15.7,0,1.6,350,73.7,1013.3
2016043012,24,0,4.8,201.6,34.5,1010
2016043018,19.2,0,4.3,207.7,45.7,1011.5
2016050100,15.8,0,1.8,194.1,63,1012.8
2016050106,18.4,0,1.5,106.9,67.7,1014.3
2016050112,23.6,0,3.6,131.5,50,1013.1
2016050118,20.4,0,3,206.2,45.7,1014.2
2016050200,14.8,0,0.8,7.6,62.5,1015.8
2016050206,18.4,0,1.3,126.7,65,1016.4
2016050212,24.5,0,5.4,193.4,49.8,1013.5
2016050218,21.1,0,3.9,190,71,1012
2016050300,19,0,5.6,173.4,80.3,1007
2016050306,16.1,36.2,7.1,166.6,95,999.7
2016050312,19,5.7,5.3,202.4,82,993.5
2016050318,15.8,0,4.6,209.9,54.8,999.3
2016050400,15.3,0,5.3,228.4,45,1000.5
2016050406,18.2,0,5,220.1,38.8,1002.1
2016050412,24,0,6.4,250,19,1001.6
2016050418,20.5,0,4.3,263.4,18.7,1006
2016050500,16.8,0,1,274.7,28.8,1012.1
2016050506,19.3,0,2.6,278.7,32.2,1016.2
2016050512,24,0,2.4,150,22.5,1014.4
2016050518,19.5,0,1.6,185,31.3,1014.5
2016050600,18.8,0,3.1,193.4,66.8,1011.2
2016050606,17.2,0,3.7,176.7,90.7,1009.4
2016050612,17.7,0,2.2,146.9,95.5,1006.5
2016050618,17.6,0,0.6,359.3,97.5,1005.4
2016050700,16.7,0,2,338.6,90,1007.5
2016050706,18.4,0,3.1,327.6,46.5,1011
2016050712,22.7,0,3,272.4,34,1011.3
2016050718,20.4,0,1.5,330.7,30.8,1013.7
2016050800,15.2,0,1.5,333.2,60,1017.1
2016050806,18.2,0,1.5,22.7,63,1018.7
2016050812,20.9,0,2.7,103.4,33.2,1017.1
2016050818,17.5,0,0.7,30.6,44.7,1015.9
2016050900,15.5,0,0.7,340,54.8,1013.4
2016050906,17.7,0,0.7,329.7,54.5,1012
2016050912,21.6,0,1.8,145.3,50.7,1009.3
2016050918,18.7,0,1,154.9,70.2,1008.7
2016051000,17,0,0.9,295,82.8,1007.4
2016051006,15.6,10.7,1.6,332.1,96.7,1006.2
2016051012,13.1,6.6,3.4,343.3,98,1004.2
2016051018,12.5,2.2,3.7,336.7,98,1003.9
2016051100,12.4,0.2,2.5,340,96.3,1005.7
2016051106,14,0.1,1.8,343.4,87.5,1008.3
2016051112,17.4,0,2.4,130.4,72.8,1009.3
2016051118,14.4,0,1.3,170,92.7,1011.5
2016051200,12.2,0,0.9,325.7,98,1012.9
2016051206,17.6,0,1.8,164.3,75.3,1014.2
2016051212,24.4,0,4,180,35,1012.3
2016051218,19.1,0,3,203.2,45.3,1012.7
2016051300,14.6,0,1.8,318.7,68.3,1014.9
2016051306,17.6,0,1.8,337.3,71.3,1017.4
2016051312,18.7,0,3.1,11.2,60.5,1020.1
2016051318,14.4,0,2.1,328.8,74,1023.5
2016051400,12.1,0,2,326.4,89.7,1024.9
2016051406,15.9,0,2.4,6.6,74.8,1025.5
2016051412,17.8,0,4.2,76.6,63.7,1023
2016051418,14.5,0,1.7,15.8,79,1021.4
2016051500,12,0,0.5,343.4,94,1019
2016051506,17.1,0,1.4,132.1,83,1015.5
2016051512,23,0,5.1,184,72.8,1010.5
2016051518,22.5,0,4.3,180,86.3,1006.8
2016051600,19.3,8.2,3.7,210.7,98,1003
2016051606,12.4,4.9,2.8,316.8,86.5,1007.8
2016051612,18.9,0,3,302.8,48.7,1009.3
2016051618,15.6,0,0.9,10,64.3,1011.1
2016051700,10.5,0,1.2,33.8,70,1013.3
2016051706,17.7,0,2.5,346.6,39.2,1014.9
2016051712,23.6,0,2,105,28.3,1014.5
2016051718,17.2,0,1.2,60.6,55,1016.5
2016051800,13.9,0,0.8,329.3,66.5,1016.9
2016051806,20.1,0,1,62.1,59.2,1017.8
2016051812,25.5,0,2.3,160,33.8,1017.4
2016051818,18.5,0,0.6,0,46.5,1018.2
2016051900,14.3,0,0.6,324,54,1018.5
2016051906,18.5,0,0.7,25,48,1019.2
2016051912,24.1,0,1.5,117.4,41.5,1017.5
2016051918,19,0,0.6,100.5,60,1017.9
2016052000,14.3,0,1,336.6,95.3,1018.7
2016052006,19.8,0,1.1,57.1,67.8,1018.2
2016052012,23.3,0,2.8,88.8,53.3,1017.7
2016052018,16.9,0,1.6,0,81,1019
2016052100,13.2,0,1.4,339.1,97.3,1019.3
2016052106,19.1,0,1.5,1.3,68.7,1019.8
2016052112,23.9,0,3.2,63.4,34.3,1018.1
2016052118,18.7,0,1.5,346.6,48.8,1019
2016052200,13.9,0,1.2,340,75.5,1018.4
2016052206,18,0,1.5,30.3,67.7,1018.4
2016052212,23.6,0,3,80,36.3,1016.8
2016052218,17.8,0,1.4,15.8,51.3,1017.2
2016052300,13.1,0,1.4,321.8,84.8,1017.1
2016052306,18.8,0,1,48.1,69.3,1015.9
2016052312,23.4,0,2.5,153.4,63.7,1012.6
2016052318,19.1,0,1.2,158.5,95.2,1011.8
2016052400,19.3,0,0.9,350.6,85.8,1009.9
2016052406,21,0,4.2,193.4,79.2,1007.9
2016052412,19.5,11.1,2.1,170,97.5,1005.4
2016052418,18.6,0.1,1.9,332.4,98,1006.2
2016052500,16.1,0,2.7,326.6,92.8,1008.2
2016052506,19.8,0,1.8,12,72.8,1009.8
2016052512,23.9,0,2.8,130.1,62.2,1008.4
2016052518,20.1,0,1,350.6,73,1009.1
2016052600,17.4,0,0.7,302.5,85.2,1009.9
2016052606,21.9,0,1.7,333.2,67.5,1009.8
2016052612,25.6,0,2.4,145.8,49.8,1007.4
2016052618,22.8,0,1.2,266.9,61.5,1008.5
2016052700,21.5,0,1.6,313.4,67.5,1010
2016052706,23.2,0,2.5,360,54.7,1012.1
2016052712,23.5,0,3.7,70,48.3,1011.1
2016052718,21.2,0,0.9,118.6,60,1010.5
2016052800,19.7,0,0.9,333.1,70.2,1009
2016052806,21.5,0,1.3,284.7,65,1008.5
2016052812,25.2,0,1.8,315.6,48.5,1006.1
2016052818,21.2,0,0.8,80,64.7,1006.3
2016052900,17.5,0,0.7,320.1,79.7,1005.7
2016052906,19.8,0.1,0.6,304.1,76.8,1004.9
2016052912,25,0,2.3,153.9,46.3,1001.8
2016052918,20.9,0,1.1,319,66.5,1002.3
2016053000,19.2,0,2.4,307.1,64.7,1003
2016053006,23.3,0,2.1,7,57.8,1005.5
2016053012,24.6,0,2.5,98.1,64.2,1005.9
2016053018,19.6,0,1.1,145,90.8,1006.7
2016053100,18.1,0,1.2,337.2,91.2,1005.9
2016053106,22.8,0,1.2,197.1,57.5,1006.9
2016053112,28.8,0,2.2,285,38.8,1005
2016053118,24.6,0,2.4,321.6,49.2,1005.7
2016060100,19.7,0,2,350.2,59.8,1007.8
2016060106,19.8,0,3.5,58.3,68.2,1009.4
2016060112,20.9,0,4.7,73.3,52.2,1008.6
2016060118,17.6,0,1.9,4.7,67.3,1009.7
2016060200,13.8,0,1,339.1,89.5,1010.2
2016060206,19.1,0,2.1,22.1,65.3,1011.3
2016060212,22.7,0,3.8,86.6,41.5,1010.5
2016060218,18.6,0,1.3,118.6,73,1011.9
2016060300,15.3,0,0.8,320,77.5,1011.6
2016060306,21.4,0,1,80,56,1011.2
2016060312,26.5,0,2.5,133.4,40.2,1009.7
2016060318,23.9,0,2.2,203.3,43.8,1009.9
2016060400,20.2,0,0.9,301.9,58.3,1009.2
2016060406,22.2,0,1.7,205.9,58.5,1009.5
2016060412,19.7,3,1.4,235,93.7,1008.8
2016060418,17.2,0.4,1.3,340,93.8,1009.4
2016060500,17.2,0.1,2.1,336.6,93.7,1009.2
2016060506,19.7,0,3,7.9,82.2,1010.5
2016060512,21.4,0,3.4,14.7,72.7,1011.6
2016060518,19.1,0,2.7,0,85,1013.5
2016060600,18.5,0.6,2.3,0,89.7,1013.8
2016060606,17.9,1.4,1.9,343.4,97.7,1014.2
2016060612,18.2,3.1,1.5,350.2,98,1013.4
2016060618,18,0.1,1.2,326.6,98,1013
2016060700,17.7,0,0.7,350.4,98,1012
2016060706,19.5,0,0.8,13.6,95.5,1011.2
2016060712,23.4,0,2.1,153.2,78.7,1009.7
2016060718,20.5,0,1.3,139.2,91.7,1009.5
2016060800,19,0,0.6,4.1,98,1009.6
2016060806,21.1,0,1.1,138.7,90.8,1009.5
2016060812,22,8.4,1.6,109,89.3,1009.1
2016060818,21.1,0,0.7,350.2,96.8,1009.4
2016060900,20.3,0,0.9,318.7,98,1009.6
2016060906,21.9,0,2,324.5,88.3,1010.7
2016060912,23.3,0,2.7,55.3,80,1011
2016060918,20.4,0,1.3,38,95.2,1012.3
2016061000,19.9,0,1.1,310.9,95.5,1013.4
2016061006,21.8,0,1.5,40.7,82.3,1013.9
2016061012,24.4,0,2.4,150,72.2,1012.4
2016061018,20.9,0,1.5,143.9,90.7,1012.3
2016061100,19.2,0,1.2,260,98,1011.8
2016061106,23.3,0,1.4,94.3,82.2,1011.7
2016061112,27.1,0,2.9,143.9,67,1009.3
2016061118,24.8,0,2.5,180.5,77.2,1009.5
2016061200,21.1,0,0.4,0,98,1008.8
2016061206,22.8,0,0.8,111.4,93.2,1007.5
2016061212,23,1.2,1.6,130.1,93.2,1005.5
2016061218,21.4,0,1.1,322.3,98,1003.5
2016061300,19.9,0,0.8,336.6,98,1002.4
2016061306,20.6,0,1.1,10.2,97,1003.1
2016061312,23,0,2.6,56.6,83,1002
2016061318,20,0,1.5,0.9,95.2,1002.9
2016061400,18.9,0,1.2,323.3,98,1003.1
2016061406,19.5,0,1.2,3.4,97.5,1004.6
2016061412,22.9,0,1.7,154.7,82.5,1004.2
2016061418,20.9,0,1.5,145.3,94.8,1004.6
2016061500,18.9,0,1.4,231.5,98,1004.2
2016061506,21.6,0,2.2,195,84.5,1004.2
2016061512,24.6,0,4.1,186.6,69.7,1001.8
2016061518,23.8,0,3.8,180,83.3,1000.9
2016061600,23.2,8.1,1.7,180,95.5,998.8
2016061606,23.5,0.1,0.7,70,96,997.6
2016061612,27.2,0,1.9,339.1,64.7,996.8
2016061618,24,0,2.1,310.1,66.3,999.6
2016061700,21.1,0,2.2,294.9,71.2,1003
2016061706,23.1,0,2.1,299.6,64.3,1006.7
2016061712,28.4,0,2.1,181.4,45,1007.5
2016061718,23.5,0,0.9,178.2,69.8,1009.5
2016061800,20.7,0,1.1,311.3,80.7,1011.1
2016061806,24.4,0,1.2,100.7,70.3,1012.4
2016061812,27.3,0,3.2,119.9,56.2,1010.8
2016061818,24.5,0,4,193.4,66.7,1011
2016061900,22.4,2.2,1.9,228.1,94.3,1009.2
2016061906,24.5,0,1.6,181.3,88.3,1008.1
2016061912,29.8,0,3.5,235,46.7,1005.6
2016061918,24.4,0,1.7,217.1,80.7,1006.7
2016062000,20.5,0,1.2,314.5,98,1007.5
2016062006,25.6,0,1.5,125,75,1007.3
2016062012,29,0,1.9,181.9,54,1005.6
2016062018,23.1,0.1,0.6,0.7,97.7,1004.9
2016062100,22.1,0,1.1,2.8,98,1005.5
2016062106,21.6,0.8,1.8,356.7,96.5,1008
2016062112,23.1,0,1.6,46.8,83.2,1008.8
2016062118,21.5,0,0.8,34.1,91.5,1008.8
2016062200,21,0,0.9,346.8,97.3,1008.6
2016062206,21.9,0,1.9,53.4,95.5,1008
2016062212,22.5,0.4,1.8,53.5,94.7,1005.8
2016062218,21.2,1.4,1.7,0,98,1004.8
2016062300,20.4,0,1.7,339.6,98,1005.7
2016062306,22.8,0,1.5,26.1,80.7,1007.5
2016062312,25.9,0,2.4,133.3,64.2,1006.3
2016062318,22.3,0,2,166.5,91,1006.3
2016062400,21.2,0,0.9,277.7,96.8,1004.4
2016062406,21,26.7,1.5,142.8,98,1000.8
2016062412,22.8,11.7,1.1,313.3,98,995
2016062418,23.2,0,2,301.8,88.2,998
2016062500,21.9,0,2.2,256.8,77.2,1000.9
2016062506,22.1,0,2.8,215.5,70.5,1002.9
2016062512,25.8,0,3.7,201.6,56,1001.9
2016062518,23.8,0,2.8,221.5,66,1003.9
2016062600,20.9,0,2.3,270,70.5,1006.3
2016062606,23.6,0,2.4,323.3,64.2,1007.8
2016062612,26.6,0,2.5,116.4,53.8,1007.6
2016062618,22.4,0,0.9,18.9,83.8,1009.6
2016062700,19.8,0,0.6,327.8,92.8,1010.6
2016062706,23.5,0,0.8,86.9,76.2,1010.6
2016062712,23.7,0,1.5,137.4,78.2,1009.5
2016062718,21.4,0,1.1,125,91.5,1009.7
2016062800,18.8,0,1.2,311.3,98,1010
2016062806,22.6,0,1.2,104.5,74.7,1011.3
2016062812,24.2,0,2.4,83.2,62.5,1011.5
2016062818,21.5,0,0.7,6,78.8,1012.7
2016062900,20,0.1,1,333.2,93.8,1012.4
2016062906,21.5,0.2,1.4,0.9,92.8,1012
2016062912,23.9,0,1.6,142.8,81,1010.8
2016062918,21.7,0,1,172.9,89.8,1011.5
2016063000,19.7,0,1,347.4,98,1011.4
2016063006,24.4,0,1.5,294.3,83.2,1011.6
2016063012,28.1,0,2.9,152.9,70.3,1009.8
2016063018,25.7,0,2.4,198.2,77.3,1009.6
2016070100,23.3,0,1.8,190,90.2,1010
2016070106,23.7,0,1.4,133.4,92.8,1010.7
2016070112,23.6,47.1,2.7,166.8,98,1008
2016070118,24.5,11.5,2.8,180,98,1005.8
2016070200,26.5,0,6.8,193.4,85,1002.5
2016070206,26.6,0,3.5,196.7,80.7,1004.4
2016070212,25.1,8.8,2.4,188.3,89.2,1006
2016070218,23.2,7.7,0.7,340,98,1005.5
2016070300,22.9,0,1,290.4,98,1007.2
2016070306,24.4,0,1,304.2,94.8,1009.5
2016070312,22.5,14.7,0.9,5.3,98,1010.2
2016070318,20.5,11.1,0.6,18.9,98,1010.5
2016070400,20.5,6.8,0.6,10,98,1010.2
2016070406,20.5,12.5,0.8,342.7,98,1011
2016070412,22,0.3,0.7,0.4,98,1011.7
2016070418,21.4,0,0.8,353.4,98,1013.3
2016070500,21,0.1,0.5,346.8,98,1013.7
2016070506,23.5,0.8,0.9,143.8,95.8,1013.5
2016070512,29,0,4.9,193.4,78.2,1012.5
2016070518,27.3,0,3.7,190,88.8,1012.1
2016070600,26.4,0,2.3,180,90,1013.3
2016070606,27.4,0,1.9,166.3,85,1014.1
2016070612,25.5,0,1.7,122.9,85.2,1014.8
2016070618,20.9,0,1.2,51.8,97.2,1015.9
2016070700,20.1,0,0.6,350,98,1015.9
2016070706,23,0,1.2,118.6,92.5,1015.3
2016070712,26.4,0,2.3,146.6,84.7,1014.2
2016070718,23.3,0,0.9,150.6,97.5,1014.1
2016070800,22.3,0,0.9,335.6,98,1012.5
2016070806,23.8,0.1,1.1,150,96.2,1012.3
2016070812,28.2,0,2,170,69.5,1009.4
2016070818,24.1,0,1.2,145,95.7,1008.5
2016070900,22.6,0,0.9,300.2,97.8,1007.2
2016070906,25.8,0,1,215,83.7,1006.9
2016070912,28.7,0,2.4,141.8,67.7,1005.4
2016070918,24.7,0,1.2,140,89.3,1005.6
2016071000,22.7,0,1,299.6,98,1004.8
2016071006,27,0,1.1,35,83.3,1004.4
2016071012,30.4,0,1.7,137.6,65.8,1003.1
2016071018,26.9,0,1.5,350,75.3,1004.3
2016071100,23.3,0,0.9,327.8,95.5,1005.2
2016071106,25.5,0,1.5,64,88,1005.7
2016071112,26.2,5.3,2,133.7,92.7,1004.5
2016071118,24.4,3.9,1.1,141.1,98,1003.8
2016071200,23.3,0,0.4,355.5,98,1002.9
2016071206,25.6,0,1,180.3,93.2,1002.7
2016071212,27.1,0,2.6,188.7,88,1001.5
2016071218,25.6,0,1.3,195,92.2,1001.6
2016071300,23,1.5,0.5,11,98,1000.1
2016071306,26.1,0,1.3,263,89.2,1000.2
2016071312,29.1,0,1.5,125,77,998.9
2016071318,27.6,0,1.2,325,78.7,999.6
2016071400,24.4,0,2,290.9,85.7,999.8
2016071406,26.8,0,2.8,323.3,72.5,999.9
2016071412,27.3,0,3.3,6.5,72.3,1000.3
2016071418,23.1,0,2.2,335.7,80.3,1003.7
2016071500,21.3,0,1.5,318.4,86,1004.5
2016071506,23.6,0,1.7,353.9,76.8,1005.5
2016071512,25.7,0,2.6,26.2,70,1004.8
2016071518,22.2,0,1.3,18.2,87.2,1005.6
2016071600,21.5,0.1,0.8,37,97.2,1004.3
2016071606,22,0.6,2.2,96.6,96.7,1003.3
2016071612,22.3,2.8,1.3,119.3,97.2,1001.6
2016071618,22.3,0,1.1,328.5,98,1002.2
2016071700,21.5,0,0.6,345.6,98,1004.7
2016071706,24.3,0,1,224.4,89.8,1006.3
2016071712,27.9,0,2,148.5,69.8,1006.1
2016071718,26,0,1.2,272.3,81.8,1007.3
2016071800,22.2,0,0.6,350,97.8,1008.5
2016071806,24.3,0,1.4,323.9,84.8,1009.8
2016071812,27,0,2.1,143.3,76.7,1009
2016071818,24.2,0,1.7,84.2,92.3,1010.5
2016071900,22.8,0,1.1,8.7,97.3,1011.4
2016071906,24.1,0,2.4,51.6,91.5,1012.2
2016071912,24.8,0,3.3,70,80.2,1012.2
2016071918,22.8,0,1.5,22.6,92.3,1012.9
2016072000,21.7,0,0.9,353.7,96.2,1013.5
2016072006,23.3,0,2.1,28.7,84.7,1013.9
2016072012,25.4,0,3.7,70,73.3,1013.5
2016072018,22.2,0,1.7,5.1,85.8,1014
2016072100,20,0,1.5,311.6,95.8,1013.8
2016072106,23.1,0,1.9,9.7,85.2,1014
2016072112,25.4,0,3,73.3,72.2,1012.9
2016072118,22.2,0,1.4,20.2,89.8,1012.7
2016072200,20,0,1.2,330,96.8,1012.4
2016072206,22.7,0,1.6,31.4,85.2,1013.1
2016072212,26.1,0,2.8,66.7,67.7,1011.6
2016072218,23.1,0,1.5,22.4,88.5,1011.3
2016072300,21.3,0,1.2,336.6,97.3,1011.3
2016072306,25.1,0,1.1,49.1,80.2,1011.4
2016072312,28,0,2.4,150,68.8,1009.8
2016072318,24.9,0,1.4,138.5,90.2,1010.4
2016072400,22.8,0,0.8,263.6,97.8,1010.5
2016072406,27,0,1.4,270,81,1010.7
2016072412,31.7,0,1.7,190,67.3,1010
2016072418,27.8,0,1,191.4,91.2,1010.4
2016072500,26.4,0,1.2,294.7,96.3,1010.8
2016072506,28.9,0,1.8,269.5,85,1010.7
2016072512,26.6,42.8,1.6,240.6,93.2,1010.8
2016072518,25.4,0.3,1.3,298.4,98,1010
2016072600,24.5,0,1,333.2,98,1009.3
2016072606,28.1,0,1.4,290.6,86.3,1008.8
2016072612,32,0,2.3,209.9,65.3,1006.2
2016072618,28.8,0,2.1,220.9,85.2,1006.3
2016072700,25.7,0,1.3,296.2,96.7,1006.2
2016072706,28.9,0,2.9,204.8,76.7,1006
2016072712,32.7,0,4,206.6,60.5,1004.3
2016072718,29,0,3.6,196.7,77,1005.3
2016072800,27.7,0,2.2,204.9,84.8,1005.8
2016072806,29.3,0,2.8,200,80.3,1006.5
2016072812,31.8,0,4.4,196.7,68.5,1005.6
2016072818,29,0,3.3,196.7,83.2,1007.1
2016072900,26.4,0,1.1,240.1,94.2,1008.3
2016072906,29.2,0,1.5,158.9,80.7,1009.3
2016072912,32.7,0,2.9,163,67.8,1008.5
2016072918,29.3,0,1.6,160.9,85.2,1009
2016073000,26.9,0,1.7,294.7,94.7,1010
2016073006,29.5,0,1.1,53.7,83.8,1011.5
2016073012,29.8,4.3,2,143.7,82.7,1010.8
2016073018,28.5,0,1,260,88,1010.3
2016073100,25.3,41.5,2.2,319.6,96.8,1011.2
2016073106,27.9,0,1,339.1,87.7,1011.5
2016073112,31.3,0,2.2,109.3,70.5,1010
2016073118,27.5,2.3,1.4,49.4,92.3,1010.5
2016080100,24.8,0,1.3,336.6,98,1010.5
2016080106,27.8,0,1.2,151.8,89.8,1010.6
2016080112,27.6,14.4,2.3,185.7,87.2,1009.3
2016080118,24.1,0.1,0.9,329.6,98,1009.4
2016080200,23.2,0,0.6,335.5,98,1009.4
2016080206,26.5,0,1.1,2.7,90.2,1009.4
2016080212,25.6,17,2.3,3.9,91.2,1008.7
2016080218,23.2,2.5,1.1,335.9,98,1009
2016080300,23.5,0,0.8,326.2,98,1009.1
2016080306,26.2,0,1.1,326.2,91.7,1009.6
2016080312,28,0,2.2,30.6,84.2,1009
2016080318,25.9,0,1,324.9,95,1009.7
2016080400,23.9,0,1,340,98,1009.9
2016080406,26.9,0.3,1.6,28.1,89.8,1010.4
2016080412,28.8,0,3.6,76.6,78.3,1009.7
2016080418,26.5,0,1.5,8.7,90.5,1010.4
2016080500,24.2,0,1.3,326.4,98,1010.7
2016080506,27,0,1.2,37.1,87.8,1011
2016080512,29.5,0,2.4,101.9,78.3,1009.6
2016080518,26.3,0,1.5,51.8,92.8,1010.2
2016080600,24,0,0.9,340,98,1010.3
2016080606,27.4,0,1,45,82.7,1009.6
2016080612,31.3,0,2.2,148.8,69.7,1007.6
2016080618,27.9,0,1,132.1,88.8,1007.7
2016080700,25.4,0,0.6,346.4,98,1007.8
2016080706,28.9,0,1.1,260,80.5,1007.4
2016080712,31.7,0,2.6,135.1,68.8,1006
2016080718,28.8,0,0.7,55.7,85.8,1006.5
2016080800,26.1,0,0.7,337.1,94.5,1007.1
2016080806,29.1,0,1.2,345.9,82.3,1006.9
2016080812,30.3,0,2,32.3,76.5,1006.1
2016080818,27.7,0,1.4,330,90.7,1007
2016080900,26.7,0,2.4,336.6,92.7,1007.7
2016080906,26.8,0,2.6,359.5,83.2,1009.2
2016080912,28.3,0,3.2,70,74.2,1008.9
2016080918,25.4,0,1.8,351.6,86.7,1010
2016081000,23.2,0,1.3,323.3,96,1010.1
2016081006,27,0,1.1,27.2,82.5,1010.5
2016081012,31.1,0,2.2,143.3,68.3,1008.8
2016081018,27.9,0,1.2,102.6,86.2,1009.4
2016081100,25.8,0,0.6,330.5,97.7,1009.4
2016081106,29.5,0,1,345.8,82.3,1010
2016081112,32.6,0,2.2,140,69.3,1008.4
2016081118,29,0,1.1,124.1,83,1008.7
2016081200,26.7,0,0.9,332.1,96.7,1008
2016081206,29.9,0,1,50.2,82.5,1008.2
2016081212,33.1,0,2.5,145.6,65.2,1005.6
2016081218,29.6,0,1.6,100.1,92.2,1005.4
2016081300,27.3,0,1.1,302.2,97.8,1005.5
2016081306,30.6,0,0.8,29.9,78.3,1005.9
2016081312,34.5,0,2.5,120,62.7,1003.6
2016081318,31.2,0,2,285.3,73.8,1003.8
2016081400,27.9,0,2.1,293.2,79.5,1003.9
2016081406,30.2,0,1.7,316.3,70.3,1004.3
2016081412,33.6,0,2.2,161.3,60.2,1001.9
2016081418,29.9,0,1.2,305,78.8,1001.9
2016081500,27.5,0,1.6,326.6,87.2,1002
2016081506,29.3,0,1.6,350,76,1001.8
2016081512,30.4,0.9,3.2,38.9,76.2,1000.6
2016081518,26.4,0,1.2,358.7,95.8,1001.7
2016081600,26.1,0,1.6,315.7,98,1001
2016081606,26,5.4,1.8,346.6,91.2,1001.9
2016081612,29.1,0,2.5,52.7,73.2,1001.2
2016081618,26.5,0,2,354.5,85.2,1002.3
2016081700,23.6,0,1.3,321.8,97.8,1002.8
2016081706,27.3,0,1,6,81.3,1003.9
2016081712,29.5,0,3.2,70,73.2,1003.1
2016081718,26.8,0,1.4,353.9,87.3,1004.8
2016081800,24.5,0,1.5,334.9,96.5,1005.7
2016081806,27.7,0,1.8,21.9,82.2,1006.5
2016081812,29.9,0,3.4,76.6,66.5,1005.8
2016081818,26.7,0,1.2,22.4,86.8,1006.8
2016081900,24.8,0,1.7,318.4,96.7,1006.9
2016081906,27.2,0,1.8,18.8,84.5,1007.4
2016081912,29.9,0,3.5,66.7,66.7,1006.8
2016081918,26.6,0,1.4,5.7,85.2,1007.5
2016082000,25,0,1,339.6,93.5,1007.7
2016082006,27,0,2.2,2.9,82,1007.8
2016082012,29.7,0,3.2,63.4,65,1006.3
2016082018,26.7,0,2.3,357.2,80.2,1006.1
2016082100,25.9,0,2.4,333.4,83,1005.8
2016082106,27.3,0,2.7,340,81.2,1006.2
2016082112,29.2,0,2.9,26.2,74.2,1005.6
2016082118,26.8,0,2.1,340,85.7,1006.4
2016082200,25.3,0,1.6,326.6,94.7,1006.3
2016082206,27.9,0,2.7,346.6,79.7,1007
2016082212,29.6,0,3.8,63.4,71.8,1005.7
2016082218,26.7,0,1.4,340,84.3,1006.7
2016082300,25.2,0,1.4,330,91.5,1006.9
2016082306,26.5,0,2.1,19.4,85,1007.8
2016082312,28.5,0,4.2,66.7,69.7,1007
2016082318,25.5,0,1.8,1.3,81.3,1007.3
2016082400,23.4,0,1.4,326.6,90,1007.3
2016082406,26,0,1.7,11.9,79.2,1007.8
2016082412,28.7,0,4.4,63.4,63.8,1006.9
2016082418,25.3,0,1.5,343.1,84.3,1007.7
2016082500,22.5,0,0.8,336.6,96.8,1007
2016082506,26.4,0,1.2,32.7,83.3,1006.5
2016082512,31.2,0,2.6,136.8,66.8,1003.5
2016082518,28.4,0,1.8,220.5,85.8,1003.5
2016082600,26.4,0,1.7,308.4,85.8,1003.9
2016082606,23.1,0,3.8,350,85.7,1008
2016082612,20.9,1,3.4,346.8,86.8,1009.7
2016082618,20.1,2.6,3,326.6,90.7,1010.8
2016082700,21.9,0,2.9,343.3,68.2,1010.5
2016082706,22.9,0,3.9,359,61.8,1010.7
2016082712,24.7,0,3.7,31.8,55.7,1008.5
2016082718,23.1,0,3,0,62.2,1007.3
2016082800,20.9,4.7,2.3,346.6,86.3,1004.8
2016082806,18.5,18.5,2.2,346.6,97.7,1003.2
2016082812,19,11.9,3.7,340,98,1000.6
2016082818,18.2,14.5,4,336.7,98,1000.6
2016082900,18,4.4,4.3,335.7,93.2,999.7
2016082906,19.7,0,3.5,336.6,80,1000.1
2016082912,22.9,0,2.7,321.8,62,998.8
2016082918,19.5,0,1.8,313.8,72.3,998.8
2016083000,18.2,0,2.4,270,74.7,996.2
2016083006,21.3,0,2.4,247.1,67.7,993.5
2016083012,24,0,3,246.7,58.2,990.2
2016083018,22.2,0,1.6,215.8,64.8,989.7
2016083100,21.7,0,4,209.9,61.5,989.2
2016083106,23.6,0,5.4,209.9,53.8,990.2
2016083112,28,0,5.3,221.5,32.3,991.7
2016083118,25.6,0,3.7,204.9,47.3,996.5
2016090100,23.6,0,2.6,215,64.8,1000.1
2016090106,25.4,0,3.8,196.7,67.2,1002.9
2016090112,28.7,0,4.9,186.6,60,1003.2
2016090118,25.6,0,3.6,186.6,83.7,1005.7
2016090200,23.1,0.9,1.6,253.8,87.8,1007.3
2016090206,20.7,4.2,1.6,8.1,98,1008.9
2016090212,20,32,1.3,45.1,98,1008.8
2016090218,19.8,45.3,2.2,25,98,1008.3
2016090300,20.5,53,1.8,325.3,98,1007.6
2016090306,21,13.3,1.2,346.5,98,1009.2
2016090312,24.2,0,1.7,31.1,96.2,1009.3
2016090318,23.5,0,1.1,346.6,97.5,1010.2
2016090400,21.8,0,1.8,339.1,98,1010.3
2016090406,23.4,0,2.2,340,95,1010.9
2016090412,24.7,0.2,1.9,343.3,95.7,1010.4
2016090418,23.4,0.2,1.5,336.6,98,1010.8
2016090500,22.5,0,1.7,325.3,98,1009.9
2016090506,22.7,0.7,1.9,336.6,98,1010.3
2016090512,25,0.1,1.5,7.4,93,1009.5
2016090518,23.6,0,1.3,317.6,98,1009.9
2016090600,22.5,0,1.4,295.8,98,1009.7
2016090606,24.9,0,1.6,343.4,90.5,1009.6
2016090612,26.9,0,1.4,129.7,79.7,1008
2016090618,24.4,0,0.5,350.2,96,1007
2016090700,23.2,0,1.2,331.9,96.8,1006.2
2016090706,24.6,0,1.9,330,81.5,1005.9
2016090712,26.5,0,1.3,2.8,75.7,1004.8
2016090718,23.5,0,1.2,342.4,95.3,1005.1
2016090800,20,3.2,2,333.2,98,1005.8
2016090806,21.5,0,2,346.6,83,1006.4
2016090812,25.8,0,2.2,79.5,69.7,1005.9
2016090818,22.5,0,1.3,19.5,89.2,1007.8
2016090900,20.7,0,1.1,332.1,97.3,1008.6
2016090906,22.7,0,1.2,4.1,89,1009.7
2016090912,24.8,0,2.8,70,79.7,1009.2
2016090918,22.8,0,1.2,326.9,94.8,1011
2016091000,21,0,1.1,319.8,98,1011.5
2016091006,22.1,0,0.7,1.4,96.5,1012.7
2016091012,22.8,4.8,1.6,342,98,1012.6
2016091018,22.2,0,1.1,357.7,97.7,1013.7
2016091100,20.2,0,1.1,353.5,97.5,1014
2016091106,21.8,0,1,1.3,92.8,1015
2016091112,24.8,0,2.8,63.4,77.2,1014.5
2016091118,22.9,0,1.6,343.4,91,1015.9
2016091200,21.6,1.5,2,323.3,96.8,1016.5
2016091206,20.2,13.2,2.2,333.2,98,1017.2
2016091212,20.5,10.1,2.1,346.8,98,1015.9
2016091218,20.3,0.4,2.3,318.4,98,1016.5
2016091300,19.3,0,1.9,333.4,98,1017
2016091306,21.3,0,1.9,345.1,90.7,1018.4
2016091312,24.4,0,2.8,48.4,79,1017.8
2016091318,21.8,0,1.5,343.4,90,1018.6
2016091400,19.5,0,2,323.3,97.7,1018.8
2016091406,22.3,0,1.1,15,86.8,1018.7
2016091412,24.8,0,2.7,65.6,75.5,1017
2016091418,22,0,1,22.1,93.3,1017.2
2016091500,20.1,0,0.9,329.8,98,1017.2
2016091506,22.4,0,0.9,54.9,90.2,1017
2016091512,25.5,0,2.2,113.2,77.3,1015.5
2016091518,22.3,0,0.9,327.3,95.2,1016.2
2016091600,21.1,0,0.9,340,98,1015.3
2016091606,22,0.4,0.7,309.4,98,1015.7
2016091612,24.5,0,1.4,346.5,93,1014.5
2016091618,22.4,0,1.6,335.6,96.3,1014
2016091700,20,13.1,2.3,332.1,98,1013.6
2016091706,18.8,45.1,1.5,321.4,98,1012.5
2016091712,20.9,50.5,3.2,19.3,98,1009.5
2016091718,21.7,9.9,3.1,356.7,98,1009.2
2016091800,21,20,2.3,336.7,98,1009.8
2016091806,20.7,0.9,2.8,353.4,96.5,1011
2016091812,21.3,0,3,350,88.2,1010.5
2016091818,20.4,0.2,3,336.7,90.8,1011.3
2016091900,20.6,0,3.2,346.6,85,1011
2016091906,19.8,1.6,3,19.8,93,1011.6
2016091912,21.3,0.7,4,3.3,78.3,1011.2
2016091918,20.7,0,5.1,0,74,1012
2016092000,19.5,0,4.8,0,68.2,1012.1
2016092006,20,0,5.1,0,60.8,1013
2016092012,21.7,0,4.6,0,56.2,1014.6
2016092018,18.8,0,3,326.6,69.8,1017.8
2016092100,18.1,0,2.2,333.4,70.3,1018.6
2016092106,19.3,0,2.5,336.7,73.2,1020.6
2016092112,22.1,0,3.3,37.1,59.3,1019.9
2016092118,19.8,0,2.2,335.6,78.7,1019.8
2016092200,19.3,0,2.5,336.7,81.3,1018.6
2016092206,19.2,0.3,2.2,346.5,90.5,1018.2
2016092212,20,0.3,1.8,349.8,94.2,1017.2
2016092218,18.5,0,1.8,323.3,95.8,1017.8
2016092300,17.5,0,1.8,323.3,98,1017.6
2016092306,19.8,0,1.5,353.2,89,1018.1
2016092312,22.8,0,4,73.3,76.3,1016.4
2016092318,19.8,0,1.4,354.1,93.7,1017.1
2016092400,17.8,0,1.1,357.1,98,1016.7
2016092406,20.9,0,1.5,23.6,85.8,1017.3
2016092412,23.7,0,3,73.4,66.3,1015.8
2016092418,19.2,0,0.8,360,83.8,1016.3
2016092500,17,0,0.9,336.6,92,1016.2
2016092506,20.4,0,0.8,350,78.3,1017.3
2016092512,26,0,1,345.9,51.5,1016
2016092518,21.4,0,0.8,340,76.8,1016.8
2016092600,19.8,0,1.6,321.8,86.8,1016.5
2016092606,21.4,0,0.6,6.3,85.2,1017.2
2016092612,24.8,0,1.2,21.3,86,1015.8
2016092618,22.2,3.1,0.9,339.1,97.8,1016.6
2016092700,21.3,0,0.8,333.1,98,1016.1
2016092706,23.2,0,0.7,10,93.2,1015.9
2016092712,26.9,0.3,0.9,169.7,82.7,1014.2
2016092718,24.4,0,0.2,0,95.3,1014.5
2016092800,23.3,0,1.1,244.2,98,1013.7
2016092806,23.5,0,1.4,333.4,97.5,1013.7
2016092812,22.8,6.4,1.9,343.4,96.5,1013.1
2016092818,20.5,8.4,1.9,346.6,98,1014.3
2016092900,19.4,3.1,2,353.4,98,1015.2
2016092906,18,4.3,2.9,343.3,96.2,1017.9
2016092912,18.9,0,2.3,356.7,81.3,1018
2016092918,18.3,0,1.6,353.5,81.8,1018.4
2016093000,16.4,0,1.3,339.6,94.3,1017.2
2016093006,17.1,1.8,0.6,357.7,98,1016.8
2016093012,18.3,8.9,1.1,331,98,1014.7
2016093018,17.8,1,1,329.8,98,1015.9
2016100100,16.9,2,1.1,326.6,98,1016.8
2016100106,18.1,0,1,346.5,98,1018.2
2016100112,20.2,0,0.7,15.5,97.8,1018
2016100118,19.6,0,1,328.5,98,1018.3
2016100200,18.9,0.2,0.5,346.4,98,1018.2
2016100206,20.9,0,0.6,353.3,93.7,1017.4
2016100212,25.2,0,2,104.6,77,1015
2016100218,22.2,0,0.8,59.3,97,1013.7
2016100300,22.5,0,1.9,209.9,97.7,1010.3
2016100306,25.7,0,3,186.8,83.2,1008.9
2016100312,27.2,0,2.6,228.6,76.7,1008.5
2016100318,23.6,0,1.3,322.7,96.2,1010.8
2016100400,21.8,0,2.7,318.4,98,1013.1
2016100406,23.2,0,2.8,19.3,78.7,1016.2
2016100412,23.7,0,3.4,22.6,75.7,1016.2
2016100418,21.2,0,3.2,14.7,88.2,1016.8
2016100500,20.1,20.7,3.4,3.3,97.2,1012.3
2016100506,20.3,180,5.8,23.2,98,1001.9
2016100512,21.8,65.3,6.2,315,84.2,1002
2016100518,20.7,0,2.2,316.9,88,1013.2
2016100600,17.5,0,1,326.9,97.2,1016.1
2016100606,19.9,0,3,336.7,85.3,1018.7
2016100612,23.6,0,3,54.5,65.8,1019.4
2016100618,20.8,0,2.7,58.4,87.3,1022.3
2016100700,20,0,3.8,83.4,81.3,1023.3
2016100706,20.5,0,3.9,76.6,71.5,1023.5
2016100712,20.2,0.1,2.9,58.7,75.8,1020.5
2016100718,17.8,2.9,1.6,301.8,96,1018.3
2016100800,17.1,12.4,1.4,310.9,98,1014.3
2016100806,18.5,4.1,1.1,329.1,98,1011
2016100812,20.4,1.5,1.7,325,94.7,1008.9
2016100818,17.6,0.1,1.8,333.2,80,1009.8
2016100900,14.4,0,2.8,313.4,68,1012.4
2016100906,13.9,0,3.4,332.3,63,1016.4
2016100912,17.2,0,3.1,0,56.8,1017.2
2016100918,13.2,0,2.4,318.4,76.5,1019
2016101000,12.4,0,2.4,330,79.5,1019.5
2016101006,14.5,0,2.8,343,68.2,1020.3
2016101012,17.6,0,2.8,48.1,69.5,1019.4
2016101018,15.4,0,1.5,325.3,83,1020.2
2016101100,13.6,0,1.3,340,93.5,1019.4
2016101106,14.9,0,2.3,333.4,86,1020.3
2016101112,18.4,0,1.8,346.8,67,1018.3
2016101118,15.4,0,1.6,296.6,84.5,1019.1
2016101200,15.2,0,1.9,325.3,73,1019.4
2016101206,16.6,0,2,359.4,70.5,1021.4
2016101212,20.5,0,2.3,18.2,51,1020.3
2016101218,16.3,0,1.2,328.1,86.5,1021.8
2016101300,14.9,0,0.8,340,95,1021.7
2016101306,17.1,0,0.6,12.6,85,1022.7
2016101312,19.8,0,1.3,100,65.3,1021.7
2016101318,16.2,0,1.1,310.9,91.2,1022.9
2016101400,13.6,0,0.8,340,98,1023.4
2016101406,16.5,0,1.9,355.1,68,1024.8
2016101412,21.1,0,2.2,70,53.5,1023.9
2016101418,16.5,0,0.9,353.6,83.3,1025.4
2016101500,13.8,0,1.3,326.1,93.2,1026.2
2016101506,16.1,0,0.9,40.6,85.5,1026.7
2016101512,20.6,0,2.7,66.7,67.3,1024.9
2016101518,17.6,0,1.2,340,84.8,1024.8
2016101600,15.8,0,1.5,325.3,95.7,1023.5
2016101606,15.8,8.2,0.7,320,98,1022.7
2016101612,16.6,7.6,1.1,346.6,98,1018.9
2016101618,15.9,44.1,1.2,335.6,98,1017.1
2016101700,15.7,0.1,0.4,350.2,98,1015.6
2016101706,18.3,0,1.3,346.6,94.8,1016.1
2016101712,23.1,0,1.4,342.1,76,1015
2016101718,18.8,0,0.8,345.1,96.5,1016.6
2016101800,16.5,0,2.7,323.3,91.8,1018.4
2016101806,17.7,0,2,346.5,86.3,1020
2016101812,21.2,0,2.8,63.4,78.2,1018.9
2016101818,18.7,0,1.8,333.2,85.8,1019.6
2016101900,16.2,0,1.1,332.5,97.2,1019.2
2016101906,17.4,0,1.3,353.5,90.8,1018.7
2016101912,21.8,0,1,192.3,66.8,1016
2016101918,17.1,0,0.7,333.4,94,1016.4
2016102000,16.4,0,2.4,310.4,85.5,1016.6
2016102006,18.4,0,2.3,343.3,67.5,1018
2016102012,21.4,0,3.3,18.2,69.2,1018.8
2016102018,18.5,0,3,55.3,84.8,1021.3
2016102100,17.5,0,2.8,50,76.8,1021.5
2016102106,16.6,0,3.3,58.8,76.7,1022.6
2016102112,16.9,0,2.1,55.3,73,1021
2016102118,16.2,0,1.7,32.3,76.2,1019.9
2016102200,15,0,1.5,332.3,85.8,1017.6
2016102206,16.4,0,1.1,350,87,1015.2
2016102212,19,0,1.9,38.2,72.7,1012.5
2016102218,17.5,0,2.3,343.3,80.5,1013.8
2016102300,17.9,0,2.4,6.6,76,1013.7
2016102306,14.8,2.4,3.7,350,97,1016.2
2016102312,14.5,0,4.1,356.7,76.2,1016.2
2016102318,13.6,0,3.2,343.4,76.3,1018.4
2016102400,13.3,0,2.6,326.6,75.2,1018.5
2016102406,14.8,0,2.3,351.9,66.2,1019.6
2016102412,16.9,0,3.1,66.7,57,1018.7
2016102418,12.8,0,1.2,350.5,78.8,1018.2
2016102500,12.2,0,0.8,351.8,91.7,1014.7
2016102506,16.8,0,2.3,220,82.7,1011
2016102512,20.5,0.5,2.9,212.6,83.2,1008.8
2016102518,16.8,0,1.7,330,90,1013.8
2016102600,13.9,0,1.9,318.7,96.3,1016.3
2016102606,15.7,0,1.7,326.6,86.8,1017.4
2016102612,20.4,0,1.9,327.4,63.3,1016.7
2016102618,16.1,0,1.8,340,72.5,1019.8
2016102700,13.6,0,1.7,329.8,86.2,1021.9
2016102706,15.8,0,2.5,33.4,83.2,1024.5
2016102712,17.3,0,3.4,70,71.3,1023.7
2016102718,16.4,0,2.5,62.3,71.3,1022.9
2016102800,15.9,0.4,1.9,6.6,85.3,1018.5
2016102806,14.7,2.9,2.2,323.3,98,1014.9
2016102812,15.7,3.9,2.6,336.7,98,1011.8
2016102818,15,0,2.5,333.2,93.2,1015
2016102900,13.5,0,2.3,340,83.7,1018.8
2016102906,13.1,0,3.2,340,82.7,1022.6
2016102912,14.4,0,2,343.4,79.8,1023.1
2016102918,11.8,0,2.2,330,90.8,1024.9
2016103000,9.9,0,3.3,333.4,88.3,1025.6
2016103006,9.7,0,3.2,343.3,55.8,1028.2
2016103012,14.7,0,2,0,30,1027.4
2016103018,9.9,0,1.1,326.9,68.2,1027.8
2016103100,8.2,0,0,0,81,1026.2
2016103106,10.4,0,1.7,333.2,70.8,1025.9
2016103112,12.1,0.2,1,350,66,1023.6
2016103118,10.5,0,1.9,330,73,1023.6
2016110100,8.2,0,2.6,326.6,70.8,1024.3
2016110106,5.4,0,3.2,332.1,49,1027.8
2016110112,9.8,0,3.4,340,26.8,1026.4
2016110118,5.5,0,2.2,326.6,45.2,1027.6
2016110200,3.6,0,3.5,340,44.5,1026.9
2016110206,4.5,0,3.5,333.2,39.7,1026.9
2016110212,11.2,0,3.2,305,23.8,1023.8
2016110218,7.5,0,1.6,311.3,49.5,1024.5
2016110300,3.6,0,0.6,322.4,75,1024.5
2016110306,6.7,0,0.3,26.6,75.2,1024.3
2016110312,13.8,0,1.2,294.7,49,1020.8
2016110318,9.3,0,1,335.9,74.3,1020.7
2016110400,7.9,0,1.5,323.1,76.8,1020.1
2016110406,9.6,0,0.2,0,74,1019.8
2016110412,17.6,0,2.4,173.5,35.3,1015.3
2016110418,12,0,0.8,335.4,57.8,1014.9
2016110500,10.1,0,1,322.3,86.8,1014.3
2016110506,12.6,0,1.1,1.1,79.7,1013.8
2016110512,20,0,2.2,235.3,44.8,1011.4
2016110518,14.8,0,0.8,342.8,72.7,1014.8
2016110600,14.7,0,2.8,353.9,83.7,1018.8
2016110606,12.9,0.3,3.5,346.6,96,1024.5
2016110612,12.5,0,1.9,356.6,94.5,1026
2016110618,11.9,1.8,2.1,331.9,98,1027.4
2016110700,11.6,0.3,1.8,325.3,97.2,1027.1
2016110706,13.4,0,0.7,15.5,81.2,1026.2
2016110712,15.1,0,0.8,47.9,69.8,1022.8
2016110718,11.7,0,0.1,0,91.8,1021.4
2016110800,12.5,0,0.2,0,88.5,1018.6
2016110806,12.8,0,2,346.1,79.7,1019.4
2016110812,13.1,0,2.8,346.6,47.3,1019.4
2016110818,8.2,0,1.8,333.4,52.8,1022.8
2016110900,4.4,0,3,336.7,61,1025.2
2016110906,4.8,0,4.2,336.7,65,1027.1
2016110912,11.3,0,2.3,0.9,57.5,1026.3
2016110918,8.5,0,1.4,321.8,73.2,1027
2016111000,7.3,0,1.1,346.9,79.2,1026.2
2016111006,9.2,0,1.3,350,79.2,1024.2
2016111012,11.5,0.7,2.1,18,83.7,1019.2
2016111018,9.7,2.9,2.2,326.6,98,1017
2016111100,7.6,0,1.3,332.1,98,1015.9
2016111106,10.1,0,1,308.7,86,1017.4
2016111112,15.2,0,2,315.7,45.7,1017.5
2016111118,10.9,0,0.9,334.3,58.8,1021.6
2016111200,7.2,0,1.3,314.5,76.5,1023.6
2016111206,9,0,0.4,12.4,76,1024.3
2016111212,18.1,0,2.7,176.9,45.3,1021.2
2016111218,13.5,0,0.8,335.4,71.5,1022.5
2016111300,9.5,0,0.6,342.7,93.8,1023.1
2016111306,11.1,0,0.9,16.7,89.5,1024.1
2016111312,17,0,1,75.9,70,1022
2016111318,15.1,0,1.1,356.6,94.8,1021.8
2016111400,14.8,0,1.4,333.6,97.7,1019.5
2016111406,14.9,0,0.8,343.7,98,1018
2016111412,18.6,0,0.9,305,85.2,1013.9
2016111418,15.8,0,1.2,308.7,93.3,1013.2
2016111500,15.3,0,1.9,325,89.5,1012.9
2016111506,14.7,0,2.9,357.3,60.2,1016.2
2016111512,15.5,0,2.9,9.3,45,1017.3
2016111518,11.1,0,1.3,313.4,75.5,1020.3
2016111600,8.4,0,2.2,330,55.5,1021.8
2016111606,9.7,0,1.5,339.6,47.5,1022.1
2016111612,16.2,0,1.4,315,28.2,1020
2016111618,11.8,0,2.6,343.3,32,1021.3
2016111700,9.9,0,3.4,336.7,35,1023
2016111706,10.2,0,2.3,340,38.5,1024.2
2016111712,14.9,0,2.2,41.3,53.5,1023.5
2016111718,11.4,0,1.6,329.8,81,1024.6
2016111800,9.1,0,1.1,329.8,91.7,1023.4
2016111806,11.8,0,0.6,16.6,85.2,1021.9
2016111812,17.4,0,1.3,133.5,75.3,1017.8
2016111818,12.7,8.4,1.5,313.3,97.5,1016.1
2016111900,12.1,15.3,1.2,329.8,98,1012.2
2016111906,13.9,0,1.1,320.3,96.8,1012.7
2016111912,18.8,0,1.9,323.4,82.3,1011.4
2016111918,15.1,0,1.8,308,96.3,1014.7
2016112000,14.4,0,2.2,318.5,93,1016.5
2016112006,15,0,1.6,346.6,77.2,1018.8
2016112012,17.1,0,2.9,23.9,60.8,1019.7
2016112018,14.1,0,1.5,343.3,75,1021.4
2016112100,11.8,0,1.6,328.8,88.3,1020.8
2016112106,13.4,0,1.6,359.5,81.7,1019.4
2016112112,15.8,0,1.5,40.4,71.7,1016.3
2016112118,13.4,0,1.3,336,84,1016.6
2016112200,10.8,0,1.2,343.1,98,1016.1
2016112206,10.9,0,2.3,324,90,1017.3
2016112212,10.9,0,3.8,325.3,56.2,1017.2
2016112218,6.9,0,3.1,336.6,44,1020.5
2016112300,4.9,0,3.7,340,54.2,1022.3
2016112306,5.6,0,4.2,336.7,60.5,1023.7
2016112312,9.4,0,3.8,330,63.7,1021
2016112318,6.8,0,2.8,340,47.3,1021.2
2016112400,1.9,0,3.4,335,30.2,1022.1
2016112406,1.5,0,3.2,313.8,26.7,1023.9
2016112412,6.5,0,4.2,290,19.3,1022.3
2016112418,2.1,0,2,336.6,35,1024
2016112500,0.3,0,3.1,329.8,47.2,1024.8
2016112506,2.6,0,2.3,333.4,40.2,1026.6
2016112512,7.9,0,2.7,330,36.8,1024.9
2016112518,4.2,0,1,329.8,46.5,1027.2
2016112600,2.1,0,1.5,330,50.8,1027.4
2016112606,2.6,0,0.5,356.7,55.7,1025.1
2016112612,6.2,0,0.6,356.7,55.7,1022
2016112618,3.8,0.6,1.2,340,94.2,1022
2016112700,4.6,0,2.8,336.6,88.3,1020.4
2016112706,4.9,0,2.5,333.4,82.3,1020.1
2016112712,8.9,0,2.8,340,57.2,1018.1
2016112718,5.5,0,1.4,340,74.3,1020.9
2016112800,3.7,0,1.3,342.8,80.7,1022.6
2016112806,4.6,0,1,334.9,78,1025.2
2016112812,9.2,0,3.2,321.8,34.8,1024.4
2016112818,5.5,0,2.1,315,42.7,1026.8
2016112900,2.7,0,2.5,340,46.8,1028.3
2016112906,3.6,0,2.4,321.8,44,1031.5
2016112912,10.3,0,2.4,340,37.7,1031.2
2016112918,7.7,0.4,2.8,326.6,83.2,1032.4
2016113000,8,2.6,2.5,321.5,98,1031.2
2016113006,8.6,9.7,2.2,334.9,98,1029.2
2016113012,10.2,3.9,0.7,344.8,98,1024.3
2016113018,9.9,0.2,1.2,340,98,1021.8
2016120100,8.2,0,1.4,301.3,90.7,1021.2
2016120106,9.5,0,0.8,310.7,77.8,1022.2
2016120112,12,0,2.7,316.8,45.3,1021.5
2016120118,6.1,0,3.4,313.4,31.7,1027.1
2016120200,2.2,0,2,333.4,54.8,1028.9
2016120206,4.3,0,2.5,332.1,38.5,1029.3
2016120212,11.7,0,2.3,314.5,15.2,1026.6
2016120218,7.1,0,3.3,336.7,28.2,1027.1
2016120300,4.3,0,2.7,336.7,39.7,1027.2
2016120306,5.8,0,0.6,342.8,43.5,1027.2
2016120312,14.1,0,0.8,53,39.5,1023.8
2016120318,9.1,0,0.6,334.8,46.8,1022.8
2016120400,5.2,0,0.1,353.6,54.3,1020.3
2016120406,8.1,0,0.6,338.1,48.7,1018.2
2016120412,12.1,0,0.9,343.4,46.2,1015.2
2016120418,9.2,0,2.2,333.2,51.3,1016.4
2016120500,7,0,1.6,321.2,65,1016.6
2016120506,7.1,0,0.6,11.3,75.8,1017.7
2016120512,15.8,0,1.6,226.8,44.2,1014.6
2016120518,12,0,1.8,293.1,56.8,1015.8
2016120600,7.6,0,3.7,299.6,47.7,1019.2
2016120606,3.7,0,2.5,343,35.2,1024.6
2016120612,7.5,0,2.5,308.2,22.2,1023.5
2016120618,3,0,1.6,346.6,32.2,1024
2016120700,0.4,0,2.3,333.2,37,1022.8
2016120706,2.5,0,1.5,340,34.2,1022.2
2016120712,9.2,0,1.3,208.7,40.5,1019.2
2016120718,5.7,0,1.4,333.5,66,1020.9
2016120800,3.7,0,1.9,328.7,79.5,1021
2016120806,4.2,0,1.4,322.3,73,1021
2016120812,11,0,1.7,193.3,35.7,1016.5
2016120818,7.4,0,1.5,323.1,54.8,1016.2
2016120900,6.8,0,1.1,299.5,62.7,1013.6
2016120906,9.3,0,2.5,314.7,59.3,1014.6
2016120912,10.6,0,3.5,320,31.2,1016.2
2016120918,4.9,0,2.3,318.4,42.5,1020.6
2016121000,1.8,0,3.2,336.7,52.8,1022.6
2016121006,1.9,0,3,340,49.2,1024.6
2016121012,8,0,2.1,353.4,22,1022.5
2016121018,3.6,0,1.9,336.6,30.3,1024.2
2016121100,0.9,0,2.9,323.3,38.5,1025.4
2016121106,1.7,0,2.4,346.4,38.5,1028
2016121112,9,0,1,16.1,32.5,1027
2016121118,4.7,0,1.4,336.6,59,1026.6
2016121200,3.2,0,0.7,343.4,65.7,1026
2016121206,4,0,0,0,69,1025.8
2016121212,11.6,0,0.4,13.3,61.2,1021.9
2016121218,9.8,0,0.9,341,75,1021
2016121300,7.3,0,0.6,341,83.5,1019.6
2016121306,8.3,0,2.8,340,73.7,1018.7
2016121312,10.6,0,2.5,340,60.5,1015
2016121318,9.4,0,3.1,336.7,70,1014.2
2016121400,7.1,0,2.3,343.3,70.2,1014.2
2016121406,5.4,0,3.1,343.3,86.8,1016
2016121412,5.6,0,3,346.6,79.8,1016.8
2016121418,2.5,0,2.4,336.7,89.5,1018.7
2016121500,1,0,2.6,330,83.5,1019.4
2016121506,1,0,2.4,320.3,68.8,1019.2
2016121512,3.9,0,5.3,294.9,26.5,1018
2016121518,0.2,0,3.3,316.8,28.7,1020.5
2016121600,-3,0,3,336.7,38.8,1022.5
2016121606,-2.8,0,2.5,346.6,38.3,1025
2016121612,3.3,0,3.9,305.5,16,1024
2016121618,1.5,0,3.1,318.1,25.3,1025
2016121700,2,0,4.4,310.8,55.7,1025.8
2016121706,5.3,0,2.8,313.4,50.7,1028.4
2016121712,9.8,0,2.1,321.4,37.5,1027.3
2016121718,5.2,0,0.2,0,54,1029.5
2016121800,3,0,1.5,314.4,69.7,1030
2016121806,4.7,0,0.8,346.9,70.7,1030.1
2016121812,12.2,0,0.9,3.4,35.3,1027.3
2016121818,7.2,0,1.2,343.4,56.2,1028
2016121900,6.1,0,0.5,353.6,65.3,1027.1
2016121906,7.8,0,0,0,71.3,1026.8
2016121912,10.9,1.8,0,0,88.2,1024
2016121918,10.6,5.4,0.3,355,98,1023.5
2016122000,10.6,2.4,1.6,343.4,98,1022.9
2016122006,9.5,0,3.2,343.3,93.8,1025.3
2016122012,13.9,0,1.9,3.4,70.5,1025.8
2016122018,10.4,0,1.6,321.8,89.7,1028.5
2016122100,8.1,0,0.4,0,98,1028.3
2016122106,8.9,0,0.4,346.9,94.5,1028
2016122112,13.3,0,1.2,347.2,86.3,1023.8
2016122118,12.9,4.7,1.3,318.3,98,1019
2016122200,16.5,34.3,5.8,170,98,1010.5
2016122206,16.6,19.6,3.1,183.3,94.8,1005.8
2016122212,14.2,0,2.7,248.7,62.5,1005.7
2016122218,9.6,0,2.7,321.5,60.3,1010.1
2016122300,6.3,0,1.5,307.1,65.8,1013
2016122306,4.9,0,1.8,285,59.5,1015.2
2016122312,5.4,0,3.4,307.1,49.5,1015.9
2016122318,2.5,0,3.9,327.6,59,1021.1
2016122400,-0.2,0,2.9,351.3,69.5,1024.9
2016122406,-0.1,0,2.7,336.7,69.8,1027.8
2016122412,6.1,0,1.6,356.7,57.5,1027.4
2016122418,4.1,0,1.9,336.6,68.7,1029.1
2016122500,3,0,0.9,353.4,74.3,1029.8
2016122506,4.9,0,0.6,353.4,78.5,1030.3
2016122512,11.8,0,0.9,353.4,68,1027.9
2016122518,9.1,0,1.1,312.3,87,1027
2016122600,8.3,0,1.6,343.4,89,1024.7
2016122606,8.1,0.1,0.5,343.4,83.7,1022.5
2016122612,7,6.5,2.6,336.7,98,1017.7
2016122618,6.6,7.6,3,328.8,98,1014.8
2016122700,4.6,5.6,3.2,336.6,98,1014.1
2016122706,4.2,0.1,4.6,311.5,79.3,1015.4
2016122712,5.8,0,4.2,311.5,47.8,1016.6
2016122718,1.6,0,3.5,333.2,43.3,1021.8
2016122800,-1.3,0,2.7,333.4,56.2,1026
2016122806,-0.7,0,2.2,328.5,54.7,1029.1
2016122812,6.4,0,1.2,22.4,54.3,1027.2
2016122818,3.1,0,1.7,325.3,64.7,1026.4
2016122900,0.9,0,2.6,346.8,42.8,1025.4
2016122906,1.3,0,2.4,342,52.8,1025.5
2016122912,3.8,0,4.6,294.9,28.7,1025.7
2016122918,-0.3,0,2.1,335.6,27.8,1029
2016123000,-2.4,0,3.1,321.8,44.3,1030.7
2016123006,-1.4,0,2.4,346.6,44.3,1032.1
2016123012,4.8,0,2,350,21.3,1029.4
2016123018,2.1,0,1.6,335.5,33.5,1029.2
2016123100,1.6,0,3,313.4,56.2,1028.8
2016123106,3.8,0,2,339.7,57.3,1029.4
2016123112,7.8,0,3.2,290,46.5,1027.7
2016123118,4.3,0,1.8,325.8,66.2,1028.6
2017010100,3.8,0,2.7,323.5,70.2,1028.5
2017010106,5.1,0,0.7,350.3,64,1028.8
2017010112,10.1,0,1.7,64.9,45.8,1026.5
2017010118,6.2,0,1.8,313.4,63,1024.9
2017010200,4.1,0,1.4,334.9,74,1022.5
2017010206,6.9,0,1,329.6,66.5,1022.1
2017010212,12.6,0,3.4,291.6,47.7,1019.7
2017010218,8.6,0,2.2,301.8,67.2,1020.4
2017010300,6.2,0,3.2,321.8,65.5,1020.9
2017010306,4.7,0,2.2,337,58.2,1023.4
2017010312,11.1,0,1.4,323.4,23,1021.3
2017010318,6.2,0,1.8,323.5,34.3,1021.7
2017010400,4.3,0,1.9,336.6,42.7,1021.6
2017010406,4.9,0,1.1,356.6,58.7,1023.3
2017010412,10.7,0,2.5,340,42.2,1021.3
2017010418,6.9,0,1.9,333.4,58.2,1023
2017010500,4.4,0,1.5,329.8,72.3,1024.2
2017010506,5.6,0.2,2,333.2,86.7,1026.2
2017010512,6.7,6.3,2.2,6.5,96.8,1027.2
2017010518,5.5,4.4,2.5,326.4,96.7,1028.9
2017010600,5.8,0.3,2.3,340,79.2,1028.6
2017010606,6,0,1.9,333.4,72.3,1028.4
2017010612,8.4,0,2.4,43.8,54.3,1026.1
2017010618,5.3,0,1.6,329.8,68.7,1025.9
2017010700,2.3,0,0.8,346.8,86.8,1024.3
2017010706,3.4,0,0.9,332.6,85.7,1023.7
2017010712,9.1,0,1.6,0,67.8,1019.9
2017010718,8.6,0,2.1,333.4,75.5,1018.7
2017010800,8.4,0,2.8,333.4,81.7,1016.4
2017010806,8.2,2.1,2.8,323.3,90.5,1014.2
2017010812,9.9,0,2.6,340,83.3,1011.2
2017010818,7.5,0,1,327.2,93,1011
2017010900,6.5,0,1.6,308.7,91.2,1010.3
2017010906,7.1,0,4.7,290,59.2,1012.1
2017010912,8.8,0,3.4,299.9,43.3,1013.3
2017010918,4.8,0,2,330,43.8,1016.7
2017011000,1.7,0,3.1,343.3,57.3,1017.5
2017011006,0.9,0,3.2,346.9,55.2,1019.6
2017011012,4.9,0,4.3,313.4,32,1019.3
2017011018,2.7,0,2.5,310.1,40.2,1021.6
2017011100,-0.9,0,3.5,296.6,42.3,1022.8
2017011106,-2.1,0,2.5,321.1,27.7,1024.9
2017011112,2.2,0,4,297.7,24.2,1021.7
2017011118,1.1,0,2,310.1,43.3,1021.7
2017011200,0.3,0,2.3,331.9,45.3,1020.9
2017011206,0.8,0,1.3,280,53.7,1018.6
2017011212,7.2,0,4.1,253.1,39.3,1012.9
2017011218,3.5,0,1.9,278.1,50,1012.8
2017011300,-0.1,0,2.1,330,29.5,1014.6
2017011306,-0.8,0,1.6,298.6,32.3,1016
2017011312,4,0,4.1,231.2,45.7,1011.7
2017011318,-0.4,0,4.2,310.9,42.8,1014.6
2017011400,-3.1,0,2.2,338.6,51.2,1018
2017011406,-3.7,0,3.8,334.3,42.5,1019.5
2017011412,-1,0,6.4,290,18.8,1018.6
2017011418,-4.7,0,3.7,326.6,25.3,1022.6
2017011500,-7.4,0,2.5,326.6,36,1025.3
2017011506,-5.7,0,3.3,333.4,30.2,1025.8
2017011512,2.5,0,2.9,324.2,15.3,1022.5
2017011518,-0.8,0,2.1,326.4,24.3,1023.5
2017011600,-3.7,0,3.2,321.8,38.7,1024.7
2017011606,-2.9,0,3.2,328.8,39.3,1026.7
2017011612,4.4,0,3.6,333.2,34.7,1025.8
2017011618,1.4,0,1.9,318.4,41.5,1028.7
2017011700,-0.3,0,2.8,333.4,41.3,1030.2
2017011706,0.8,0,0.9,336.6,41.2,1031.3
2017011712,8.2,0,1.5,242.6,28.5,1028.9
2017011718,4.5,0,0.6,341,50.8,1029.7
2017011800,0.8,0,1.3,340,50,1029.4
2017011806,1.8,0,2.1,353.5,49.3,1030.1
2017011812,6.1,0,1.9,6.6,37.3,1027.2
2017011818,3.6,0,1.5,333.4,46.8,1027.4
2017011900,1.1,0,3,330,66.2,1026.2
2017011906,1.3,0,1.5,332.1,67,1025.3
2017011912,8.8,0,0.6,50.6,51.7,1020.6
2017011918,5.3,0,0.6,341,65.5,1018
2017012000,1.6,0,1.3,331.9,71.2,1014.5
2017012006,1.7,0,2.3,274.4,66.7,1013.2
2017012012,2.1,0,5.5,299.9,49,1015.7
2017012018,-1.6,0,2.2,9,56,1023.6
2017012100,-3.8,0,3,333.5,64.7,1026.7
2017012106,-3.3,0,2.6,340,62.2,1028
2017012112,2.2,0,2.2,3.4,34,1024.3
2017012118,0,0,1.3,292.7,43.5,1023.7
2017012200,-0.4,0,1.9,218.4,64.8,1021.7
2017012206,-0.8,0,3.3,299.1,57.8,1022.8
2017012212,0.1,0,4.8,315.1,32.3,1023.2
2017012218,-3.1,0,3.2,305,39.7,1025.4
2017012300,-5.6,0,5.7,290,48,1026.1
2017012306,-5.3,0,4.4,319.2,42.7,1027.1
2017012312,-0.6,0,4.7,299.9,28.3,1026.7
2017012318,-3.1,0,1.9,342.4,33.7,1028.9
2017012400,-5.2,0,3.3,340,43,1029.8
2017012406,-4.2,0,3.7,321.5,42,1031.6
2017012412,1.8,0,3.7,288.2,23,1030.7
2017012418,-1.4,0,2.1,323.3,29.2,1032.7
2017012500,-3.9,0,2.1,332.3,47,1032.7
2017012506,-2.7,0,2.4,332.1,46.5,1033.1
2017012512,5.2,0,2.3,23.9,16.2,1030.4
2017012518,0.4,0,2.9,336.7,26,1030.7
2017012600,-2.7,0,2.8,328.8,41.7,1030.4
2017012606,-1.3,0,2,308.2,35.5,1029.6
2017012612,9.2,0,2.4,185.1,8.5,1024.7
2017012618,6.1,0,2.8,201.5,23.2,1023.2
2017012700,5.9,0,3.4,191.2,28.2,1020.5
2017012706,7.3,0,3.1,264.1,48.2,1021.7
2017012712,8.6,0,3.8,308.1,12.5,1023.1
2017012718,3,0,1.9,339.1,20.3,1025.9
2017012800,0.4,0,3.1,340,27,1026.6
2017012806,1.4,0,2,332.1,24.5,1027.4
2017012812,9.4,0,2.2,125,30.8,1024.6
2017012818,6.3,0,1.2,346.8,58.5,1024.4
2017012900,5.3,0,0.8,324.2,54.5,1021.8
2017012906,6,0.1,1.5,325.3,71.5,1020.5
2017012912,5.6,1.7,1.1,346.4,98,1016
2017012918,5.7,0,1.3,351.9,98,1013.5
2017013000,5.1,0.2,3.1,336.7,93,1013
2017013006,3.5,0,3.6,308.2,61.8,1016.6
2017013012,4.1,0,4.7,313.4,30.8,1020
2017013018,-0.3,0,2.4,336.6,45.2,1025.6
2017013100,-3.1,0,4.1,330,59.8,1027.8
2017013106,-2.1,0,1.9,336.7,55.7,1027.8
2017013112,7.2,0,2,151.8,45.2,1024.1
2017013118,3.5,0,2.7,294.7,42.5,1023.8
2017020100,-0.3,0,3,326.6,29.3,1022.8
2017020106,0.4,0,4,318.4,40.5,1024
2017020112,5.2,0,4.1,290,29.7,1023.4
2017020118,0.9,0,2.4,319.1,29.5,1026.1
2017020200,-2.4,0,2.2,336.6,33.3,1026.6
2017020206,-1.1,0,2.5,343.3,34.2,1027.6
2017020212,7.8,0,4.4,293.2,10.8,1024.1
2017020218,4.3,0,3.9,297.2,17.2,1024.3
2017020300,0.8,0,3.3,346.5,44,1025
2017020306,1.4,0,2.2,339.1,58.3,1026.2
2017020312,8.9,0,2.2,53.7,31.7,1023.1
2017020318,5.3,0,1.2,328.5,41.7,1023.2
2017020400,4.2,0,3.1,315.1,37.7,1022.3
2017020406,5.1,0,1.2,302.8,36.8,1022.4
2017020412,12.4,0,2.7,129.5,26,1017.6
2017020418,10.8,0,2.2,223.4,34.7,1016.7
2017020500,7.4,0,1.7,292.6,82.7,1013.4
2017020506,6.2,2.1,2.5,349.8,93.7,1011.2
2017020512,10.8,0,2.8,319.2,66.5,1007.7
2017020518,5.7,0.3,3.2,309.2,63.2,1010.4
2017020600,3,0,4.9,286.7,51.3,1013.5
2017020606,2.2,0,3.9,322.2,46.8,1016.3
2017020612,5.9,0,3.8,332.1,28.8,1017.8
2017020618,2.2,0,2.2,330,40.7,1022
2017020700,-0.5,0,3.7,330,53.8,1023.7
2017020706,0.2,0,2.6,340,53.2,1025.3
2017020712,7.6,0,1.9,61.3,40,1022.5
2017020718,5,0,1.6,329.6,62.8,1022.4
2017020800,1.9,0,0.8,328.8,75.8,1020.8
2017020806,3.8,0,1,346.5,66.3,1019.1
2017020812,8.8,0,2.1,17.8,40,1014.5
2017020818,4.9,0,2.8,315.1,42.7,1013.7
2017020900,1.4,0,3.9,308.2,51.7,1011.5
2017020906,0.4,0,5.2,302.9,39.7,1010.7
2017020912,2.5,0,6.6,294.9,25.8,1008.6
2017020918,-1.4,0,6,294.9,34.3,1011.2
2017021000,-4.4,0,5.7,305,49.8,1013.1
2017021006,-3.6,0,3.6,310.1,44.5,1014
2017021012,-0.1,0,5.6,290,24.5,1013.4
2017021018,-2,0,3.2,299.9,33.8,1015.7
2017021100,-4.7,0,3.1,316.8,48.2,1018.5
2017021106,-4,0,5.2,299.9,42.3,1020.7
2017021112,2.3,0,4,310.1,29.3,1020.6
2017021118,0.1,0,2.9,299.9,40.7,1023.1
2017021200,-2.5,0,3.5,321.5,55.2,1025.3
2017021206,-0.7,0,4.1,299.9,50,1026.6
2017021212,5.6,0,3.8,301.8,23.8,1025.4
2017021218,2.2,0,2,331.1,30.7,1027.3
2017021300,-0.3,0,1.8,349.8,50.7,1028.5
2017021306,1.2,0,2.8,345.8,43.7,1030
2017021312,7.8,0,3.4,290,20.3,1028.1
2017021318,4.9,0,2,326.6,38,1028.4
2017021400,1.9,0,2.5,336.6,88.2,1029.1
2017021406,2.1,0,2.6,336.6,82,1031.3
2017021412,7.2,0,2.7,357.7,29.8,1030.6
2017021418,3.5,0,0.9,8.7,53.8,1031.7
2017021500,-0.4,0,0.8,328.1,60.8,1031.2
2017021506,2.9,0,1.6,340,45.7,1030.5
2017021512,12.8,0,2.3,272.1,13.7,1026.8
2017021518,8.9,0,2.2,289.7,21.2,1025.9
2017021600,4.3,0,1,334.9,33.5,1024
2017021606,7.7,0,2.1,210.8,41.3,1022.2
2017021612,14.8,0,5.3,204.9,44.8,1018.4
2017021618,13.1,0,3.9,193.6,73.5,1017.5
2017021700,13.2,1.4,2.5,190.2,90.8,1013.9
2017021706,14.7,0,3.8,280,65.5,1013.3
2017021712,13.7,0,4.8,333.2,21,1015.9
2017021718,7,0,2.9,342.9,18.8,1019.3
2017021800,2.1,0,1.9,335,27.3,1020.4
2017021806,0.7,0,2.9,334.3,31.7,1021.6
2017021812,5.4,0,5.1,299.9,15,1020.3
2017021818,2.2,0,2.2,321.8,19.5,1023
2017021900,-0.6,0,2,334.9,43.7,1023.5
2017021906,1.2,0,2,288.1,46.5,1022.3
2017021912,9.6,0,4.7,195,23,1015.7
2017021918,9.3,0.1,2.8,180,64.7,1011.6
2017022000,13.5,0,3.9,218.2,70.3,1005.3
2017022006,10.9,1.2,4.1,301.8,80.3,1005.4
2017022012,9.5,0,5.6,311.5,20.2,1009.7
2017022018,2.5,0,2.7,336.7,39.3,1020.3
2017022100,-1.2,0,2.8,333.4,55.8,1026.8
2017022106,0,0,2.1,336.6,53,1030.4
2017022112,7,0,2.7,56.1,46.7,1029.6
2017022118,4.8,0,1.1,351.6,64.5,1028.9
2017022200,5,0,1,17.6,69.8,1025.2
2017022206,5.3,0,1.8,324.9,81,1021.3
2017022212,5.8,2,0.9,353.4,98,1013
2017022218,6.6,11.5,1.5,332.5,98,1006.1
2017022300,6.1,4.7,2.8,336.6,92.7,1007.8
2017022306,3.5,0,3.8,347.4,71.3,1012.2
2017022312,5.7,0,4.7,302.9,40.2,1013.4
2017022318,2.4,0,2.6,330,45.8,1018.3
2017022400,-1.6,0,1.7,322.3,58,1021.5
2017022406,-0.6,0,3.5,323.3,47.3,1022.6
2017022412,5.8,0,3.7,296.2,22.8,1020.6
2017022418,3.6,0,1.8,302,31.7,1022.1
2017022500,1.8,0,2.3,299.9,53.2,1022.7
2017022506,3.5,0,2,326,52,1022.2
2017022512,8.9,0,3,310.9,22.2,1019.1
2017022518,5.9,0,1.6,287.7,26,1020
2017022600,2.8,0,1.6,337.2,44.5,1021.6
2017022606,3.8,0,2,340,55,1023.2
2017022612,8.5,0,3.1,73.4,46.3,1022.7
2017022618,6,0,1.8,339.6,63.2,1025.1
2017022700,3.2,0,1.7,345,84,1026.3
2017022706,4.5,0.3,1.7,19.3,92.2,1027.2
2017022712,7.7,0,2.5,58.3,73.8,1026.2
2017022718,5.2,0,1.4,317.2,81.7,1026.9
2017022800,2.8,0,0.9,310.9,94.3,1026.6
2017022806,5.4,0,1.2,51.5,79.7,1026.6
2017022812,12.2,0,3.4,153.9,44.5,1022.8
2017022818,8.1,0,1.7,242.9,62.3,1021.9
2017030100,4,0,0.5,342.8,77.2,1021.1
2017030106,6,0,0.7,47.9,70.5,1019.3
2017030112,13.1,0,3.9,150.7,33,1014.2
2017030118,10,0,2.6,212.9,48.7,1011.6
2017030200,4.6,11.1,1.4,303.4,97.8,1008.3
2017030206,4.9,0.1,3,311.5,88.5,1009.6
2017030212,7.5,0,4.6,321.8,61.7,1011.6
2017030218,5.4,0,2.2,305,56.8,1015.7
2017030300,1.3,0,2,320,63,1018.7
2017030306,2.4,0,2.3,328.1,49.5,1020.5
2017030312,10.5,0,2.4,118.5,35.7,1017.8
2017030318,7.2,0,1.4,333,55.2,1018
2017030400,5.2,0,1.3,339.7,52.7,1018.4
2017030406,6.9,0,1.2,356.7,52.2,1019.2
2017030412,13.1,0,3.4,125,37,1016.3
2017030418,8.9,0,1.5,350.3,65,1017
2017030500,5.2,0,0.8,302.3,76,1017.2
2017030506,6.1,0,0.8,346.8,76,1017.2
2017030512,13.6,0,2.4,150,39.5,1012.8
2017030518,10.5,0,2,233.8,54,1011.5
2017030600,7.3,0,2.5,330,55.2,1010.2
2017030606,6.4,0,3.9,310.4,43,1011.5
2017030612,8.2,0,4.3,294.9,19,1011
2017030618,3.9,0,3.7,294.9,23,1014.3
2017030700,-0.2,0,1.3,300.7,39.3,1015.4
2017030706,1.1,0,2.2,274.3,43.7,1015.2
2017030712,5.6,0,4,318.4,23.5,1011.9
2017030718,2.3,0,3.7,310.1,30.5,1013.2
2017030800,-1.5,0,4.5,290,47.3,1014.8
2017030806,0.2,0,4.2,299.9,45.8,1014.7
2017030812,5.9,0,4.1,305,28.3,1011.8
2017030818,3.5,0,2.2,273.3,39.5,1012.5
2017030900,1.8,0,1.7,260,51.7,1011.8
2017030906,3.6,0,3,311.3,41.2,1013.7
2017030912,10.8,0,3.7,243.2,19.5,1010.4
2017030918,9.4,0,2.9,256.6,23.2,1010.5
2017031000,5.2,0,1.8,294.4,36.5,1014.2
2017031006,5.6,0,3.4,310.1,33.3,1018.2
2017031012,11.2,0,2.9,170.5,25.5,1017
2017031018,7.5,0,1.8,1.9,51.3,1019.2
2017031100,4.7,0,1.3,339.6,54.3,1021.4
2017031106,7.6,0,2.5,334.9,28.5,1023.4
2017031112,12.8,0,2.8,80.6,29.2,1022.2
2017031118,8.6,0,1.1,33.2,53.7,1023.2
2017031200,4.9,0,0.6,333.7,68.7,1022.8
2017031206,7.8,0,1,16.9,59,1022.4
2017031212,15.2,0,3.2,135.1,34,1018.3
2017031218,12.6,0,1.9,210.3,39.3,1017.3
2017031300,9.9,0,1.6,313.4,41.3,1016.9
2017031306,9.8,0,2.1,0.4,43.2,1017.5
2017031312,11.3,0,3.9,63.4,54.8,1015.9
2017031318,8.6,0,1.9,40.1,70.7,1016.3
2017031400,7.2,0,1.6,321.5,73.8,1016.2
2017031406,7.9,0,1.4,325,71,1016.4
2017031412,9.6,0,3.1,53.3,62.8,1015
2017031418,5.3,0,3.2,356.7,84,1019.3
2017031500,2.4,0.2,2.4,324.8,91.5,1020.9
2017031506,4.6,0,3.1,343.3,67,1022.8
2017031512,9.9,0,3.5,18,41,1021.7
2017031518,6.4,0,2.4,325,67.7,1022.7
2017031600,3.4,0,0.9,329.6,82,1022.8
2017031606,6.2,0,1.2,342.8,71.2,1022.7
2017031612,11.1,0,3.5,142.1,53.8,1019.6
2017031618,9.2,0,1.8,231.9,63.8,1019.7
2017031700,6.8,0,2,316.8,61.8,1020.9
2017031706,8.1,0,2.1,334.9,37.8,1022.9
2017031712,13.4,0,3.3,111.1,32.7,1021.8
2017031718,9.6,0,1.7,201.3,51.7,1023.2
2017031800,6.4,0,1,340.5,53.5,1024
2017031806,8.6,0,0.9,350,49.2,1024.2
2017031812,14.9,0,2.3,92.5,26.7,1022
2017031818,10.5,0,0.8,16.5,46.5,1022.4
2017031900,8.1,0,1.9,328.8,38.2,1023.7
2017031906,10.9,0,1.9,353.4,30,1025.9
2017031912,14.2,0,4.7,90,48.7,1024.5
2017031918,9.8,0,1.5,4.5,66.7,1025.6
2017032000,5.7,0,0.7,346.8,84.3,1024.8
2017032006,8.4,0,1.2,41.7,82,1022.8
2017032012,12.6,0,1.7,63.4,68.7,1017.8
2017032018,8.8,4.6,2.3,336.7,96,1015.4
2017032100,7.1,3.6,3.7,343.3,97,1012.5
2017032106,8.6,0.3,2.6,330,83.3,1012.5
2017032112,10.7,0,3.8,26.5,68.7,1013
2017032118,5.6,0,2,315.4,84.2,1018.6
2017032200,3.3,0,1.1,330,86.3,1020.2
2017032206,5.7,0,1.1,327.6,71.2,1020.8
2017032212,12.7,0,3.1,159,42.8,1018.3
2017032218,11,0,1.1,247.1,48.3,1019.2
2017032300,8.9,0,1.5,332.1,45.8,1019.2
2017032306,10.4,0,2.4,346.6,35.2,1019.4
2017032312,13.7,0,3.2,83.4,44.8,1017.4
2017032318,9.9,0,2.6,29.1,73.8,1020.1
2017032400,8.5,0,1.8,356.6,65.8,1022.2
2017032406,8.5,0,2.1,57.6,56.7,1022.9
2017032412,9.8,0,2.8,116.6,48,1021.4
2017032418,8.5,0,1.6,68.1,58.7,1021.5
2017032500,8.5,0,1,52.3,63.7,1020.9
2017032506,8.2,0.1,1.6,345.8,75,1020.7
2017032512,10.5,0,3.6,103.4,55.5,1018.6
2017032518,7.9,0,2,359.2,81.8,1019.5
2017032600,5.3,0,2.6,343.3,95.2,1018.8
2017032606,7.3,0,2.2,359,79,1018.1
2017032612,8.6,0,1.8,208.4,76.3,1016.7
2017032618,5.5,3.1,1.2,342.7,98,1017.5
2017032700,4,0,1.9,330,98,1017.6
2017032706,6,0,3,331.9,79.3,1018.7
2017032712,10.1,0,3.2,290.2,51.8,1018
2017032718,5.8,0.4,2,321.8,78.5,1019.9
2017032800,4.8,0,1.6,325.8,71.2,1021.7
2017032806,7,0,1.8,335.8,61.8,1023.4
2017032812,12.9,0,3.3,132.1,39.5,1021.7
2017032818,10.7,0,1.8,230.6,47.7,1021.6
2017032900,7.3,1.1,1.7,291.3,84.3,1023.1
2017032906,8,0,1.7,303.9,85.8,1023.4
2017032912,11.8,0,3.5,193.4,69.2,1021.2
2017032918,10.1,0,1.7,262.2,84.8,1020.4
2017033000,7.7,0,1.4,340,97,1020.2
2017033006,10.9,0,3.1,335.6,62,1020.9
2017033012,16.5,0,4.2,83.4,27,1019.3
2017033018,11.9,0,2.2,35,67,1020.7
2017033100,10.8,0,2.5,18.2,75,1020.7
2017033106,10.1,0,3,6.8,70.3,1019.3
2017033112,9.8,0,2.3,16.7,70.5,1017.5
2017033118,9,0,1.9,346.8,71.3,1017.4
2017040100,7.1,6.1,1.8,340,98,1016.7
2017040106,8.1,2.7,2,357.6,91.8,1016.3
2017040112,8.8,4.3,1.3,70.6,86.5,1014.4
2017040118,6.4,0,1.8,337.9,95,1015.2
2017040200,4.3,0,2.3,326.6,98,1015.9
2017040206,6.9,0,2.9,349.8,81.7,1017.5
2017040212,11.1,0,3.7,61.9,58.3,1017.5
2017040218,8.8,0,1.7,198.5,73.5,1018.2
2017040300,7.9,0,2.2,326.1,62.3,1018.8
2017040306,12.1,0,2.9,356.6,33,1020.8
2017040312,20.1,0,3.7,290.8,19,1019.5
2017040318,16.2,0,1.5,293.1,27,1021.2
2017040400,12.3,0,2,313.8,36.7,1023.2
2017040406,14.2,0,1.2,131.3,37.7,1024.8
2017040412,20.8,0,3.9,155.6,24.8,1021.7
2017040418,17.1,0,2.5,204.9,32.7,1021.9
2017040500,13.9,0,0.7,18.2,42.8,1021.3
2017040506,14.2,1.2,1.7,219.5,54.2,1022.3
2017040512,14.4,1.5,3.1,173.5,91.5,1019.8
2017040518,14.5,4.9,4.6,190,98,1016.8
2017040600,15.4,21.4,6.2,190,98,1013.3
2017040606,16,14.3,4.3,190,98,1012
2017040612,17.1,0.5,2.3,184.8,96.8,1010.5
2017040618,16,0,2.1,237.3,96.2,1010.8
2017040700,13.1,0,2.1,343.3,94.2,1011.8
2017040706,15.7,0,2.1,3.5,72.3,1014.1
2017040712,18.9,0,3.9,70,53.8,1014
2017040718,13.9,0,1.2,19.3,72,1014
2017040800,10.6,0,0.8,355.8,90,1012.8
2017040806,14.8,0,0.9,80,79.3,1012.2
2017040812,21.7,0,2.5,142.1,53.2,1008.3
2017040818,16.8,0,1.6,11.7,73.2,1008.9
2017040900,13.7,0,1.4,15,90.3,1010.2
2017040906,13.4,0,3.4,16.7,84.5,1013.9
2017040912,13.8,0,4.3,35,53.7,1016
2017040918,11.5,0,2.5,16.7,60.3,1017.4
2017041000,10.4,0,1.8,24.9,73,1017.9
2017041006,12,0,3.7,59.8,64.3,1016.7
2017041012,13.3,0,4,35,62,1013.2
2017041018,10.6,0.4,2.5,3.4,89.2,1010.2
2017041100,9.7,5.6,2.8,340,98,1005.7
2017041106,9.6,10,3.3,343.3,98,1004.1
2017041112,14.8,0.2,3.2,322.7,67.5,1002.9
2017041118,12.9,0,1.2,252.9,80.3,1005
2017041200,13,0,2.9,338,54.5,1007.3
2017041206,12.2,0,2.8,10.2,50,1012.9
2017041212,14.6,0,3.6,131.9,57.5,1012.2
2017041218,13.1,0,1.5,250.8,46,1013.6
2017041300,10.5,0,1.5,325.7,35.7,1016
2017041306,12.5,0,1.8,349.4,31.3,1018.1
2017041312,19.1,0,3.5,174.4,35.5,1014.7
2017041318,17.9,0,3,215,45.8,1014.8
2017041400,14.7,0,1.8,242.4,43.2,1016.2
2017041406,17.3,0,3.8,206.6,23.8,1015.3
2017041412,18.9,0,7.8,200,46.2,1012
2017041418,17.2,0,4.6,196.7,66.2,1011.2
2017041500,16.5,0.1,3.2,224.5,63.8,1012
2017041506,18.6,0,1.8,176,58.3,1013.7
2017041512,24.5,0,3,211.3,37,1011.8
2017041518,19.6,0,1.8,259,64.2,1012.8
2017041600,15.9,0,1,355,76,1014.4
2017041606,18.8,0,0.9,80,62.3,1015.5
2017041612,21.1,0,2.1,143.3,55,1013.9
2017041618,17.5,0,0.6,142.4,63.8,1013.4
2017041700,14.6,0,0.6,15.2,81.5,1010.5
2017041706,16,20.6,0.7,61.1,98,1004.7
2017041712,17,11.9,1.6,116.1,98,994.9
2017041718,13.1,8.2,2.3,350,98,996.5
2017041800,12,0,1,346.4,98,1000
2017041806,14.9,0,1.7,180,81.8,1000.8
2017041812,19.8,0,4.8,173.4,57.5,996.5
2017041818,16.5,0.7,3.8,262,55,996.9
2017041900,11.9,0,1.7,13.5,40.2,1002.3
2017041906,13.8,0,2.2,263.9,38.5,1007.2
2017041912,20.1,0,3,313.4,22.8,1007.9
2017041918,16.9,0,1.6,5.8,36,1010.8
2017042000,13.8,0,1.7,333.4,47.7,1012.4
2017042006,15.3,0,1.1,340,45.7,1012.3
2017042012,17.5,0,1.9,160,51.3,1009.9
2017042018,13.5,0,1.3,328,63,1010.2
2017042100,11.6,0,1.8,329.8,73.8,1010.5
2017042106,14.1,0,2,339.6,61,1010
2017042112,18.2,0,3.1,91,42.5,1008.4
2017042118,13.2,0,2,18.4,78,1011.1
2017042200,10.4,0,2,326.6,89,1012
2017042206,12.8,0,2,7.3,76,1012.8
2017042212,15.1,0,3.7,80,57.2,1013.1
2017042218,11.7,0,0.8,27.9,82.3,1015.3
2017042300,8.6,0,0.4,335.5,97.8,1016.4
2017042306,13.1,0,1.3,109.6,76.5,1018.1
2017042312,18.4,0,2.9,146.6,56.3,1017
2017042318,14.7,0,1.5,163.1,76.3,1018.2
2017042400,10.6,0,0.6,326.4,90.3,1019.7
2017042406,15,0,1.2,60.8,67.8,1020.7
2017042412,20.7,0,3.8,156.1,39.2,1018.2
2017042418,17.7,0,3,201.6,46.8,1018.7
2017042500,15.2,0,2.4,215,79.5,1018.6
2017042506,18.6,0,2,224.2,72.2,1019.1
2017042512,22.1,0,4,204.9,52.7,1017.6
2017042518,19.3,0,3.3,209.9,71.3,1017.7
2017042600,16.4,0,2.1,322.8,79.7,1016.5
2017042606,13.7,0.3,1.3,22.4,93,1017.1
2017042612,14.6,0,1.8,142.7,82.8,1014.2
2017042618,13.6,0,1.3,94.3,92.8,1012.8
2017042700,11.1,0,2,336,68.8,1012.4
2017042706,12.8,0,2.6,343.4,42.3,1011.8
2017042712,17.1,0,2.7,127.9,39,1009.6
2017042718,12.8,0,1.5,313.3,65.5,1009.6
2017042800,10.5,0,2,281.5,55,1009.8
2017042806,15.9,0,2.4,285.2,30.7,1007.9
2017042812,23.1,0,4.6,208.5,21.7,1003.2
2017042818,18.6,0,4,200,43.3,1003.2
2017042900,14.8,0,1.8,324.7,39.3,1004.9
2017042906,17.4,0,1.8,332,36.8,1007.5
2017042912,22.7,0,3.2,197.1,29.7,1006
2017042918,20.8,0,4.2,215,30.3,1005.9
2017043000,19.2,0,4.2,230,31.8,1006.6
2017043006,22.2,0,3.8,195,35.2,1007.3
2017043012,27.9,0,5.6,209.9,33.3,1005.3
2017043018,22.9,0,3,200.8,46.5,1007.2
2017050100,17.7,0,1,9.4,70.3,1010.8
2017050106,17.7,0,3,6.6,46,1017.1
2017050112,19.5,0,3.3,61.9,27.8,1018.6
2017050118,14.3,0,1.4,43.2,49.5,1021.1
2017050200,10.4,0,1.3,340,64.7,1022.2
2017050206,15.2,0,1.5,36.9,54.2,1024.2
2017050212,17.8,0,3.3,83.4,42.7,1023.4
2017050218,13.9,0,1.6,43.6,61.5,1023.6
2017050300,11,0,1.3,343.3,62.5,1023.2
2017050306,14.8,0,1.2,196.9,61,1023.2
2017050312,22.1,0,2.7,163.4,47,1020.8
2017050318,17,0,0.9,159.2,86,1021
2017050400,13.6,0,0.4,353.6,98,1019.8
2017050406,18.3,0,1.5,144.9,82.5,1018.8
2017050412,21.5,0,3.4,143.3,65,1015.9
2017050418,18.6,0,1.7,169.8,85.8,1015.6
2017050500,17.4,0.1,1.1,251.8,92,1014.8
2017050506,19.2,0,1.4,237.1,86,1014.9
2017050512,22.6,0.4,3.1,201.5,72.8,1012.8
2017050518,19.2,4.2,2.1,217.4,92.7,1011.9
2017050600,18,0,1.8,322.9,86.3,1011.5
2017050606,18.2,0,2.4,343.3,46.7,1014.8
2017050612,22,0,2.8,270,25,1013.3
2017050618,19.6,0,1.6,275.1,23,1013
2017050700,15.7,0,1.2,320.7,27.2,1014.3
2017050706,17.8,0,1.8,225,35.8,1013.7
2017050712,26.6,0,4.9,280.2,19,1009.2
2017050718,22.7,0,2.2,281.5,18.7,1010.3
2017050800,18.9,0,3.9,305,19.2,1012.3
2017050806,21.3,0,2.5,343.4,24.7,1013.1
2017050812,26.9,0,1.8,287.2,24.8,1011.3
2017050818,22.1,0,1.2,334.2,40.3,1012.1
2017050900,19.8,0,1.9,352.8,49.7,1012.3
2017050906,16.2,3.9,1.9,223.6,78.5,1015.3
2017050912,14.4,5.4,2.5,130,98,1011.7
2017050918,13.9,5.6,1.5,66.6,98,1008.5
2017051000,13.9,0,1,328.8,98,1007.2
2017051006,16.1,0,1,347.8,93,1008.2
2017051012,20.5,0,2.2,286.7,68,1008.2
2017051018,18.1,0,1.8,294.7,72.3,1010.8
2017051100,14.4,0,1.1,297.6,83,1012.2
2017051106,17.4,0,1,23.1,79.2,1011.1
2017051112,25.9,0,2.5,244.9,49.5,1009.8
2017051118,22.3,0,1,270.3,61.5,1011.7
2017051200,18.5,0,0.5,93.4,85.3,1011.4
2017051206,18.7,0.2,1.4,45.1,95.2,1011.3
2017051212,18.3,5.6,1.1,224.2,97,1011.6
2017051218,15.7,0.4,1.1,31.4,98,1008.7
2017051300,14.2,0,0.9,335.6,98,1007
2017051306,18,0,1.4,5,85.8,1006.8
2017051312,20.2,0,3.5,166.9,76.8,1005.4
2017051318,20.7,0,2.8,217.3,64,1004.5
2017051400,16.5,0,1.5,293,44.2,1007.2
2017051406,19.2,0,2.1,215.6,39,1008.2
2017051412,24.6,0,3.9,250,25.2,1006
2017051418,19.9,0,2,310.1,31.3,1008.5
2017051500,15.2,0,1.9,288.2,38.3,1011.2
2017051506,17.3,0,2.9,271,39.2,1011.7
2017051512,22.7,0,3.9,313.4,31.2,1009.5
2017051518,19.5,0,1.8,317.4,42.3,1010
2017051600,13.9,0,1.6,340,84.7,1011
2017051606,17.4,0,2.4,7.6,65.7,1010.9
2017051612,19,0,2.1,77.6,59.2,1009.3
2017051618,16.8,0,1,87.7,75.3,1009.3
2017051700,14.6,0.2,1,346.8,90.8,1009.5
2017051706,17.4,0,1.9,353.5,81,1010.5
2017051712,19.3,0,2.7,100.4,70.5,1010.8
2017051718,16.5,0,0.9,311.9,83.5,1012.8
2017051800,13.6,0,0.6,339.1,98,1014.2
2017051806,19.8,0,1.8,345,65.7,1015.1
2017051812,24.8,0,2.5,135.9,44.8,1013.8
2017051818,21.2,0,1,90,56.8,1014
2017051900,19.6,0,1.8,301.3,54.8,1014.9
2017051906,23.6,0,2.5,320.3,28.8,1015.6
2017051912,29.8,0,3.2,315.7,20.8,1012.7
2017051918,25.1,0,2.8,263.5,39.8,1012.8
2017052000,21,0,2,301.8,39.8,1013.8
2017052006,23.9,0,1.6,315.3,32.2,1014.7
2017052012,27.4,0,2.1,166.5,36.8,1012.3
2017052018,23.6,0,1.8,263.5,42.2,1013.2
2017052100,19,0,1.4,267.2,56.8,1014.2
2017052106,22.7,0,1.5,316.3,49.2,1014.8
2017052112,26.3,0,2.3,138.4,40.5,1012.3
2017052118,20.6,0,0.7,350.6,65.5,1013.2
2017052200,17.5,0,1,306.6,74.2,1014.2
2017052206,21.8,0,2.1,35,60.5,1014.9
2017052212,24,0,3.2,94.3,52,1013.5
2017052218,17.5,0,0.9,334.3,88.8,1013.9
2017052300,15.4,0,0.5,302,98,1013.4
2017052306,19.2,0,1.3,264.7,80.2,1012
2017052312,24.1,0,2.4,142.3,57.3,1009.2
2017052318,22.3,0,1.5,282.7,64.3,1008.8
2017052400,19.7,0,1.4,307.3,78.2,1008.1
2017052406,20.4,0,1.8,58.1,78,1008.5
2017052412,19.5,0.3,2.7,72.8,84.7,1007.6
2017052418,18.2,0,0.9,342,90.2,1008
2017052500,15.9,0,1,325,98,1007.2
2017052506,22.1,0,1.8,321.7,68,1005.5
2017052512,26.7,0,3.4,158,42.8,1001.6
2017052518,21.7,0,3.7,135,53.8,1001.7
2017052600,13.1,0,1.5,357.2,87.2,1005
2017052606,16,0,1.3,237.1,69,1006
2017052612,17.5,0,3.1,135.7,66.8,1007.1
2017052618,14.8,0,1.7,40.5,79.3,1010.3
2017052700,12.1,0,0.9,320.7,94.8,1011.2
2017052706,16.9,0,1.3,109.6,74.5,1012.2
2017052712,22.1,0,3.6,130.1,49.5,1011.1
2017052718,17.8,0,1.9,126.6,74.5,1012.7
2017052800,14.3,0,1,325,92.2,1013.1
2017052806,20.6,0,1.3,100.2,58.8,1013.6
2017052812,25.7,0,2.8,153.2,39.8,1010.6
2017052818,21.4,0,2.5,191.5,56.3,1009.8
2017052900,18.2,0,0.6,10,71.3,1010.6
2017052906,24.2,0,1.7,12.6,52.7,1011.8
2017052912,27.9,0,2.6,154.9,41.7,1009.2
2017052918,21.8,0,0.6,339.4,71.5,1009.7
2017053000,21.4,0,1.2,350,68.2,1010.1
2017053006,25.9,0,1,318.5,48.8,1010.1
2017053012,31.1,0,1.7,157.1,29,1008
2017053018,23.8,0,0.6,305,53.7,1007.2
2017053100,20.1,0,1,305,73.2,1005.3
2017053106,23.3,0,1.6,341.1,61.2,1004.7
2017053112,26.9,0,2.3,153.2,51.2,1001.1
2017053118,22.3,0,1.2,155.9,73.7,1000.3
2017060100,20.1,0,1,265.8,88.2,999.9
2017060106,23.7,0,1.5,162.2,74.5,999
2017060112,27.8,6.8,2.1,155,61.3,995.8
2017060118,16.7,6.6,1.5,0.4,95.7,998.9
2017060200,14.8,0,2.1,343.4,94,1001.9
2017060206,18.1,0,1.4,171.2,73.8,1003.3
2017060212,19.9,0,3.7,103.6,57,1004.4
2017060218,16.3,0,1.6,75.7,76,1006.5
2017060300,14.6,0,0.8,327.8,87.5,1006.9
2017060306,19.9,0,1.5,303.1,59.3,1006.5
2017060312,22.1,0,3.2,103.1,50.3,1006.1
2017060318,17.6,0,1.7,25.3,62,1008.8
2017060400,13.4,0,0.7,346.8,90.7,1009.6
2017060406,19.5,0,1.1,302.4,63.3,1010.2
2017060412,22.1,0,4.6,86.7,42.2,1010.4
2017060418,18.5,0,1.1,1.3,48.5,1012.5
2017060500,14.7,0,1,334.9,63.8,1013.9
2017060506,19.1,0,2.2,36.5,65.2,1015.5
2017060512,20.8,0,4.8,83.4,59.2,1016.5
2017060518,17.3,0,1.8,28.7,82.7,1018.6
2017060600,14.9,0,1.5,321.8,93.8,1018.3
2017060606,17.5,0,1.1,23.5,82.2,1017.8
2017060612,18.9,0,1.7,110.2,81.8,1015.3
2017060618,18.3,0,1.5,148.5,90.8,1013.5
2017060700,18,1.6,3.4,190.2,96,1010
2017060706,18.1,5.4,3,173.4,98,1006.1
2017060712,23.5,0,3.2,193.4,80.7,1002.5
2017060718,21.9,0,2.3,235.1,79.2,1004.1
2017060800,18.9,0,3.2,310.1,71.5,1006.2
2017060806,20.8,0,3.7,302.9,61.5,1008.5
2017060812,25.6,0,2.2,185.2,43,1007.9
2017060818,20.2,0,0.8,63.2,77.7,1008.4
2017060900,19.1,0,1.1,311.3,72.3,1008.2
2017060906,23.4,0,1.4,306.7,49,1008
2017060912,29.8,0,2.5,181.9,29.8,1004.8
2017060918,24.9,0,3.4,217.9,47.2,1005.3
2017061000,20.3,0,1,277.4,68,1006.1
2017061006,23.5,0,2,35,55.2,1006.7
2017061012,22,0,3.4,66.7,36.2,1007
2017061018,19,0,1.3,20.7,42,1008.1
2017061100,17.9,0,1.2,330,52.2,1007.5
2017061106,19.6,0,2.3,42.4,62.5,1007.9
2017061112,21.6,0,4.9,86.7,47,1008.7
2017061118,18,0,1.9,22.8,69.2,1012.3
2017061200,16.1,0,1.8,330,82.3,1014.2
2017061206,18.7,0,2.2,29.1,70.3,1016.1
2017061212,19.4,0,4.5,76.6,62.5,1016.1
2017061218,16.9,0,1.9,41.5,78,1016.7
2017061300,16,0,1.2,340,84,1016.8
2017061306,18.2,0,1.5,94.3,71.5,1016.2
2017061312,21.2,0,2.7,149.8,60.5,1013.7
2017061318,16.6,2.8,1.6,340,92.8,1013.9
2017061400,15.8,0,1.3,316.8,98,1012.1
2017061406,20.1,0,2.1,1.3,80.2,1011
2017061412,24.7,0,3,135.1,52.7,1008.5
2017061418,20.5,0,1,158.4,77,1007.8
2017061500,19.8,0,2,301.4,63.7,1007.1
2017061506,24,0,2.9,346.6,45.3,1006.5
2017061512,29.5,0,2.5,112.5,31.3,1005
2017061518,23.4,0,1.3,26.8,59.5,1007.6
2017061600,18.3,0,1.3,350,93.2,1010.3
2017061606,20.1,0,2.3,50.2,78.3,1012
2017061612,21.7,0,4.7,90,66.7,1011.8
2017061618,18.2,0,2.1,58.1,86,1012.6
2017061700,16,0,0.9,336.7,95.7,1012.9
2017061706,20,0,1.3,112.6,77.7,1012.4
2017061712,23.4,0,2.5,136.3,64.8,1010.5
2017061718,19.5,0,1.5,121.9,83.7,1010.8
2017061800,17.1,0,0.4,353.4,97.5,1010.6
2017061806,21.6,0,1.3,170.5,79,1010.4
2017061812,24.6,0,2.7,160,68.2,1009
2017061818,21.7,0,1.2,138.3,80.8,1009.7
2017061900,18.8,0,0.6,350,95.5,1009.5
2017061906,24.6,0,1,180.3,68.8,1009.1
2017061912,28.9,0,2.4,143.3,47.2,1007.1
2017061918,23.5,0,0.6,0,70.7,1007.3
2017062000,20.8,0,0.3,0,79.8,1007.5
2017062006,23.9,0,1.1,159.5,64.2,1007.3
2017062012,24.1,0,2,135.7,75.2,1005.6
2017062018,20.7,7.6,1.7,147.7,91.2,1004.7
2017062100,18.6,1.3,2,347.6,98,1002.6
2017062106,22.5,0,2.7,350,76.8,1004.7
2017062112,24.5,0,3.5,115.7,55.3,1006
2017062118,21.8,0,2.5,184,77.2,1007.9
2017062200,19.5,0,1.2,294.9,87.8,1008.5
2017062206,23.9,0,1.4,70,71,1008.4
2017062212,26.6,0,2.5,150,61.7,1007.3
2017062218,22.5,0,1.1,132.1,82.8,1007.6
2017062300,20.4,0,0.9,316.9,88.5,1007.7
2017062306,24.8,0,1.3,59,70.2,1007.3
2017062312,27.5,0,2.7,148.8,58,1006.4
2017062318,23,0,1.2,164.4,77.7,1006.4
2017062400,20,0,0.9,329.6,96.3,1005.9
2017062406,24,0,1.1,141.1,71.7,1004.9
2017062412,26,0,2.1,156.7,61.7,1002.5
2017062418,22.7,0,1.4,105.5,91.5,1001.7
2017062500,21.4,0,1.3,0.4,96.5,1001.7
2017062506,23.4,0,2,32.6,79.2,1001.8
2017062512,24.9,0,2.4,105.8,71,1002.5
2017062518,21,3,1.1,74.2,98,1004.8
2017062600,20.2,0.3,1.1,346.6,98,1006.2
2017062606,21.4,0,1.4,5.5,95.5,1007.8
2017062612,23.2,0,2.8,90,83.8,1008
2017062618,21.5,0,1.4,56.9,93.7,1009.4
2017062700,20.1,0,1.1,347.6,98,1010.1
2017062706,21.7,0,1.2,354.9,88.3,1011.1
2017062712,25.3,0,2.2,111.3,63.7,1010.3
2017062718,22.5,0,1.4,125,85,1011.3
2017062800,19.8,0,0.8,339.1,98,1011.6
2017062806,24.1,0,1.2,50,77.3,1012.2
2017062812,27.5,0,2.5,160,63.5,1011.6
2017062818,23.2,0,1.2,83.1,92.7,1012.5
2017062900,21.1,0,0.5,350.2,98,1012.6
2017062906,23.6,0,1.2,232.2,83.3,1013
2017062912,25.8,0,2.1,158.1,68.3,1011.5
2017062918,23,1.9,1.3,185,84.8,1010.2
2017063000,20.8,1.2,1.5,266.3,98,1009.5
2017063006,24.8,0,1.4,226,86.2,1008.8
2017063012,30.2,0,3.3,197.1,59,1006.9
2017063018,26.9,0,2.1,194.7,77.2,1006.9
2017070100,25.4,0,1.9,209.4,87.7,1006.9
2017070106,26.6,0,2.5,185.8,82.5,1007.5
2017070112,30,0,2.8,229.8,62.3,1006.7
2017070118,27.4,0,3.6,196.7,76.3,1007.8
2017070200,26.3,0,3.7,204.9,79.7,1008.6
2017070206,28.3,0,3,196.7,74.7,1009.1
2017070212,27.1,16.6,3.8,196.7,89.7,1008.4
2017070218,27.3,0,4.4,204.9,82.8,1008.4
2017070300,26.8,0,3.4,190,84,1007.5
2017070306,26.9,0,2.8,183.4,82,1006.9
2017070312,28.9,0,5.5,196.7,73.5,1006.6
2017070318,27.7,0,3.4,204.9,75.7,1007.1
2017070400,25.9,0,2.2,184,86.8,1006
2017070406,24.1,1,0.8,135,96.8,1005.4
2017070412,26.5,13.2,1.8,169.4,86.5,1004.8
2017070418,23.1,4.7,0.3,3.3,98,1007.5
2017070500,22.6,0.9,0.6,340.6,98,1008.9
2017070506,23.2,0,1,38,96.5,1010.8
2017070512,26.1,0,1.8,130.2,82.2,1010.8
2017070518,23.8,0,1,153.4,89.3,1011.6
2017070600,22.4,0,0.8,354.9,98,1011.5
2017070606,24.5,0,1,240.3,93.2,1012
2017070612,27.5,0,2.6,148.9,82,1010.1
2017070618,25.1,0,1.2,141.8,91.2,1010
2017070700,23,0,1.2,337.2,97.8,1010
2017070706,26.5,0,1.3,155,85.2,1010
2017070712,27,1,2.5,204.9,92.8,1009.4
2017070718,26.8,0,2.6,200,91.2,1008.9
2017070800,25.5,0,1.5,173.1,97.7,1007.8
2017070806,27.3,0,2.2,186.8,87,1008.1
2017070812,27.4,1.7,1.8,220.4,87.8,1007.5
2017070818,27.5,0,2.3,218.9,87,1007.4
2017070900,25.4,0.4,1.2,283,96,1008.1
2017070906,27.5,0,1.6,125,85.5,1008
2017070912,31.2,0,1.9,148.5,69.3,1005.7
2017070918,26.8,0,1.5,160,89.5,1005.8
2017071000,26.9,0,2.8,196.7,90.2,1004.3
2017071006,26.9,0,2.6,172.3,91,1004.3
2017071012,28.3,0,3.8,196.7,85.5,1004.2
2017071018,27.4,0,3.8,193.4,90.5,1004.5
2017071100,26.8,0,4.3,190,90.2,1003.7
2017071106,28,0,2.3,221.6,73.8,1006.1
2017071112,29.3,0,3.8,204.9,70.5,1007.7
2017071118,26.9,0,1.5,226.8,79.7,1008.2
2017071200,24.9,0,1.9,302.9,90.2,1009
2017071206,29.1,0,1.8,321.1,67.5,1009.6
2017071212,31.9,0,2.3,141.8,56.8,1007.6
2017071218,29.6,0,2.2,271.1,66.2,1007.4
2017071300,25.5,0,1.4,314.3,87,1007.9
2017071306,28.8,0,1.9,257.4,71.2,1007.8
2017071312,30.8,0,2.2,149.8,62.3,1005.2
2017071318,27.5,0,0.7,92.4,74.3,1005.3
2017071400,26.3,0,1,287.3,85.5,1006.5
2017071406,29.1,0,1.8,232.3,73.2,1007.5
2017071412,33.1,0,2.6,191.5,57,1006.6
2017071418,27.1,0,2.3,321.7,74.3,1008.8
2017071500,26,0,0.8,303.6,84.5,1008.9
2017071506,28.7,0,3,200,76,1009.8
2017071512,30.5,0,4,204.9,65.8,1010.1
2017071518,28.1,0.1,2.9,226.3,80.3,1011.1
2017071600,27.4,0,2,204.9,79.5,1011.2
2017071606,28.9,0,1.9,305,70.2,1011.9
2017071612,33.4,0,3,260.2,49.2,1010.9
2017071618,29.9,0,1.5,279.3,73.7,1010.9
2017071700,27.2,0,1.8,265.9,83.3,1012
2017071706,29,0,2.2,243.4,67,1011.9
2017071712,33.2,0,2,285.5,52.3,1010.3
2017071718,27.1,0.3,1.8,301.6,78.2,1011.1
2017071800,25.4,0,1.1,270.2,84.5,1010.3
2017071806,28.3,0,1.4,140,73.8,1009.7
2017071812,31.4,0,2.1,301.8,57.2,1007.5
2017071818,29,0,1.6,310.4,70.2,1007.2
2017071900,25.5,0,1.7,307.1,88.5,1007
2017071906,28.5,0,1.8,340,74.7,1007
2017071912,31.3,0,2.7,138.4,62.5,1005.5
2017071918,27.2,0,1.3,137.6,84.2,1006
2017072000,25.2,0,0.3,0,94.5,1006.6
2017072006,28.8,0,1.5,170.5,74.3,1007.4
2017072012,31.3,0,3.1,140,68.5,1005.7
2017072018,27.6,0,0.7,123.9,85.2,1006.8
2017072100,26.2,0,0.3,353.4,94,1007.5
2017072106,30.5,0,1.4,180.3,75.8,1008.4
2017072112,34.4,0,1.8,129.8,55.2,1006.9
2017072118,29.4,2.5,1.7,278.7,86.5,1008.3
2017072200,28.7,0,1.5,296.6,86.2,1009.3
2017072206,31.2,0,1.1,133.5,74.7,1010.2
2017072212,29,0,2.7,102.2,77,1009.2
2017072218,24.2,1.1,1.2,18.8,97.2,1009.8
2017072300,23.9,0,0.8,285,98,1007.8
2017072306,27.5,0,1.1,10,90.5,1006.4
2017072312,32.8,0,1.9,235.3,62.5,1003.9
2017072318,30.6,0,1.9,259.8,74.8,1003.6
2017072400,27.7,0,0.4,355.8,89,1003.1
2017072406,28.4,0,0.9,132.1,82.2,1003.2
2017072412,28.6,15.4,2,173.1,81.2,1002.4
2017072418,26.1,1.6,0.9,325,98,1002.4
2017072500,25.6,0.3,0.6,346.4,98,1001.7
2017072506,26,0.2,1.7,358,98,1002.3
2017072512,24.9,29.9,2.6,0,98,1004.2
2017072518,24.4,0,2.2,356.7,92.7,1006.6
2017072600,24.2,0,2.7,6.6,89.7,1007.8
2017072606,25.5,0,2.8,26.6,79.7,1009.1
2017072612,27.3,0,3.4,73.4,56.8,1008.8
2017072618,23.4,0,2.2,350,76,1009
2017072700,21.3,0,1.9,323.3,91.8,1009.2
2017072706,24.2,0,1.8,38.4,81.3,1009.5
2017072712,28.8,0,2.6,76.6,50.8,1007.9
2017072718,24.3,0,1.5,13.5,79.2,1008.8
2017072800,21.4,0,0.7,336.6,98,1008.9
2017072806,25.9,0,1,93.4,74.3,1008.8
2017072812,30.2,0,2.2,163.4,62.5,1007.6
2017072818,26.7,0,1.2,57.6,80,1008.3
2017072900,24.7,0,1.1,346.6,93,1008.2
2017072906,23,11.2,1.5,41.5,97.8,1009.3
2017072912,23.4,0,2,58.5,97.2,1008.9
2017072918,22.8,0,1.5,333.2,97.7,1009
2017073000,22.4,0,1,321.8,98,1008.5
2017073006,24.5,0,1,29.6,91.2,1008.7
2017073012,28,0,1.2,153.2,78,1007.2
2017073018,25.8,0,0.8,86.6,88.5,1007.8
2017073100,24.2,0,0.5,346.9,97.7,1008.3
2017073106,26,0.1,1.2,39.5,95.2,1009
2017073112,26.5,0.7,2,43.7,96,1009.2
2017073118,25,1.7,0.7,17.6,97.2,1010.3
2017080100,24.6,0,0.9,346.8,98,1010.2
2017080106,26.1,0.8,1.6,359.4,94.8,1010.8
2017080112,27.9,0,2.9,73.4,83,1009.7
2017080118,24.8,0,1.2,27.6,94,1010.5
2017080200,22.7,0,1.3,336.6,98,1010
2017080206,24.1,0,1.2,6.8,95.3,1009.8
2017080212,27.8,0,3,65.6,74.7,1007.9
2017080218,24.9,0,2,17.7,86.7,1007.8
2017080300,23.4,0,1.8,336.7,94.5,1007.2
2017080306,26.1,0,2.4,28.7,85.5,1007.1
2017080312,28.8,0,3.9,86.7,72.7,1005.9
2017080318,26.1,0,2,24.3,89.7,1006.6
2017080400,24.8,0,1.3,343,94.8,1006.7
2017080406,27.4,0,2,20.8,86,1006.9
2017080412,31.3,0,3,70,70.5,1005.3
2017080418,28.3,0,1.5,22.6,78.5,1005.2
2017080500,25.5,0,1.3,343.1,92.3,1004.8
2017080506,28.5,0,1,354.2,83.5,1004.7
2017080512,32.3,0,2.9,90,68,1002.9
2017080518,28.3,0,1.9,28.7,84.3,1002.6
2017080600,26.2,0,1.3,350.2,94.2,1002.4
2017080606,29.4,0,2,11.9,80,1001.7
2017080612,32.9,0,3.1,76.6,60.8,999.2
2017080618,29,0,1.7,5.8,70.8,998.5
2017080700,26.8,0,2.4,332.1,89.5,998.1
2017080706,29.3,0,3.3,340,75.7,998.2
2017080712,31.6,0,3,44.9,68.5,997.2
2017080718,27.7,0,1.2,80,86.5,998.8
2017080800,25.3,0,1.5,287.7,96.5,999.5
2017080806,28.3,0,2,341.6,74.8,999.7
2017080812,32.8,0,2,126.1,55.3,998.3
2017080818,28.9,0,1.5,351.8,81.8,998.7
2017080900,26.5,0.2,1.3,316.8,91.8,998.1
2017080906,26.6,6,1.5,29.5,95.3,997.1
2017080912,27.4,0,2.1,54.9,93.8,996.3
2017080918,25.7,5,1.5,322.3,98,997.6
2017081000,24.8,5.1,1.1,343.4,98,997.7
2017081006,26,0.1,2.1,340,97.7,998.7
2017081012,26,3.5,2.5,332.3,92.3,999.2
2017081018,23.8,5,2.5,340,98,1001.2
2017081100,23.2,0,1.4,325,98,1003.2
2017081106,25.8,0,2.4,350,87.7,1005.1
2017081112,28.8,0,2.9,43.8,70.5,1005.6
2017081118,24.9,0,2.5,353.4,81.8,1008.1
2017081200,22.6,0,1.3,336.6,94.3,1009.6
2017081206,24.9,0,2.7,353.4,80.5,1011.1
2017081212,26.5,0,2.4,46.8,73.2,1010.7
2017081218,23.9,0,2.1,346.5,82,1011.8
2017081300,22.7,0,2.1,333.4,88.8,1011.3
2017081306,24.5,0,2.5,19.7,79.5,1011.7
2017081312,25,0,2.4,11.4,81.3,1010.9
2017081318,23.9,0,1.8,356.6,86.3,1010.5
2017081400,22.9,14.6,2.1,353.5,95.7,1009.3
2017081406,22.6,12,1.5,15.8,98,1008
2017081412,23.1,7.4,2.3,29.6,98,1006.2
2017081418,23.1,0,2.2,6.8,96.7,1005.8
2017081500,23.1,0.3,1.8,326.4,98,1004.7
2017081506,23.7,0.6,1.6,327.6,98,1004.8
2017081512,25.2,0.3,0.9,16.5,97.5,1003.7
2017081518,24.1,0.2,1,331.3,98,1003.6
2017081600,23.4,0,1.5,350,98,1003.7
2017081606,24.4,0,2.5,353.2,94.3,1004.8
2017081612,26.7,0,3.2,353.4,84.3,1004.9
2017081618,24.2,0,2.5,336.7,94,1006.2
2017081700,23.3,0,2.1,333.4,97,1007.2
2017081706,24.7,0,2,350,90.3,1007.9
2017081712,27,0,2.5,18.2,80,1007.3
2017081718,23.9,0,2,345.9,93.2,1009
2017081800,22.7,0,0.7,343.4,98,1009.8
2017081806,24.9,0,0.9,340,89.8,1011.3
2017081812,27.3,0,1.9,118.4,79,1010.7
2017081818,24.8,0,1.1,34.7,90.5,1011.9
2017081900,23.2,0,1.1,343.4,97.5,1012.4
2017081906,25.1,0,1.9,36.7,88.3,1013.2
2017081912,27.2,0,3.3,86.7,77.5,1012.2
2017081918,24.7,0.6,1.4,0.9,92.5,1012.6
2017082000,23.8,0,1.2,355,98,1011.7
2017082006,25.7,0,1.4,65.3,90.7,1011.9
2017082012,27.4,0,2.7,100,80.7,1010.2
2017082018,26,0,1.1,95.8,93.2,1010
2017082100,25.3,1.1,1.4,270.3,98,1009.3
2017082106,27.7,0,3.1,203.2,88.5,1009
2017082112,28.2,2.1,3.3,183.4,87,1008.2
2017082118,27,0,2.6,204.9,79.3,1009.3
2017082200,26,0,1.9,212.9,88.8,1010.3
2017082206,27.6,0,1.6,147.5,86.5,1012
2017082212,28.6,3.3,2.8,215,85,1012.3
2017082218,27.5,0,2.2,233.6,87.5,1013
2017082300,25.9,0,0.6,311.7,97.8,1013.7
2017082306,29.5,0,2,167.2,80.8,1013.3
2017082312,33,0,4.1,215,61.3,1011
2017082318,29.7,0,3.3,200,75.3,1011.3
2017082400,28.5,0,2.8,204.9,82.7,1009.9
2017082406,30.3,0,3.7,209.9,74,1008.5
2017082412,33.3,0,5.3,225.1,59.7,1004.8
2017082418,30.1,0,3.8,206.6,73.7,1005.4
2017082500,28.7,0,1.9,238.1,76.8,1005.5
2017082506,25.6,1.6,2.2,356.6,90,1007.5
2017082512,29.2,0,2.2,124.2,62.2,1006.8
2017082518,25.1,0,0.9,350.6,72.8,1007.9
2017082600,23.2,0,2.1,313.4,73.5,1009.4
2017082606,24.3,0,1.6,346.6,54.8,1012
2017082612,28.2,0,2.3,38.2,40.7,1012.1
2017082618,23,0,1.3,10.2,68.3,1014.1
2017082700,19.7,0,1.3,323.3,81.2,1015.3
2017082706,24,0,1.3,36.6,63,1016.3
2017082712,27.2,0,3.2,73.4,43.7,1014.6
2017082718,22.7,0,1,11.5,69.2,1014.6
2017082800,19.5,0,1.2,325,82.7,1013.4
2017082806,24,0,1,63.1,67.2,1012.7
2017082812,29.2,0,2.8,145.3,56.7,1009.7
2017082818,27.5,0,1.8,188.2,71.5,1009.6
2017082900,26.4,0,1.9,184.9,80.5,1008.8
2017082906,25.8,0,2.3,0.3,82.5,1011.5
2017082912,26.2,0,3.7,80.2,66.5,1011.3
2017082918,22.3,0,1.6,4.7,85,1012.1
2017083000,20.6,0,2.2,328.8,87.2,1012.3
2017083006,21.3,0,2.6,346.6,57.8,1012.7
2017083012,25.3,0,2.5,6.6,57,1010.4
2017083018,21.4,0,2.5,340,56.2,1011.3
2017083100,18.9,0,2.7,340,71,1011.2
2017083106,21.5,0,3.5,346.4,65.2,1011.4
2017083112,25.4,0,3.9,63.2,49.7,1009.9
2017083118,21.8,0,2.5,350,63.3,1011.2
2017090100,20.6,0,3,340,71.7,1010.7
2017090106,22.1,0,3.8,3.4,67.5,1012.5
2017090112,23.9,0,3.7,29.9,54,1012.2
2017090118,20.1,0,2.3,350.2,66.8,1013.1
2017090200,17.5,0,2.4,330,83.3,1012.5
2017090206,21.1,0,2.7,1.3,71,1013.1
2017090212,24,0,3.2,60,56.3,1012
2017090218,21.1,0,2.7,356.6,67.5,1013.3
2017090300,18.8,0,2.3,326.6,81.7,1014
2017090306,21.4,0,2.2,6.3,72.8,1015.3
2017090312,24.5,0,4,83.4,58.7,1014.9
2017090318,21.1,0,1.5,355.6,78.7,1016.5
2017090400,19.4,0,1.5,350,88.8,1016.3
2017090406,21.2,0,1.9,0.9,84.5,1016.7
2017090412,25.1,0,3.6,70,65,1015.2
2017090418,22.5,0,1.3,359,80.5,1015.2
2017090500,20,0,0.9,350.2,93.8,1014.2
2017090506,22.4,0,1.3,346.8,87.8,1013.1
2017090512,24.1,0,1.5,20.7,83.7,1010.5
2017090518,21.5,0.4,1.4,340,97.5,1009.9
2017090600,20.9,0.1,0.8,335.6,97.7,1008.7
2017090606,21.5,0.8,0.9,319.3,97.5,1008.2
2017090612,24.7,0,1.1,350.2,88,1006.4
2017090618,20.7,21.9,2,346.6,98,1006.8
2017090700,18.2,6.1,2.3,340,97.3,1005.7
2017090706,19.6,0,1.8,342.9,96.2,1006.4
2017090712,23.8,0,1.4,343.4,74.3,1005.9
2017090718,22.2,0,0.9,320.8,84.2,1007.8
2017090800,19.3,0,1.2,307.9,97.3,1009.3
2017090806,22.6,0,1.9,340,80,1010.8
2017090812,27.2,0,1.8,85.7,59.7,1009.8
2017090818,23,0,0.7,9.4,82.8,1011.1
2017090900,19.9,0,0.8,331.9,96.3,1011.8
2017090906,23,0,1,343.9,82.2,1013
2017090912,28.1,0,1.6,150.6,55.5,1011.5
2017090918,23.8,0,1.4,218,82.3,1013
2017091000,20.5,0,0.8,343.4,96.7,1013.9
2017091006,22.6,0,1.3,17.2,84.8,1015
2017091012,26.1,0,2.6,83.4,68.8,1014
2017091018,23.4,0,1.1,21.3,81.3,1013.3
2017091100,22.1,2.7,1.4,330.5,93.5,1010
2017091106,21.1,89.9,2.3,326.2,98,1005.3
2017091112,21.7,11.9,1.8,353.4,98,1003
2017091118,21,0,1.2,356.6,98,1006.6
2017091200,20.6,0,1.4,321.8,98,1009.2
2017091206,22.9,0,1.6,335.5,81.5,1012
2017091212,26.5,0,2,110.2,62.7,1012.2
2017091218,22.2,0,1.1,80,87.2,1014
2017091300,20.1,0,2,305,74.2,1015.6
2017091306,21.1,0,2.4,356.7,54.7,1017.8
2017091312,25.4,0,2.8,48.4,44.2,1017
2017091318,20.6,0,2.3,343.8,74.8,1019
2017091400,17.3,0,0.9,0,93.2,1019.3
2017091406,20.5,0,2,19,82,1019.8
2017091412,24.5,0,3,65.6,56,1018.5
2017091418,21.1,0,2.2,0,72,1019.5
2017091500,21.1,0,2.5,17.3,69.5,1019.6
2017091506,22.5,0,4.6,80,57,1020.6
2017091512,22.6,0,3.9,46.8,53.5,1018.8
2017091518,21.2,0,2.9,23.2,61.8,1017.8
2017091600,21.4,0,3.2,43.4,68.3,1016.1
2017091606,22.1,0,2.7,45.1,71.5,1015.3
2017091612,22.9,0,3.7,43.4,72.7,1012.2
2017091618,21.2,2.5,3.9,16.7,91.8,1010.8
2017091700,21.6,5.2,3.2,16.7,96.8,1007.6
2017091706,21.3,8.6,2.8,15,98,1005.7
2017091712,20.8,4.7,4.4,346.6,98,1002
2017091718,19.8,0.1,4,350,91.3,1003.9
2017091800,17.5,0,1.1,332.1,95.7,1006.3
2017091806,20.5,0,1.1,341.3,82.7,1008.7
2017091812,25.9,0,1.8,325,54.2,1007.6
2017091818,22.5,0,1.6,242.7,79,1008.4
2017091900,18,0,0.9,354.9,93,1009.4
2017091906,20.8,0,0.9,63,75.3,1010.8
2017091912,27.5,0,1.9,252,49.7,1009.1
2017091918,24.3,0,2.7,231.1,74.8,1009.9
2017092000,23.4,0,2.5,257.7,71.8,1009
2017092006,23.1,0,1.4,278.9,71,1009.3
2017092012,24.3,0,2,333.4,40.5,1010.3
2017092018,19.1,0,1.6,336.6,56,1012.7
2017092100,15.7,0,1.1,338.6,75,1014.2
2017092106,19.9,0,1,9.5,68.5,1014.9
2017092112,23.3,0,2.5,108.2,59.7,1013.6
2017092118,19.5,0,1.3,35,85.3,1014.1
2017092200,17,0,0.9,350.2,97.3,1013.7
2017092206,19.4,0,1.3,356.6,87.3,1013.5
2017092212,24.7,0,2.2,80.2,63.8,1011.5
2017092218,20.2,0,0.9,357.1,93,1012.6
2017092300,17.6,0,0.8,336.6,98,1014.4
2017092306,19.9,0,1.6,338.7,80.5,1015.8
2017092312,25.3,0,1.1,302.3,50.7,1015.2
2017092318,21.2,0,1.1,358.9,77.8,1015.9
2017092400,17.9,0,0.9,351.9,88.8,1016.1
2017092406,20.2,0,1.1,103,80.8,1016.5
2017092412,26,0,1.8,145.4,58,1013.9
2017092418,21.1,0,0.9,350.3,79.7,1015.1
2017092500,19.2,0,1.1,353.2,87.5,1014.7
2017092506,22.6,0,1.9,356,78.5,1015.2
2017092512,25.6,0,3.6,80.2,65.3,1014
2017092518,21.5,0,1.6,339.6,85.7,1015.2
2017092600,18.6,0,0.9,6.6,95.2,1014.8
2017092606,21.5,0,1.3,27.6,87.5,1014.9
2017092612,25,0,2.4,86.7,56.8,1012.3
2017092618,20.7,0,0.8,344.8,87.3,1011.8
2017092700,19.7,2.1,1.3,326.1,94.7,1009.2
2017092706,18,15.9,2.9,343.4,97.8,1006.7
2017092712,18.9,5.1,3.8,343.3,97.3,1003.3
2017092718,18.5,0,4,343.3,97,1005.5
2017092800,19.3,0,3.2,346.6,93.3,1006.5
2017092806,20.4,0,2.8,6.6,78.3,1009.3
2017092812,22.5,0,2.2,86.3,62.8,1008.7
2017092818,19.1,0,2.9,243.6,84.5,1010.3
2017092900,15.7,0,1.8,354.3,60.8,1012.8
2017092906,16.4,0,2.8,339.6,43.5,1016.8
2017092912,20.9,0,1.9,35,29.2,1017.1
2017092918,16.5,0,1.1,319.7,54.8,1019.2
2017093000,13.1,0,0.9,0.6,59.7,1020.8
2017093006,17.2,0,1.8,339.6,48.8,1023.2
2017093012,24.3,0,1.9,150,33.3,1021.8
2017093018,18.4,0,1.5,281.7,59.8,1022.2
2017100100,14,0,0.4,336.3,74.5,1021.5
2017100106,16,0,0.5,1.3,73.8,1020.7
2017100112,22,0.1,1,33.3,70.8,1017
2017100118,19.3,3.4,0.9,33.5,94.5,1015.4
2017100200,19,21.5,3.1,173.4,97.3,1011.9
2017100206,20.5,7.2,2.1,280,97.2,1008.4
2017100212,22.7,0,3.5,356.7,87.7,1007.5
2017100218,20.4,0,3,336.7,93.8,1011.2
2017100300,19.2,0,2,343.3,85.7,1013.3
2017100306,20.3,0,2.4,353.4,82.2,1016
2017100312,20.2,0,2.6,16.7,79.2,1017.3
2017100318,18.1,0,2.3,353.2,86,1019.3
2017100400,17,0,2.1,343.3,91,1020.6
2017100406,17.9,0,2.6,3.4,79.2,1022.8
2017100412,19.3,0,2.7,43.4,62.7,1023
2017100418,17.2,0,1.5,346.6,68.3,1024.7
2017100500,16.2,0,1.8,336.6,75.3,1024.7
2017100506,18.5,0,3.8,78.6,66,1024.8
2017100512,18.5,0,2.7,45,63.5,1023.4
2017100518,16.8,0,1.9,333.4,75.7,1023.1
2017100600,15.3,0.2,1.8,351.7,95.3,1021.1
2017100606,16.2,14.4,1.3,346.6,98,1020.3
2017100612,19.6,1.6,2,353.5,98,1016.2
2017100618,19.1,0,1.4,343.4,98,1015.7
2017100700,18.4,0,1.8,340,98,1016.7
2017100706,19.9,0,2.3,346.8,92.7,1018.9
2017100712,22.1,0,1.9,13.4,81.8,1019.5
2017100718,19.8,0,1.7,346.6,94.7,1021.2
2017100800,19.2,0,1.8,332.3,97.7,1022.2
2017100806,20.5,0,1.1,7.8,90.2,1023.3
2017100812,24,0,2.1,100.4,73,1021.8
2017100818,20.2,0,0.8,359.2,95,1022.6
2017100900,18.2,0,0.5,350.2,98,1022.7
2017100906,21.5,0,0.9,236.2,86.5,1023.3
2017100912,26,0,2.3,146.4,64,1019.8
2017100918,21.5,0,0.7,350.5,85.3,1019.6
2017101000,19.5,0,0.9,333.2,97.5,1019
2017101006,22.8,0,1.8,349.8,81,1019.3
2017101012,25.7,0,2.2,65.7,68.3,1017.9
2017101018,21.9,0,1.2,23.7,92.3,1018.5
2017101100,21.1,0,1.6,217.9,97.3,1016.4
2017101106,23.2,0,1.4,224.2,84,1015.7
2017101112,23,0,1.2,322.4,82,1014.7
2017101118,19.9,0,2.3,353.4,81.8,1017.2
2017101200,17,0,2.7,346.6,78.3,1018.4
2017101206,16.5,0,3.4,343.3,85,1018.9
2017101212,15.6,4.4,3,346.6,95.7,1017.5
2017101218,14.2,6.8,1.6,336.7,98,1018.3
2017101300,13.6,0,2.7,336.7,98,1018.2
2017101306,13.8,0,3.1,343.4,83.8,1019.8
2017101312,19,0,2.7,353.6,41.3,1018.5
2017101318,14.9,0,1.4,332.6,55.5,1020.6
2017101400,13.3,0,2.2,350,63,1021.5
2017101406,14.4,0,2.7,343.3,60.5,1023.8
2017101412,18.6,0,3.2,13.6,58.2,1023.1
2017101418,15.3,0,2.3,336.7,67.8,1024.9
2017101500,14.8,0,1.8,336.6,70.8,1025.6
2017101506,15.5,2,2.3,346.4,78,1027
2017101512,17.2,0.4,2.7,35,75,1025.8
2017101518,17.6,0,2.8,43.8,59.7,1027.1
2017101600,17.5,0,2.2,14.7,66.8,1026.2
2017101606,18,0,2.2,31.6,68.3,1026.4
2017101612,18.2,0,2.5,10,60.3,1024.4
2017101618,16.3,0,2,336.7,67.7,1024.6
2017101700,14.1,0,1.7,343.4,84.3,1024.2
2017101706,16.5,0,2.6,350,81.5,1024.5
2017101712,19.4,0,2.6,48.4,67.2,1023.2
2017101718,17.6,0,2.7,16.7,64.8,1024.1
2017101800,17.1,0,2.4,38.2,58,1024.1
2017101806,17.8,0,4.2,73.3,63,1024.3
2017101812,17.2,0,3,58.5,65.5,1022.3
2017101818,16.6,0,2.4,7.9,63.2,1021.7
2017101900,16.2,0,2.7,343.3,65.8,1019.6
2017101906,17.1,0,2.2,4.1,67.7,1018.9
2017101912,16.6,0.8,3.2,351.6,83.3,1017.5
2017101918,14.7,0.1,3,336.7,95.7,1018.1
2017102000,14.8,0,2.8,340,92.3,1018.2
2017102006,16.6,0,2.3,353.2,84.2,1018.6
2017102012,19.8,0,3.1,29.6,61.5,1017.5
2017102018,16.4,0,1.9,356.6,74,1018.4
2017102100,14.4,0,2.1,335.7,88.5,1017.6
2017102106,16.9,0,3.6,353.1,77.3,1017.5
2017102112,19.8,0,4,29.9,59.5,1016.2
2017102118,17.6,0,3.5,0,68.8,1015.1
2017102200,17.9,0,4.4,0,71.2,1012.4
2017102206,18.4,0,5.8,0,66.2,1010.8
2017102212,19,0,7.2,13.4,59.8,1008
2017102218,16.8,0.2,6.7,0,65.7,1007.6
2017102300,13.6,0,5.2,343.3,70.3,1010.1
2017102306,13.8,0,4.1,353.4,54.8,1015
2017102312,15.5,0,3.1,13.4,50.8,1017.6
2017102318,13,0,2.3,332.1,66,1020.7
2017102400,10.2,0,0.6,341,82.7,1022.7
2017102406,12.9,0,1.5,357.1,73.5,1024.2
2017102412,15.9,0,1.8,34.1,57,1023.2
2017102418,11.8,0,1.8,291.6,87.5,1024.6
2017102500,8.5,0,0.8,310.9,95.3,1024.6
2017102506,11.6,0,1.6,351.7,79.3,1025.4
2017102512,18.3,0,1.6,12.6,40.8,1023.2
2017102518,12.9,0,0.9,348,65.8,1023.8
2017102600,9.7,0,0.9,336.6,84.5,1023.1
2017102606,12.4,0,0.7,142.4,82.2,1023
2017102612,18.5,0,1.5,76.2,61.2,1020.1
2017102618,14.6,0,1.1,338,87.2,1020
2017102700,12.9,0,1.1,313.8,96,1019.5
2017102706,15.3,0,1.7,359.7,81.2,1019.9
2017102712,19.9,0,2.6,49.8,63.5,1018.8
2017102718,17.2,0,2,349.8,83.2,1020
2017102800,16.1,0,2.3,336.6,84.8,1019.9
2017102806,18.1,0,2.4,356.6,78,1020.3
2017102812,18.6,0,2.9,6.6,79.7,1019.1
2017102818,18,0,2.6,0,80.5,1018.4
2017102900,16.7,0,2.4,346.8,84.3,1015.2
2017102906,17.3,0,3.5,353.4,72,1012.5
2017102912,20.8,0,3.5,326.6,42.7,1009.3
2017102918,13.8,0,4.3,313.4,39.8,1013.9
2017103000,7.9,0,2.1,340,47.7,1019.6
2017103006,8.6,0,2.9,346.6,41.8,1023.6
2017103012,14.6,0,2.2,354.9,33.2,1022.4
2017103018,9.9,0,2.5,343.1,34.3,1023.7
2017103100,6.9,0,2.2,339.6,40,1024.9
2017103106,9.3,0,2,350.4,36.5,1025.7
2017103112,17.5,0,1.5,143.7,28.2,1023
2017103118,11.6,0,1,322.3,43.8,1022.8
2017110100,8.2,0,1.5,331.1,53.8,1022.2
2017110106,12.1,0,2.4,332.1,46,1022
2017110112,19.6,0,1.5,232.9,29.2,1019.1
2017110118,13.9,0,1.6,325.7,58.7,1019.7
2017110200,10.9,0,1.1,318.4,76.5,1019
2017110206,14.2,0,1.9,331.9,71.8,1018.7
2017110212,18.9,0,1.4,115,54.2,1016.2
2017110218,14.7,0,1.1,315,75.3,1017.1
2017110300,12.7,0,1.5,328.4,81.8,1017.5
2017110306,15,0,1.8,338.7,76,1018.1
2017110312,20.5,0,2.4,207.4,52.5,1015.8
2017110318,14.9,0,3.2,320,64.5,1018.3
2017110400,8.9,0,4.2,332.1,51.2,1021.3
2017110406,8.6,0,3.6,350,53.7,1025.5
2017110412,12.4,0,2.4,353.4,58.7,1026.9
2017110418,8.8,0,1.5,316.3,75,1028.1
2017110500,7,0,2.7,321.8,71.5,1028.2
2017110506,8.6,0,2.5,350,54,1028.9
2017110512,15.2,0,1.8,129.8,41.7,1026.4
2017110518,10,0,0.9,311.9,67.5,1026.3
2017110600,8.1,0,2.2,313.4,57.3,1025.1
2017110606,10.9,0,1.6,27.7,55.2,1025.2
2017110612,18.9,0,1.8,144.4,33.7,1021.4
2017110618,13,0,1.5,323.1,49,1021.8
2017110700,10.7,0,1.9,312.6,66.7,1022.3
2017110706,13.3,0,2,339.6,65.2,1022.7
2017110712,19.2,0,2.2,168.5,52.5,1019.5
2017110718,17.4,0,2.2,220.1,72.3,1019.2
2017110800,16.8,0,1.4,252.2,88.5,1017.3
2017110806,17.2,0,1.2,328.1,85.8,1016.7
2017110812,21.1,0,3.7,315.1,27.8,1015.4
2017110818,14.7,0,2,342,32.3,1018.8
2017110900,10.9,0,2.9,340,43,1021.4
2017110906,11.3,0,2.3,340,49,1024.3
2017110912,17.2,0,1.6,56.7,47.8,1023
2017110918,13,0,0.7,19.9,78.3,1023.8
2017111000,9.9,0,0.9,335.6,93.7,1021.6
2017111006,12.9,0,1.8,342.1,83.7,1018.4
2017111012,20.4,0,4.9,215,52.8,1011.7
2017111018,17.5,0,3.8,275.5,51.3,1010.4
2017111100,10.1,0,4.2,320,41.8,1014.9
2017111106,7.6,0,3.3,357,31.5,1019.4
2017111112,11.6,0,2.3,6.8,27.8,1019.3
2017111118,7,0,1.4,325,53.2,1021.1
2017111200,4.8,0,1.5,338.7,54,1021.8
2017111206,6.7,0,1.5,353.6,53.3,1022
2017111212,14,0,1.7,208.4,27.3,1019.5
2017111218,9.2,0,1.3,356.3,48.2,1020.2
2017111300,5.6,0,1.1,333.1,62.5,1019.4
2017111306,8.4,0,1.2,20.9,59.7,1018.8
2017111312,16.3,0,2.3,193.4,38.5,1015.2
2017111318,12.1,0,1.2,336.6,50.2,1016.2
2017111400,9.6,0,1,306.4,61.2,1016
2017111406,13.1,0,2.6,304.5,44.3,1017.7
2017111412,15.8,0,2.7,330,27.2,1015.8
2017111418,10.2,0,2.3,332.1,38.7,1017.4
2017111500,6.6,0,2.3,326.6,41.5,1019.3
2017111506,7.6,0,1.6,211.9,47.8,1019.9
2017111512,11.9,0,3.5,290.2,32,1017.8
2017111518,6.1,0,2.1,343.4,38.7,1021.7
2017111600,3,0,1.4,340,52.2,1023.4
2017111606,3.5,0,2.6,336.6,55.2,1025.5
2017111612,9.3,0,1.7,337.6,23.8,1022.5
2017111618,5.3,0,1.4,332.1,37.8,1023.6
2017111700,3.7,0,1.9,336.7,40.3,1023
2017111706,5.8,0,0.8,36.6,42.8,1022
2017111712,13.9,0,2,165.9,46.7,1017.3
2017111718,11.1,0,1.3,330,58.5,1016.2
2017111800,9.7,0,1.8,333.4,57.5,1014.2
2017111806,6,0,3.2,346.6,49,1016.5
2017111812,7,0,3.7,346.5,23.2,1016.4
2017111818,1.3,0,2.4,346.5,28,1020.4
2017111900,-0.7,0,4,338.6,30.5,1022.6
2017111906,0.3,0,3.9,325.3,23.3,1026.5
2017111912,5,0,3.2,315.7,25.3,1024.9
2017111918,3,0,1.3,342.1,32.2,1024.9
2017112000,3.1,0,3,302.9,40.3,1024.8
2017112006,3.8,0,2.7,342.8,43.2,1025.1
2017112012,7.8,0,2.5,339.6,24.7,1023.8
2017112018,4.5,0,1.5,281.4,35.7,1025.8
2017112100,3.3,0,1.9,305.5,58,1027.3
2017112106,3.7,0,1.2,350,65.8,1027.9
2017112112,11.5,0,2.7,170,33.7,1024.1
2017112118,7.4,0,2.2,222.6,66.7,1023.3
2017112200,3.8,0,1.1,349.6,81.7,1021.4
2017112206,6.2,0,0.9,356.4,60.5,1019.6
2017112212,12.4,0,2,219.5,39.5,1015.4
2017112218,9.8,0,1.5,311.5,53.2,1015.7
2017112300,5.1,0,3.3,333.2,36.2,1018
2017112306,3.7,0,2.5,316.8,30.2,1020.3
2017112312,7.3,0,3,293.2,27.5,1018.8
2017112318,2.5,0,1.1,336.8,49.5,1021.6
2017112400,0.6,0,1,335.8,60.5,1022.5
2017112406,4.1,0,1.8,259.3,61,1023.1
2017112412,8.1,0,4.3,270,38.5,1021.9
2017112418,3.1,0,1.9,343.4,57.8,1026
2017112500,0.2,0,1.3,343.4,66,1028.8
2017112506,2.1,0,0.6,341.1,60.2,1030
2017112512,9.6,0,4,204.9,36.3,1025.3
2017112518,8.7,0,2,193.2,66.5,1023.9
2017112600,10.9,0,2,223.8,66.5,1022.2
2017112606,11.1,0,1.2,353,62,1021.9
2017112612,13.9,0,2.8,333.7,45.8,1021.4
2017112618,8.6,0,2.3,336.7,66.3,1025.3
2017112700,5.8,0,1.8,336.6,69.8,1026.4
2017112706,7.4,0,1.1,29.7,69.2,1027.2
2017112712,14.1,0,1.8,72,61.7,1024.6
2017112718,10.4,0,0.7,348.4,82.2,1024.4
2017112800,7.8,0,0.7,346.8,96,1022.6
2017112806,12.4,0,1.4,185.5,68.2,1022.2
2017112812,18.5,0,3.6,223.4,54,1019.7
2017112818,14,0,2,300.5,64.7,1020.5
2017112900,9.8,0,1.4,329.6,70.7,1020.5
2017112906,11.1,0,2,336.6,66.7,1022.6
2017112912,14.4,0,2.7,321.8,36.7,1020.9
2017112918,10.8,0,2.7,346.6,34.2,1021.8
2017113000,7.9,0,3.4,340,32.8,1021.2
2017113006,5.9,0,3.8,343.3,25.5,1022.3
2017113012,8,0,3.2,306.2,14.3,1021.7
2017113018,3.5,0,2.9,310.1,18,1024.8
2017120100,-0.6,0,4.1,326.6,20.7,1026.5
2017120106,0.1,0,3.5,340,29.8,1028.7
2017120112,4.4,0,3.8,340,14.5,1027.9
2017120118,0.3,0,1.5,331.7,22.8,1030.6
2017120200,-2.1,0,0.9,337.1,42.7,1030.3
2017120206,2,0,1.9,340,46.8,1029.9
2017120212,7.3,0,1.7,311.5,35.8,1026.7
2017120218,4,0,1.3,332.4,43.7,1026.6
2017120300,0.7,0,0.6,8.5,57.3,1026.2
2017120306,3.7,0,0.9,320.2,55.2,1026.1
2017120312,12,0,2.1,138.3,45.3,1021.8
2017120318,8.3,0,1.2,316.8,57.3,1022
2017120400,6.6,0,1.4,310.1,65.8,1020.3
2017120406,7.6,0,2.2,336.6,62.8,1019.1
2017120412,8.6,0,3.6,318.4,39,1016.8
2017120418,1.3,0,4.6,318.4,28.5,1019.5
2017120500,-1.4,0,4.3,315.1,48.3,1019.4
2017120506,-1.8,0,4,321.8,29.7,1020.7
2017120512,1.9,0,3.7,318.4,23.3,1019.8
2017120518,-0.4,0,2.5,315.1,36.2,1022.2
2017120600,-2.7,0,1.7,342,50.3,1023.2
2017120606,-0.6,0,1.6,1.3,49.5,1024.3
2017120612,7.1,0,2.2,322.8,38.2,1023.1
2017120618,2.8,0,1.4,314.7,49.5,1024.1
2017120700,0.9,0,0.6,325.3,66.5,1022.7
2017120706,4.5,0,1.7,358,62.7,1021.3
2017120712,7.9,0,3.1,343.3,52.5,1019.3
2017120718,4.3,0,1.7,330,51.3,1020.3
2017120800,1.2,0,4.5,320,39.7,1020.2
2017120806,-0.7,0,4.5,308.2,30.5,1020.3
2017120812,2.7,0,4.1,318.4,20.2,1019.3
2017120818,0.2,0,3.4,347.5,27.7,1020.8
2017120900,-0.8,0,2.4,333.1,43.8,1021
2017120906,0,0,1.2,357.8,54.3,1021.2
2017120912,7,0,1.9,270,42.8,1018.7
2017120918,3.7,0,1.1,293.6,58.5,1019.7
2017121000,1.9,0,1.3,310.8,71.8,1018.2
2017121006,3.4,0,1,330,70.3,1015.5
2017121012,9.7,0,3,221.3,57.8,1010.9
2017121018,7.5,0,1.9,267.7,54.2,1012.4
2017121100,2.8,0,4.2,318.4,45.2,1016
2017121106,0.3,0,3.2,286.5,32,1019.1
2017121112,2.2,0,4.6,299.9,29,1017.8
2017121118,-2.5,0,3.4,299.9,40.2,1022.4
2017121200,-5.6,0,2.2,336.7,41.5,1025.8
2017121206,-5.9,0,3.3,299.9,30.7,1028.2
2017121212,-1.5,0,4.4,301.8,15.3,1026
2017121218,-3.6,0,2.2,325,19.5,1027.1
2017121300,-4.9,0,3.2,331.9,21.2,1027
2017121306,-3.8,0,3.8,348.8,18.3,1028.3
2017121312,1.6,0,4,318.1,10.3,1027
2017121318,-1.9,0,2.1,320.7,16.8,1029.4
2017121400,-4.1,0,2.6,343,26.2,1030.2
2017121406,-1.8,0,2.2,336.6,25,1031.5
2017121412,5.8,0,1.7,40.5,32.2,1028.5
2017121418,3.1,0,1.5,336.7,37.8,1028.9
2017121500,0.2,0,0.5,326.9,40.5,1027.8
2017121506,1.5,0,1.7,339.6,32.2,1026
2017121512,7.5,0,2.7,350,8,1022.9
2017121518,3.9,0,1.2,11.7,27.3,1023.3
2017121600,2.6,0,1,312.8,59.2,1022.5
2017121606,2.2,0,2.8,328.5,51.2,1022.6
2017121612,1.9,0,4.3,305,21.5,1022.5
2017121618,-1.4,0,3.3,299.9,27.8,1026.1
2017121700,-4.1,0,4.3,305,38.7,1027.7
2017121706,-4.3,0,4.2,313.4,30.3,1028.7
2017121712,0,0,4.8,299.9,19.2,1026.9
2017121718,-1.2,0,2.8,310.1,34.8,1028.4
2017121800,-3,0,2.4,342.6,47.3,1028.6
2017121806,-2,0,1.1,33.8,51.2,1029.3
2017121812,6.4,0,1.9,241.3,34.3,1026
2017121818,2.9,0,1.5,211.8,50.2,1026.6
2017121900,2.8,0,2.4,240,61.5,1025.8
2017121906,2.1,0,3.3,333.2,43.8,1028.2
2017121912,3.6,0,3.7,320,29.7,1027.9
2017121918,-0.5,0,2.7,326.6,29.3,1030.2
2017122000,-3,0,3.3,332.3,31.7,1030.4
2017122006,-1.7,0,3.2,349.8,40.5,1031.3
2017122012,4.4,0,2.2,1.3,28.7,1029.9
2017122018,1.4,0,1,18.9,39,1030.2
2017122100,-0.6,0,1.5,329.8,46.7,1029.8
2017122106,0.9,0,1.1,80,54.3,1030.6
2017122112,7.8,0,2.8,318.4,16,1028.2
2017122118,2.2,0,1.8,336.6,30.5,1028.5
2017122200,0.2,0,2.8,320,43.8,1027.2
2017122206,2.7,0,3,333.2,53.2,1027
2017122212,8.5,0,2.5,325.3,38.7,1024.8
2017122218,4.1,0,0.8,328.1,56.8,1025.2
2017122300,2.8,0,1.9,316.9,64.3,1025.3
2017122306,4.5,0,1.6,325,63.3,1025.5
2017122312,12.1,0,1.4,240,29.5,1022.3
2017122318,6.5,0,1.3,339.4,42.5,1021.6
2017122400,5.4,0,1,280.3,56.8,1020
2017122406,7.1,0,1.4,330.6,73.7,1013.9
2017122412,10.9,12.7,2.9,223.4,85.3,1005.8
2017122418,7.1,0,4.1,308.2,58.8,1010.1
2017122500,3,0,4.2,293.2,52.2,1015.8
2017122506,2.2,0,3.2,318.4,41.2,1019.3
2017122512,4.7,0,4.2,294.9,20.7,1019.8
2017122518,1.3,0,2,296.2,26.3,1022.3
2017122600,-0.8,0,1.1,280.4,48.3,1022.2
2017122606,1.9,0,1.2,239.6,58.3,1022.2
2017122612,5.4,0,4.6,294.9,38,1019.8
2017122618,1,0,4.1,321.8,17.3,1022.2
2017122700,-3.4,0,3.8,305,26.8,1025
2017122706,-3.7,0,3.3,316.8,27.7,1027.2
2017122712,1,0,3.7,315.1,13.2,1025.8
2017122718,-1.2,0,1.8,345.9,18.2,1026.8
2017122800,-2,0,3.1,325.3,21.5,1027.7
2017122806,-0.3,0,2.6,335.2,35.3,1028.7
2017122812,3.8,0,2,6.8,35.7,1026.8
2017122818,0.6,0,0.8,345.1,49.3,1026.6
2017122900,1,0,1.7,336.6,59.7,1025.3
2017122906,3.4,0,1.8,1.4,69.5,1025.4
2017122912,8.8,0,4,315.1,46.5,1023.4
2017122918,5.3,0,2.3,340,63,1025.8
2017123000,2.1,0,1.4,315,78.5,1026.7
2017123006,3,0,1,330.9,76.3,1027.2
2017123012,9.1,0,0.9,83.3,61.8,1023.2
2017123018,7,0,2,334.9,73,1020.9
2017123100,6.2,0,2.4,289.3,65.3,1018
2017123106,5.2,0,3.8,316.8,55.2,1019.2
2017123112,6.1,0,4.4,315.1,26.2,1020
2017123118,2.8,0,2.6,315.1,30.5,1022.9
